0,0,0,0,0,0,0,0,0,0,0,0,0,0,0,0,0,0,0,0,0,0,0,0,0,0,0,0,0,0,0,0,0,0,0,0,0,0,0,0,0,0,0,0,0,0,0,0,0,0,1,1,1,1,0,0,0,0,0,0,0,0,1,1,2,1,0,0,1,1,2,1,1,0,2,1,0,1,1,2,2,5,7,9,10,10,10,10,12,12,12,11,10,8,8,4,4,4,3,3,1,0,2,2,0,1,1,0,2,1,1,1,0,1,1,2,0,2,3,0,0,1,0,1,0,0,0,0,0,0,0,0,0,0,0,1,1,2,1,2,1,1,2,3,3,1,0,0,0,0,2,3,1,1,0,1,2,2,2,1,2,2,0,0,2,3,1,2,2,1,1,1,0,0,0,0,0,1,1,0,0,0,0,0,0,0,0,0,0,0,0,0,0,0,0,0,0,0,0,0,0,0,0,0,0,0,0,0,0,0,0,0,0,0,0,0,0,0,0,0,0,0,0,0,0,0,0,0,0,0,0,0,0,0,0,0,0,0,0,0
0,0,0,0,0,0,0,0,0,0,0,0,0,0,0,0,0,0,0,0,0,0,0,0,0,0,0,0,0,0,0,0,0,0,0,0,0,0,0,0,0,0,0,0,0,0,0,0,0,0,0,1,0,0,1,1,0,0,2,2,0,0,0,0,1,1,1,0,0,-1,0,1,6,7,6,10,13,16,19,21,22,24,24,24,23,23,23,24,24,24,24,24,24,23,23,24,23,22,20,17,14,10,8,6,2,2,2,1,0,0,0,0,1,0,0,1,3,0,1,3,1,3,3,4,4,6,6,6,7,7,8,9,11,12,13,14,14,14,14,14,15,15,15,15,14,13,12,10,9,7,5,5,4,3,1,0,0,1,1,1,0,1,3,2,0,0,1,3,2,0,0,0,1,0,0,1,2,3,2,0,0,0,0,0,0,0,0,0,0,0,0,0,0,0,0,0,0,0,0,0,0,0,0,0,0,0,0,0,0,0,0,0,0,0,0,0,0,0,0,0,0,0,0,0,0,0,0,0,0,0,0,0,0,0,0,0,0,0,0,0
0,0,0,0,0,0,0,0,0,0,0,0,0,0,0,0,0,0,0,0,0,0,0,0,0,0,0,0,0,0,0,0,0,0,0,0,0,0,0,0,0,0,0,0,0,0,1,0,0,0,0,1,1,1,1,1,2,2,1,2,2,0,0,0,0,0,1,5,7,10,13,15,19,21,23,24,25,25,25,25,25,25,26,26,26,25,26,26,26,26,26,26,26,26,26,26,25,26,26,26,24,23,22,20,17,15,14,12,10,7,5,1,1,0,0,0,0,3,4,0,7,16,19,19,20,20,21,21,22,23,23,23,23,23,23,23,23,24,24,24,24,24,24,24,24,24,23,23,23,22,22,21,19,17,14,11,9,6,2,0,0,2,3,0,0,1,0,0,1,1,1,1,2,1,0,0,0,1,1,0,0,0,0,0,0,0,0,0,0,0,0,0,0,0,0,0,0,0,0,0,0,0,0,0,0,0,0,0,0,0,0,0,0,0,0,0,0,0,0,0,0,0,0,0,0,0,0,0,0,0,0,0,0,0,0,0,0,0,0,0
0,0,0,0,0,0,0,0,0,0,0,0,0,0,0,0,0,0,0,0,0,0,0,0,0,0,0,0,0,0,0,0,0,0,0,0,0,0,0,0,0,0,0,0,0,0,0,0,1,1,2,2,2,1,1,1,2,2,0,0,0,2,5,9,13,15,17,20,22,24,25,25,26,26,26,26,26,26,26,26,26,26,26,26,26,26,26,26,26,26,26,26,26,26,26,26,26,26,26,26,26,26,26,26,26,26,25,24,22,21,18,15,13,11,11,10,6,3,0,10,22,27,27,26,26,26,26,26,26,26,26,26,26,26,26,25,25,25,25,25,25,25,26,26,25,26,26,26,26,26,26,25,25,25,24,24,23,22,21,19,17,15,10,6,4,1,3,1,0,2,2,1,0,0,1,0,0,0,0,0,0,0,0,0,0,0,0,0,0,0,0,0,0,0,0,0,0,0,0,0,0,0,0,0,0,0,0,0,0,0,0,0,0,0,0,0,0,0,0,0,0,0,0,0,0,0,0,0,0,0,0,0,0,0,0,0,0,0,0,0
0,0,0,0,0,0,0,0,0,0,0,0,0,0,0,0,0,0,0,0,0,0,0,0,0,0,0,0,0,0,0,0,0,0,0,0,0,0,0,0,0,0,0,0,0,0,1,1,0,0,0,1,1,1,1,0,0,1,4,8,13,16,19,21,23,24,25,25,26,26,26,25,25,25,26,26,25,25,25,26,26,26,26,26,26,26,26,26,26,26,26,26,26,26,26,26,26,26,26,26,26,25,26,26,25,25,25,25,25,24,23,22,22,22,24,25,24,18,17,23,27,27,26,26,26,26,26,26,26,26,26,26,25,25,25,25,25,25,25,25,25,25,25,25,25,26,26,26,26,26,25,25,25,25,25,25,26,25,25,25,25,24,23,22,20,18,12,9,5,3,2,0,1,0,0,1,1,2,1,0,0,0,0,0,0,0,0,0,0,0,0,0,0,0,0,0,0,0,0,0,0,0,0,0,0,0,0,0,0,0,0,0,0,0,0,0,0,0,0,0,0,0,0,0,0,0,0,0,0,0,0,0,0,0,0,0,0,0,0,0
0,0,0,0,0,0,0,0,0,0,0,0,0,0,0,0,0,0,0,0,0,0,0,0,0,0,0,0,0,0,0,0,0,0,0,0,0,0,0,0,0,0,0,0,0,0,0,0,0,1,2,1,2,1,-1,2,9,14,18,20,22,24,24,25,25,25,25,25,25,25,25,25,26,26,26,26,26,26,26,25,25,25,26,26,26,26,26,26,26,26,26,26,26,25,26,26,26,25,26,26,26,26,26,26,26,26,26,25,25,25,25,25,25,26,26,26,27,27,26,26,26,26,26,26,26,26,26,26,26,26,26,26,26,26,26,26,26,26,26,26,26,26,26,26,26,26,26,26,26,25,25,26,25,25,26,26,26,26,25,26,26,26,26,26,26,25,24,23,21,18,14,10,7,4,0,0,0,3,2,0,2,1,0,0,0,0,0,0,0,0,0,0,0,0,0,0,0,0,0,0,0,0,0,0,0,0,0,0,0,0,0,0,0,0,0,0,0,0,0,0,0,0,0,0,0,0,0,0,0,0,0,0,0,0,0,0,0,0,0,0
0,0,0,0,0,0,0,0,0,0,0,0,0,0,0,0,0,0,0,0,0,0,0,0,0,0,0,0,0,0,0,0,0,0,0,0,0,0,0,0,0,0,0,0,1,0,1,2,1,1,2,1,0,6,12,17,22,24,24,25,25,25,25,25,26,26,26,26,26,26,26,26,26,26,26,26,26,26,26,26,26,26,26,26,26,26,26,26,26,26,26,26,26,26,26,26,26,26,26,26,26,26,26,26,26,26,26,26,26,26,26,26,26,26,26,26,26,26,26,26,26,26,26,26,26,26,26,26,26,26,26,26,26,26,26,26,26,26,26,26,26,26,26,26,26,26,26,26,26,26,26,26,26,26,26,26,26,26,26,26,26,26,26,26,26,26,25,25,25,25,25,24,22,18,13,8,3,0,0,1,1,0,2,4,2,2,2,1,1,1,0,0,0,0,0,0,0,0,0,0,0,0,0,0,0,0,0,0,0,0,0,0,0,0,0,0,0,0,0,0,0,0,0,0,0,0,0,0,0,0,0,0,0,0,0,0,0,0,0,0
0,0,0,0,0,0,0,0,0,0,0,0,0,0,0,0,0,0,0,0,0,0,0,0,0,0,0,0,0,0,0,0,0,0,0,0,0,0,0,0,0,0,1,2,2,1,0,0,2,0,1,6,12,19,23,24,25,25,24,25,25,25,25,26,26,26,26,26,25,25,25,25,25,25,25,26,26,26,26,26,26,26,26,25,26,26,26,26,26,26,26,26,26,26,26,26,26,26,26,26,26,26,26,26,26,26,26,26,26,26,26,26,26,26,26,26,26,26,26,26,26,27,26,26,26,26,26,26,26,26,26,26,26,26,26,26,26,26,26,26,26,26,26,25,25,25,25,25,26,26,26,25,26,25,25,25,25,25,26,25,25,25,26,25,26,26,26,26,26,26,26,26,26,26,24,22,18,12,8,3,0,0,0,1,0,1,2,2,2,2,1,0,0,0,0,0,0,0,0,0,0,0,0,0,0,0,0,0,0,0,0,0,0,0,0,0,0,0,0,0,0,0,0,0,0,0,0,0,0,0,0,0,0,0,0,0,0,0,0,0
0,0,0,0,0,0,0,0,0,0,0,0,0,0,0,0,0,0,0,0,0,0,0,0,0,0,0,0,0,0,0,0,0,0,0,0,0,0,0,0,0,0,0,0,1,1,1,2,0,4,11,18,22,24,24,24,25,25,24,25,25,25,25,26,26,26,25,25,25,25,25,25,26,26,26,25,25,26,26,26,26,26,26,26,26,26,26,26,26,26,25,25,25,25,25,25,25,25,25,25,25,26,26,26,26,25,26,26,26,26,26,26,26,26,26,26,26,26,26,26,26,26,26,26,26,26,26,26,26,26,26,26,25,25,25,25,25,25,25,25,25,25,25,25,25,25,25,25,25,25,25,25,25,25,25,25,25,25,25,25,25,25,25,25,26,26,25,25,26,26,26,25,26,25,26,26,25,24,21,16,10,5,2,0,0,1,0,0,1,1,0,0,0,0,0,0,0,0,0,0,0,0,0,0,0,0,0,0,0,0,0,0,0,0,0,0,0,0,0,0,0,0,0,0,0,0,0,0,0,0,0,0,0,0,0,0,0,0,0,0
0,0,0,0,0,0,0,0,0,0,0,0,0,0,0,0,0,0,0,0,0,0,0,0,0,0,0,0,0,0,0,0,0,0,0,0,0,0,0,0,0,0,0,0,0,2,2,2,9,17,22,24,25,25,25,25,26,25,25,25,26,26,25,26,26,26,26,26,26,26,26,26,26,26,26,26,26,26,26,25,25,25,25,25,25,25,25,25,25,25,25,25,25,25,25,25,25,25,25,25,25,25,26,26,26,25,26,26,26,26,26,26,26,26,26,26,26,26,26,26,26,26,25,25,25,25,25,25,25,25,25,25,25,24,25,25,24,24,25,25,25,25,25,25,25,25,25,25,25,25,25,25,25,25,26,26,26,26,26,25,25,26,26,26,26,26,26,25,26,26,26,26,26,26,26,26,25,25,25,24,23,20,15,9,3,0,1,1,0,0,1,1,1,1,0,0,0,0,0,0,0,0,0,0,0,0,0,0,0,0,0,0,0,0,0,0,0,0,0,0,0,0,0,0,0,0,0,0,0,0,0,0,0,0,0,0,0,0,0,0
0,0,0,0,0,0,0,0,0,0,0,0,0,0,0,0,0,0,0,0,0,0,0,0,0,0,0,0,0,0,0,0,0,0,0,0,0,0,0,0,0,1,1,0,0,0,1,11,21,25,24,25,25,25,25,25,25,25,25,26,26,26,25,26,26,26,26,26,26,26,26,26,26,26,26,25,25,25,25,25,25,25,25,25,25,25,25,25,25,25,25,26,26,25,25,25,25,25,25,25,25,24,25,25,25,25,26,26,26,26,26,26,26,26,26,26,26,25,25,25,24,25,25,24,24,24,24,24,24,25,24,24,24,24,24,25,24,25,24,25,25,25,25,25,25,25,25,25,25,25,24,24,24,24,24,24,24,25,25,25,25,25,25,25,26,26,26,26,26,26,26,26,26,26,26,26,26,25,25,25,25,25,23,21,17,11,4,0,0,1,2,1,0,0,0,0,0,0,0,0,0,0,0,0,0,0,0,0,0,0,0,0,0,0,0,0,0,0,0,0,0,0,0,0,0,0,0,0,0,0,0,0,0,0,0,0,0,0,0,0
0,0,0,0,0,0,0,0,0,0,0,0,0,0,0,0,0,0,0,0,0,0,0,0,0,0,0,0,0,0,0,0,0,0,0,0,0,0,0,0,1,1,0,1,1,5,12,19,24,25,25,25,24,24,25,25,25,26,26,26,26,26,26,26,26,26,26,25,25,25,25,25,25,25,25,25,25,25,24,25,25,25,25,25,26,25,25,25,26,25,25,25,25,25,24,25,25,25,25,25,25,25,26,25,25,25,25,25,25,25,25,25,25,25,25,25,25,24,24,23,23,22,22,21,20,20,21,21,22,23,22,22,22,22,23,24,24,24,25,25,25,25,25,25,25,25,25,25,25,25,25,25,24,24,24,23,23,23,24,24,24,24,24,24,25,25,25,25,26,26,26,26,26,25,25,25,26,25,25,25,25,25,25,25,23,20,16,11,4,0,0,1,0,0,1,0,0,0,0,1,1,1,0,0,0,0,0,0,0,0,0,0,0,0,0,0,0,0,0,0,0,0,0,0,0,0,0,0,0,0,0,0,0,0,0,0,0,0,0,0
0,0,0,0,0,0,0,0,0,0,0,0,0,0,0,0,0,0,0,0,0,0,0,0,0,0,0,0,0,0,0,0,0,0,0,0,0,0,1,2,1,1,2,1,8,18,24,25,25,25,25,25,25,26,26,25,26,26,26,26,26,26,26,26,26,25,25,25,26,26,25,25,25,25,26,26,25,25,25,26,26,26,26,26,26,26,25,26,25,25,25,24,23,22,21,20,20,21,20,20,20,20,19,18,17,16,15,16,17,17,18,18,18,18,18,18,17,16,15,14,13,12,11,10,10,10,10,10,11,13,13,13,14,15,18,19,22,22,22,22,23,23,24,24,25,25,25,25,25,26,26,25,25,25,25,25,25,25,24,24,24,24,24,24,25,24,24,25,25,26,25,25,26,25,25,26,26,26,26,26,25,25,25,25,24,24,22,20,15,9,4,2,1,1,0,3,2,1,2,2,0,1,0,0,0,0,0,0,0,0,0,0,0,0,0,0,0,0,0,0,0,0,0,0,0,0,0,0,0,0,0,0,0,0,0,0,0,0,0,0
0,0,0,0,0,0,0,0,0,0,0,0,0,0,0,0,0,0,0,0,0,0,0,0,0,0,0,0,0,0,0,0,0,0,0,0,0,0,0,1,1,0,1,6,19,25,25,24,25,25,24,25,26,26,26,25,26,26,26,26,26,26,26,25,25,25,25,25,25,25,25,25,25,25,26,26,26,26,25,26,26,26,26,26,25,25,25,25,25,25,25,23,20,16,14,12,12,12,11,9,8,7,7,6,5,4,4,5,6,6,6,7,7,7,7,7,7,7,6,5,5,6,5,6,6,5,6,5,6,8,8,8,9,11,13,14,16,17,19,20,21,22,22,23,24,24,24,24,24,24,25,25,25,26,26,26,26,26,25,25,25,25,25,25,26,26,25,25,25,25,25,25,26,26,26,26,26,26,25,25,25,25,25,25,24,24,24,23,22,20,16,9,1,0,0,0,0,0,1,2,0,0,0,0,0,0,0,0,0,0,0,0,0,0,0,0,0,0,0,0,0,0,0,0,0,0,0,0,0,0,0,0,0,0,0,0,0,0,0,0
0,0,0,0,0,0,0,0,0,0,0,0,0,0,0,0,0,0,0,0,0,0,0,0,0,0,0,0,0,0,0,0,0,0,0,0,0,0,0,2,1,0,10,20,24,25,25,24,25,25,25,25,26,26,26,25,26,26,26,26,25,25,25,25,25,25,25,25,25,25,25,25,25,25,25,25,25,25,25,26,26,25,25,25,24,24,24,24,24,23,22,19,14,10,9,7,7,7,6,5,4,4,3,3,4,4,5,4,4,4,4,4,4,5,5,5,5,5,6,6,5,5,5,6,6,6,6,6,6,6,6,7,7,9,9,10,9,10,12,14,17,19,20,20,20,20,20,20,21,22,23,24,25,25,25,25,25,25,25,25,25,25,25,25,25,25,25,25,25,25,25,25,26,26,26,25,25,26,26,26,25,25,25,25,25,25,24,24,23,23,22,19,15,9,2,0,2,3,1,1,0,0,0,0,0,0,0,0,0,0,0,0,0,0,0,0,0,0,0,0,0,0,0,0,0,0,0,0,0,0,0,0,0,0,0,0,0,0,0,0
0,0,0,0,0,0,0,0,0,0,0,0,0,0,0,0,0,0,0,0,0,0,0,0,0,0,0,0,0,0,0,0,0,0,0,0,0,0,0,2,1,12,21,25,24,24,25,26,26,26,26,25,26,26,26,26,26,26,25,25,25,25,25,25,25,26,26,26,26,25,25,25,24,24,24,25,25,25,25,25,24,23,23,22,22,21,21,21,20,19,15,10,7,6,6,6,6,6,6,6,5,5,5,5,6,6,6,6,6,6,5,5,5,5,5,5,5,4,4,4,4,4,5,5,4,4,4,5,5,4,4,5,6,6,5,5,5,5,5,8,11,14,16,17,18,18,18,18,18,19,18,19,21,22,22,22,23,23,24,25,25,25,25,25,25,25,24,25,25,25,25,25,25,26,26,26,25,25,26,26,26,26,26,25,25,25,25,25,24,24,23,22,21,17,12,3,0,1,1,1,0,1,0,0,0,0,0,0,0,0,0,0,0,0,0,0,0,0,0,0,0,0,0,0,0,0,0,0,0,0,0,0,0,0,0,0,0,0,0,0
0,0,0,0,0,0,0,0,0,0,0,0,0,0,0,0,0,0,0,0,0,0,0,0,0,0,0,0,0,0,0,0,0,0,0,0,0,0,1,0,10,22,26,25,25,26,26,25,25,26,26,25,26,26,26,26,26,26,25,25,25,25,26,26,26,26,26,26,26,26,25,25,25,24,24,24,23,21,18,16,15,15,16,16,16,15,14,13,13,12,10,5,5,6,5,5,5,4,4,5,4,4,5,5,5,4,3,4,5,5,5,5,5,5,5,5,5,5,5,5,5,5,5,5,5,6,5,5,5,4,5,6,6,5,5,4,6,6,5,5,5,6,8,10,12,14,15,15,15,16,13,13,15,18,19,19,19,19,20,21,22,23,24,23,23,24,23,24,25,26,26,26,26,25,26,26,25,26,26,26,26,26,25,26,26,25,25,26,25,24,24,23,22,21,20,15,5,0,0,0,1,0,0,0,0,0,0,0,0,0,0,0,0,0,0,0,0,0,0,0,0,0,0,0,0,0,0,0,0,0,0,0,0,0,0,0,0,0,0,0
0,0,0,0,0,0,0,0,0,0,0,0,0,0,0,0,0,0,0,0,0,0,0,0,0,0,0,0,0,0,0,0,0,0,0,0,2,1,-1,9,20,26,25,24,25,26,25,25,25,25,25,25,26,26,26,26,26,26,26,26,26,26,25,25,25,26,26,26,26,26,25,25,24,23,21,20,19,16,13,10,10,11,13,13,12,10,8,6,7,7,7,5,5,5,4,5,5,5,5,4,5,5,5,5,5,5,4,3,3,4,4,4,4,4,4,5,4,4,4,4,4,4,4,4,4,4,4,4,4,4,4,5,5,4,4,4,5,5,5,5,5,5,5,6,7,8,10,11,12,14,13,12,13,15,16,16,16,16,15,14,15,15,15,15,16,17,18,20,22,24,25,25,26,26,26,26,26,26,25,26,26,26,26,26,26,26,25,25,25,24,24,24,23,22,24,22,16,5,0,2,0,1,0,0,0,0,1,0,0,0,0,0,0,0,0,0,0,0,0,0,0,0,0,0,0,0,0,0,0,0,0,0,0,0,0,0,0,0,0,0
0,0,0,0,0,0,0,0,0,0,0,0,0,0,0,0,0,0,0,0,0,0,0,0,0,0,0,0,0,0,0,0,2,0,0,0,2,0,9,18,24,25,25,25,25,24,24,24,23,24,25,26,25,26,26,26,26,26,26,26,26,26,26,26,26,26,25,25,25,24,23,21,20,18,17,16,15,13,12,11,10,10,10,9,8,6,5,4,4,5,5,4,4,4,4,4,4,4,5,5,4,4,4,4,4,4,4,4,4,4,4,4,4,4,4,4,4,4,4,4,4,4,4,4,4,4,4,4,4,4,5,5,5,4,4,4,5,5,4,5,5,5,5,5,5,4,6,6,8,11,13,13,13,13,13,12,11,11,11,12,12,11,10,9,10,11,11,12,14,17,19,21,23,25,25,26,26,26,25,25,26,26,26,26,26,26,25,25,25,25,25,24,24,24,24,24,24,17,5,0,2,4,1,0,1,1,0,0,1,0,0,0,0,0,0,0,0,0,0,0,0,0,0,0,0,0,0,0,0,0,0,0,0,0,0,0,0,0,0,0
0,0,0,0,0,0,0,0,0,0,0,0,0,0,0,0,0,0,0,0,0,0,0,0,0,0,0,0,0,0,0,1,1,0,1,1,-1,6,18,24,26,25,25,24,24,23,22,21,23,25,25,26,26,26,26,26,26,26,27,26,26,26,26,26,25,24,22,20,19,17,15,14,13,13,12,11,11,11,11,9,8,8,7,6,6,5,5,5,5,5,5,5,4,4,4,4,4,4,4,4,4,5,4,4,4,4,4,4,4,4,4,4,4,4,4,4,4,4,4,4,4,4,4,4,4,4,4,4,4,5,4,4,4,4,4,4,4,5,5,5,5,5,5,5,5,5,6,6,7,10,12,12,13,13,13,13,12,12,13,13,12,12,10,10,10,10,10,10,9,10,11,13,14,17,19,22,24,26,27,26,26,26,26,26,26,26,26,26,26,26,26,25,25,25,25,25,25,25,20,6,0,1,1,1,2,1,0,0,0,0,0,0,0,0,0,0,0,0,0,0,0,0,0,0,0,0,0,0,0,0,0,0,0,0,0,0,0,0,0,0
0,0,0,0,0,0,0,0,0,0,0,0,0,0,0,0,0,0,0,0,0,0,0,0,0,0,0,0,0,0,0,1,0,2,0,0,2,14,23,26,25,24,24,24,23,21,20,21,25,26,25,25,26,26,26,26,26,26,26,25,25,24,23,21,19,16,14,12,11,9,7,7,8,8,8,7,8,9,10,9,8,7,7,6,6,5,5,5,5,4,4,4,4,4,4,4,4,4,4,4,4,4,4,4,4,4,4,4,4,4,4,4,4,4,4,4,4,4,4,4,4,4,4,4,4,4,4,4,5,5,5,4,4,4,4,4,4,5,5,5,5,5,5,5,5,5,6,6,8,10,12,12,12,13,13,14,14,14,15,15,15,15,13,12,12,11,11,11,10,8,8,9,10,10,10,11,15,19,22,24,26,26,26,26,26,26,26,26,26,25,25,25,25,25,25,26,24,25,26,19,6,0,0,3,2,0,0,0,0,0,0,0,0,0,0,0,0,0,0,0,0,0,0,0,0,0,0,0,0,0,0,0,0,0,0,0,0,0,0,0
0,0,0,0,0,0,0,0,0,0,0,0,0,0,0,0,0,0,0,0,0,0,0,0,0,0,0,0,0,0,0,1,1,2,0,1,13,22,25,24,24,24,24,23,22,20,21,24,26,26,25,26,26,26,26,26,26,25,24,23,22,20,18,15,13,11,10,10,10,9,8,9,8,8,8,8,9,10,10,9,9,8,6,5,6,6,5,4,5,5,5,5,5,5,4,4,4,4,4,5,4,4,4,4,4,4,4,3,3,4,4,4,4,4,4,4,4,4,4,4,4,4,4,4,4,4,4,4,5,5,5,5,4,4,4,4,5,5,4,5,5,5,5,5,4,5,6,7,8,11,12,13,14,14,14,14,15,16,17,17,17,16,15,15,13,13,12,10,10,9,10,10,9,8,7,7,7,9,11,15,21,24,25,26,26,25,26,26,26,25,25,25,25,25,25,25,25,25,25,25,17,6,2,2,1,0,1,1,0,0,0,0,0,0,0,0,0,0,0,0,0,0,0,0,0,0,0,0,0,0,0,0,0,0,0,0,0,0,0,0
0,0,0,0,0,0,0,0,0,0,0,0,0,0,0,0,0,0,0,0,0,0,0,0,0,0,0,0,0,0,0,1,2,1,2,8,20,26,25,24,24,25,24,22,22,23,25,26,26,26,26,26,26,27,26,24,20,17,16,15,15,15,14,11,10,9,10,10,10,9,9,11,12,12,11,11,11,11,11,9,9,8,7,6,5,4,4,5,5,5,5,4,4,4,4,4,4,4,4,4,4,4,4,4,4,4,4,4,4,4,4,4,4,4,4,4,4,4,4,4,4,4,4,4,4,4,4,4,5,5,5,5,4,4,4,4,5,5,5,5,5,5,5,5,4,5,6,7,9,11,13,14,15,15,14,15,16,17,18,18,18,18,17,17,16,15,14,13,12,11,10,9,8,8,8,7,6,7,7,8,12,16,19,23,25,25,26,26,27,27,26,26,26,25,25,25,25,25,26,26,25,16,4,1,0,1,1,0,1,0,0,0,0,0,0,0,0,0,0,0,0,0,0,0,0,0,0,0,0,0,0,0,0,0,0,0,0,0,0,0
0,0,0,0,0,0,0,0,0,0,0,0,0,0,0,0,0,0,0,0,0,0,0,0,0,0,0,0,0,0,0,0,4,1,4,17,25,25,24,23,24,24,23,23,23,24,25,25,26,26,26,26,25,22,18,13,10,8,9,9,10,11,11,10,8,8,8,9,10,10,12,15,15,14,14,13,13,13,12,11,10,10,9,7,5,4,5,5,5,5,5,5,5,5,4,4,4,4,4,4,4,4,4,4,4,3,3,3,4,4,4,4,3,4,4,4,4,4,4,4,5,4,4,4,4,4,4,4,4,5,5,5,5,5,4,5,5,5,5,5,5,5,5,5,4,5,6,7,9,12,13,15,15,15,15,16,17,19,19,20,20,20,19,19,19,19,18,18,17,15,13,11,10,11,11,9,8,8,7,7,7,7,11,16,20,22,24,26,27,27,26,26,26,26,26,26,25,26,26,26,25,22,14,4,0,0,2,0,1,0,0,0,0,0,0,0,0,0,0,0,0,0,0,0,0,0,0,0,0,0,0,0,0,0,0,0,0,0,0,0
0,0,0,0,0,0,0,0,0,0,0,0,0,0,0,0,0,0,0,0,0,0,0,0,0,0,0,0,0,1,2,0,0,1,13,23,24,22,22,23,24,23,23,23,24,25,25,25,26,25,24,22,19,14,9,6,7,7,7,7,8,9,11,11,10,10,11,13,15,16,18,20,20,18,15,15,14,14,14,13,12,11,9,7,6,4,4,5,5,4,4,4,4,4,4,4,4,4,4,4,4,4,4,4,4,4,4,4,4,4,3,3,3,3,4,4,5,4,4,4,5,5,4,4,4,4,4,4,4,4,4,5,5,5,5,4,4,4,4,5,5,5,5,5,5,6,7,9,10,11,13,14,15,16,16,17,19,20,20,21,21,21,20,20,20,20,19,19,19,18,16,15,14,15,14,12,10,9,8,6,6,5,6,9,11,15,19,23,25,25,25,26,26,26,26,25,25,25,26,26,26,25,21,10,1,1,3,1,1,0,0,0,0,0,0,0,0,0,0,0,0,0,0,0,0,0,0,0,0,0,0,0,0,0,0,0,0,0,0,0
0,0,0,0,0,0,0,0,0,0,0,0,0,0,0,0,0,0,0,0,0,0,0,0,0,1,0,0,0,0,2,3,2,6,19,23,22,22,23,24,24,23,23,25,25,26,25,26,25,22,18,13,9,7,7,8,8,7,7,8,11,13,15,14,13,14,14,16,18,20,21,21,20,18,16,16,16,16,16,15,14,12,10,8,6,6,5,5,5,4,4,4,4,4,4,4,4,4,4,4,4,4,4,4,4,4,4,4,4,4,4,5,5,6,6,5,5,4,4,4,5,5,4,4,4,4,4,4,4,4,4,4,5,5,5,4,4,4,4,5,5,5,5,6,6,7,8,10,11,11,13,14,16,17,17,17,19,20,21,22,22,22,21,21,22,22,21,21,21,20,19,18,18,18,17,17,15,13,11,10,9,9,8,8,6,9,14,18,22,24,25,26,26,26,26,26,26,25,26,26,26,25,23,14,2,1,1,0,0,0,0,0,0,0,0,0,0,0,0,0,0,0,0,0,0,0,0,0,0,0,0,0,0,0,0,0,0,0,0,0
0,0,0,0,0,0,0,0,0,0,0,0,0,0,0,0,0,0,0,0,0,0,0,0,0,1,0,0,0,0,1,1,2,15,21,21,21,23,24,24,24,24,25,25,25,26,25,23,19,14,11,7,7,7,7,8,7,7,11,13,16,18,19,17,16,17,18,19,20,22,23,22,21,19,17,17,17,18,17,17,16,14,12,9,8,6,6,5,5,5,4,4,4,4,4,4,4,4,4,4,4,4,4,4,4,4,4,4,4,4,4,5,7,8,7,5,4,4,4,4,5,5,4,4,4,4,4,4,4,4,4,4,4,5,5,4,4,4,5,5,5,5,5,6,7,8,10,11,12,12,12,13,17,18,18,18,19,21,22,23,23,23,23,22,23,23,23,22,23,22,21,21,21,20,20,21,21,18,16,14,11,9,7,6,6,6,8,11,15,20,23,25,26,26,26,26,26,25,26,26,25,26,25,17,4,2,1,0,1,0,0,0,0,0,0,0,0,0,0,0,0,0,0,0,0,0,0,0,0,0,0,0,0,0,0,0,0,0,0,0
0,0,0,0,0,0,0,0,0,0,0,0,0,0,0,0,0,0,0,0,0,0,0,0,0,0,0,0,0,0,0,1,6,18,20,20,22,23,24,24,24,25,25,25,25,24,22,17,13,8,7,8,9,8,7,8,11,14,18,19,20,21,20,19,18,20,21,21,21,22,23,23,21,19,18,18,18,18,17,17,16,14,12,10,8,7,6,5,5,5,5,4,4,4,4,4,4,4,3,4,4,4,4,4,4,4,4,4,4,4,4,5,6,7,7,5,4,4,4,4,5,5,4,4,4,4,4,4,4,4,4,4,5,5,5,4,4,4,4,5,5,5,6,7,8,10,12,13,14,15,15,15,17,18,19,19,20,21,22,23,24,23,23,23,23,23,23,23,23,23,22,22,23,22,22,22,23,22,21,18,15,13,9,6,6,7,7,7,10,14,18,22,25,26,26,26,26,25,25,26,26,26,25,19,5,0,1,0,1,0,0,0,0,0,0,0,0,0,0,0,0,0,0,0,0,0,0,0,0,0,0,0,0,0,0,0,0,0,0,0
0,0,0,0,0,0,0,0,0,0,0,0,0,0,0,0,0,0,0,0,0,0,0,0,0,0,0,0,1,1,1,0,11,18,19,21,24,24,24,24,25,25,24,23,23,21,17,12,8,7,7,7,8,9,10,14,19,22,24,23,23,23,22,21,21,22,23,24,24,24,23,22,21,20,19,18,19,18,18,17,16,15,13,10,9,7,6,6,5,5,5,4,4,4,4,4,4,4,4,4,4,4,4,4,4,4,4,4,4,4,3,3,4,5,5,5,5,4,3,4,5,5,4,4,4,4,4,4,4,4,4,4,5,5,5,4,4,4,5,5,5,5,5,7,8,9,11,14,16,17,18,17,17,19,20,21,21,22,23,24,24,24,23,23,24,24,23,24,24,24,24,24,24,24,23,23,23,23,23,22,21,20,16,11,7,7,8,8,7,8,11,17,21,23,25,26,26,25,26,27,26,26,26,21,8,2,2,0,1,0,0,0,0,0,0,0,0,0,0,0,0,0,0,0,0,0,0,0,0,0,0,0,0,0,0,0,0,0,0,0
0,0,0,0,0,0,0,0,0,0,0,0,0,0,0,0,0,0,0,0,0,0,0,0,1,0,1,1,1,0,1,1,12,16,21,24,25,25,24,24,25,24,23,22,21,17,12,8,6,8,8,8,11,15,19,22,24,24,24,24,24,24,23,23,24,24,24,24,24,23,23,22,21,20,19,19,19,20,19,18,17,15,13,11,9,9,6,6,6,5,5,5,4,5,4,4,4,4,4,4,4,4,4,4,4,4,4,4,4,4,3,4,4,6,6,5,5,4,4,4,5,5,4,4,4,4,4,4,4,4,4,4,5,5,4,5,4,4,5,5,5,5,5,7,8,9,11,15,17,19,20,20,20,21,22,22,22,23,24,24,24,24,24,24,24,24,23,24,24,24,25,25,25,25,24,24,25,24,24,24,24,24,22,17,11,8,7,7,8,8,8,10,14,19,22,25,26,25,25,26,26,26,26,24,12,3,1,1,0,0,0,0,0,0,0,0,0,0,0,0,0,0,0,0,0,0,0,0,0,0,0,0,0,0,0,0,0,0,0,0
0,0,0,0,0,0,0,0,0,0,0,0,0,0,0,0,0,0,0,0,0,0,0,0,1,0,0,1,0,1,0,2,11,18,23,24,25,25,25,25,24,23,21,19,16,11,8,6,7,8,9,13,18,21,24,25,25,25,24,24,24,24,24,24,24,24,24,23,23,22,21,21,21,20,19,20,21,20,19,18,17,15,14,12,11,10,7,7,5,5,5,5,5,4,4,3,3,3,3,3,4,4,4,4,4,4,4,4,4,4,3,4,5,7,7,6,5,4,4,4,4,4,3,4,5,5,6,6,5,4,4,4,5,5,5,5,5,4,4,5,5,7,8,11,11,13,15,16,18,20,21,21,22,22,22,22,22,23,24,24,24,24,24,24,24,24,23,23,24,24,24,24,25,25,25,24,25,25,25,25,25,24,23,21,16,11,8,8,9,8,6,7,9,13,17,23,25,25,25,26,25,25,26,24,16,3,2,0,1,0,0,0,0,0,0,0,0,0,0,0,0,0,0,0,0,0,0,0,0,0,0,0,0,0,0,0,0,0,0,0
0,0,0,0,0,0,0,0,0,0,0,0,0,0,0,0,0,0,0,0,0,0,0,0,0,1,0,0,0,2,0,4,15,22,25,24,24,25,25,24,22,21,18,15,11,8,7,4,8,13,17,20,23,25,25,25,25,25,25,25,25,25,25,25,25,24,24,24,23,22,22,22,22,21,20,21,22,21,19,18,17,16,15,14,12,11,9,8,5,5,5,5,5,5,4,4,4,4,4,4,4,4,4,4,4,4,4,4,4,4,3,4,5,7,7,6,5,4,4,4,4,4,3,5,5,5,6,6,5,4,4,3,3,3,4,5,5,4,4,6,8,11,14,17,18,19,19,20,21,23,23,23,23,23,23,23,23,23,24,24,24,25,25,25,24,24,24,24,25,25,25,25,26,25,25,25,25,25,25,25,26,25,24,24,21,17,12,9,8,7,7,9,9,10,13,19,23,25,26,26,25,25,26,24,19,5,1,2,0,0,0,0,0,0,0,0,0,0,0,0,0,0,0,0,0,0,0,0,0,0,0,0,0,0,0,0,0,0,0,0
0,0,0,0,0,0,0,0,0,0,0,0,0,0,0,0,0,0,0,0,0,0,0,0,0,0,0,0,1,2,0,9,21,25,24,24,24,24,24,22,20,17,14,11,8,7,7,7,13,20,23,24,25,26,26,25,25,25,25,26,26,26,26,25,25,25,25,25,24,24,23,23,22,22,22,23,23,22,21,20,19,18,17,16,13,11,9,8,6,5,5,5,5,5,5,5,5,5,5,5,5,5,4,4,4,4,4,4,4,4,3,3,4,6,7,5,5,4,4,4,4,4,5,7,7,7,7,7,6,5,5,4,4,4,5,5,5,5,6,8,10,12,15,19,21,23,23,24,25,26,25,25,25,25,25,24,24,24,25,25,25,25,25,25,25,25,25,25,25,26,25,25,26,26,26,26,26,26,25,26,26,26,25,26,25,22,17,11,8,8,8,10,12,11,13,16,21,23,25,26,25,25,26,25,20,11,1,2,0,1,0,0,0,0,0,0,0,0,0,0,0,0,0,0,0,0,0,0,0,0,0,0,0,0,0,0,0,0,0,0
0,0,0,0,0,0,0,0,0,0,0,0,0,0,0,0,0,0,0,0,0,0,0,0,1,0,1,0,0,-1,4,15,23,24,23,23,24,23,22,19,16,13,10,8,7,7,11,16,21,24,25,24,25,25,25,26,26,26,25,25,26,26,26,26,25,25,25,25,25,24,24,24,23,23,23,24,24,23,22,21,20,19,18,17,14,12,10,9,7,5,5,4,4,4,5,4,4,4,4,4,4,4,4,4,4,4,4,4,4,4,4,4,4,5,6,5,4,4,4,4,5,5,6,8,8,9,9,9,8,6,6,6,6,6,6,6,6,5,7,8,8,10,12,17,21,24,24,25,25,25,25,25,25,25,25,25,24,25,25,25,25,25,25,25,25,25,25,25,26,26,26,26,26,26,26,26,26,26,26,25,26,26,26,26,26,25,21,15,10,9,9,11,13,14,16,17,20,22,24,25,25,25,25,25,22,16,10,2,0,1,1,0,0,0,0,0,0,0,0,0,0,0,0,0,0,0,0,0,0,0,0,0,0,0,0,0,0,0,0,0
0,0,0,0,0,0,0,0,0,0,0,0,0,0,0,0,0,0,0,0,0,0,0,0,2,0,2,1,0,2,11,20,22,22,23,23,22,20,18,15,12,9,6,7,6,9,16,22,24,25,25,26,26,26,26,26,26,26,26,26,26,26,26,26,25,25,25,25,25,25,25,24,24,24,24,25,24,24,23,22,22,21,20,19,17,13,11,10,7,6,5,5,4,4,5,4,4,4,3,4,4,5,5,4,4,4,4,4,4,5,4,4,4,5,5,4,5,3,4,4,5,5,6,9,10,10,11,11,9,8,8,9,9,8,7,7,7,7,7,8,8,9,11,15,19,23,24,24,24,24,24,24,25,25,25,25,25,25,25,25,26,26,26,25,25,25,25,25,26,26,26,26,26,26,26,26,25,26,25,25,26,25,25,25,25,26,24,19,13,10,9,11,13,16,18,20,21,22,24,25,25,25,24,24,23,20,16,3,0,1,1,1,0,0,0,0,0,0,0,0,0,0,0,0,0,0,0,0,0,0,0,0,0,0,0,0,0,0,0,0
0,0,0,0,0,0,0,0,0,0,0,0,0,0,0,0,0,1,0,0,0,0,0,0,0,2,0,1,0,8,18,21,21,22,24,24,22,18,15,12,9,7,7,7,8,14,21,24,25,25,26,26,26,26,26,26,26,26,26,26,26,26,26,26,26,26,26,25,25,25,25,25,25,25,25,25,25,25,24,24,23,22,21,20,19,16,13,11,9,8,7,6,5,5,5,5,5,5,4,5,4,4,5,4,4,4,4,3,3,5,4,4,4,4,4,4,4,3,4,4,5,6,8,11,12,13,14,14,13,11,12,13,13,11,9,7,8,7,7,8,6,7,9,13,16,19,23,24,24,24,24,25,25,25,25,25,25,25,25,26,26,26,26,26,26,26,25,26,26,26,26,26,26,26,26,26,26,26,26,26,25,25,26,26,26,25,25,23,16,10,8,10,13,18,21,22,23,24,24,25,25,25,25,25,24,22,19,2,1,1,1,1,1,0,0,0,0,0,0,0,0,0,0,0,0,0,0,0,0,0,0,0,0,0,0,0,0,0,0,0
0,0,0,0,0,0,0,0,0,0,0,0,0,0,0,0,0,0,0,0,0,0,0,0,1,2,0,1,7,14,19,21,22,23,25,24,21,17,15,12,10,8,9,8,11,18,23,25,25,25,25,26,26,26,26,26,26,26,26,26,26,26,26,26,26,26,26,26,26,26,25,25,25,25,25,25,25,25,24,24,24,23,22,22,20,18,15,13,11,9,8,7,7,6,7,7,6,6,7,8,7,6,7,6,6,6,6,6,6,5,4,4,4,4,4,4,4,4,3,4,6,8,11,12,14,15,16,17,16,15,15,16,15,13,10,9,8,7,7,7,6,7,8,11,14,19,22,24,24,24,24,24,25,25,25,25,25,25,26,26,26,26,26,26,26,26,26,26,26,26,26,26,26,26,26,26,26,26,26,25,25,25,26,26,26,25,25,23,17,10,9,10,11,17,23,24,24,24,24,25,25,25,25,25,25,24,20,7,2,0,1,1,2,1,0,1,0,0,0,0,0,0,0,0,0,0,0,0,0,0,0,0,0,0,0,0,0,0,0,0
0,0,0,0,0,0,0,0,0,0,0,0,0,0,0,0,0,0,0,0,0,0,0,0,1,2,1,5,13,18,20,22,23,24,25,24,21,18,17,14,10,9,9,8,14,21,25,26,26,26,26,26,26,26,26,26,26,26,26,26,26,26,26,26,26,26,26,25,25,25,25,25,25,25,25,25,25,25,24,24,24,23,23,23,22,20,18,15,13,11,9,8,7,7,7,7,7,7,8,10,10,9,9,8,8,7,8,8,7,5,4,4,5,5,4,3,4,5,3,5,7,10,12,12,14,15,17,18,18,18,17,17,16,15,12,10,9,8,7,6,6,7,8,10,13,19,22,23,24,24,24,24,25,25,25,25,25,25,25,25,25,25,25,26,26,26,26,26,26,26,26,26,26,26,26,26,26,26,26,25,26,26,26,26,26,25,25,25,18,10,9,9,8,16,22,25,24,25,25,25,25,25,25,25,25,24,19,10,0,2,2,0,1,3,0,0,0,0,0,0,0,0,0,0,0,0,0,0,0,0,0,0,0,0,0,0,0,0,0,0
0,0,0,0,0,0,0,0,0,0,0,0,0,0,0,0,0,0,0,0,0,0,0,1,2,2,3,10,18,21,23,24,24,24,25,24,23,23,22,17,11,9,10,10,18,24,25,25,26,26,26,26,26,26,26,26,26,26,26,26,26,26,26,26,26,25,25,25,25,25,25,26,26,26,25,26,26,25,25,25,25,24,24,24,24,22,18,15,12,10,8,7,7,7,7,8,8,8,9,11,12,11,9,8,8,9,10,10,8,6,5,4,5,5,4,4,5,5,3,5,8,11,13,12,13,15,15,17,19,19,18,18,18,17,14,11,10,9,8,7,7,8,8,9,13,18,21,23,23,23,23,24,24,25,24,25,25,25,25,25,25,25,25,25,25,25,26,26,25,26,26,26,26,26,26,26,26,26,26,26,26,25,26,26,26,25,25,25,19,10,8,9,10,16,22,25,25,25,25,26,25,24,24,25,26,24,19,13,1,1,2,1,0,1,1,1,0,0,0,0,0,0,0,0,0,0,0,0,0,0,0,0,0,0,0,0,0,0,0,0
0,0,0,0,0,0,0,0,0,0,0,0,0,0,0,0,0,0,0,0,0,0,1,2,0,1,5,15,20,22,23,24,25,25,25,24,25,26,24,18,12,10,10,12,20,25,26,25,26,26,26,26,26,26,26,26,26,26,26,26,26,26,26,26,25,25,25,25,25,25,25,26,26,25,25,26,26,25,25,25,25,24,24,24,23,21,17,12,10,8,6,7,7,6,6,7,8,8,10,12,13,13,10,9,9,10,12,11,9,7,6,5,5,5,4,4,5,4,4,6,9,12,12,12,12,12,13,16,18,19,19,18,18,17,14,11,10,10,8,7,7,7,8,8,12,17,21,22,23,23,23,24,24,25,24,24,25,25,25,25,26,26,26,25,25,25,25,25,25,25,25,26,26,26,26,26,26,26,26,26,26,25,26,26,25,24,24,24,17,9,8,10,13,18,22,26,26,25,25,25,26,25,24,24,24,25,23,20,10,1,0,1,3,0,0,0,0,0,0,0,0,0,0,0,0,0,0,0,0,0,0,0,0,0,0,0,0,0,0,0
0,0,0,0,0,0,0,0,0,0,0,0,0,0,0,0,0,0,0,0,0,1,2,3,0,3,9,19,22,24,24,24,25,25,25,25,25,26,24,18,11,9,9,11,20,25,25,25,25,26,26,25,26,26,26,25,26,26,25,25,25,25,25,25,25,25,25,25,25,25,25,25,25,25,25,26,26,25,25,25,25,24,23,23,21,19,15,12,10,8,6,6,7,5,5,7,8,9,11,13,14,13,10,8,9,10,12,11,10,8,7,6,6,5,4,5,5,4,5,7,11,12,12,12,11,9,11,14,15,18,18,18,18,17,14,10,10,9,7,6,6,7,9,9,13,17,20,22,22,22,23,24,24,24,24,24,24,25,25,25,25,26,25,25,25,25,25,25,25,25,25,25,26,26,26,26,26,26,26,25,25,25,25,25,25,24,24,22,15,8,7,12,16,19,22,25,26,25,25,25,26,26,25,24,23,24,26,26,18,9,2,0,2,0,0,1,0,0,0,0,0,0,0,0,0,0,0,0,0,0,0,0,0,0,0,0,0,0,0,0
0,0,0,0,0,0,0,0,0,0,0,0,0,0,0,0,0,0,0,2,0,0,0,1,2,1,16,22,24,25,25,25,25,26,25,25,26,26,24,18,13,9,9,13,18,23,25,25,26,26,25,25,25,26,25,25,25,25,25,25,25,25,25,25,24,25,25,25,25,25,25,26,25,25,25,25,25,25,25,24,24,24,23,23,21,18,15,12,10,9,6,6,5,5,6,7,8,10,12,14,14,13,9,8,9,11,11,12,11,9,7,7,6,5,5,4,5,4,4,7,12,13,12,12,11,10,9,11,14,18,18,18,17,16,13,10,9,8,7,6,6,8,8,10,12,17,19,21,21,21,22,23,23,23,24,23,24,24,24,25,25,25,25,24,24,25,25,25,25,25,25,25,25,25,25,25,25,25,25,25,25,25,25,25,24,24,24,21,11,6,8,15,20,19,20,24,26,26,26,26,26,26,26,25,24,24,26,26,25,18,6,1,0,1,2,0,1,0,1,0,0,2,0,0,0,0,0,0,0,0,0,0,0,0,0,0,0,0,0,0
0,0,0,0,0,0,0,0,0,0,0,0,0,0,1,1,1,2,2,0,0,2,0,1,0,9,20,24,25,26,26,25,25,25,26,25,26,26,24,19,15,10,9,13,18,23,25,25,26,26,25,25,25,25,25,25,25,25,25,25,25,24,25,24,24,25,24,24,25,25,25,25,25,25,25,25,25,25,25,25,25,24,23,23,21,18,15,12,9,8,7,6,6,5,6,8,9,10,13,14,14,12,10,9,10,10,11,11,10,10,8,7,5,4,4,5,5,5,5,7,11,13,13,13,12,9,8,10,12,16,18,19,18,16,14,10,8,8,7,6,6,7,8,10,12,16,18,19,20,20,22,23,23,23,23,23,23,23,23,24,25,24,24,24,24,25,25,25,25,25,25,25,25,25,25,25,25,25,25,24,24,24,24,24,24,22,23,20,12,6,9,18,22,20,19,22,25,26,27,26,26,27,26,27,26,25,25,26,26,23,14,2,0,1,2,1,1,0,2,2,0,0,0,0,0,0,0,0,0,0,0,0,0,0,0,0,0,0,0,0
0,0,0,0,0,0,0,0,0,0,0,0,0,0,0,1,0,0,4,0,1,0,2,0,3,18,24,25,25,26,25,26,25,25,26,26,26,26,24,22,18,11,8,12,18,24,25,25,26,25,25,24,25,24,24,24,24,25,25,24,24,24,24,24,24,24,23,23,24,25,25,24,24,25,24,25,25,25,25,25,25,24,23,22,21,19,16,13,9,8,7,6,6,5,6,8,8,10,12,14,14,12,10,10,10,10,11,11,10,10,9,7,5,5,5,5,5,5,5,8,11,14,14,14,12,9,7,8,9,14,16,17,17,16,14,11,9,9,8,7,5,6,8,11,14,17,18,19,20,21,22,23,23,23,22,21,21,22,22,23,24,24,23,23,23,24,25,25,25,24,24,24,24,24,24,24,24,24,24,23,22,23,23,23,22,21,21,21,17,11,11,19,22,20,19,20,23,26,27,26,26,26,26,26,26,25,26,26,26,26,23,14,4,2,1,0,0,0,3,3,1,0,0,0,0,0,0,0,0,0,0,0,0,0,0,0,0,0,0,0
0,0,0,0,0,0,0,0,0,0,0,0,0,0,1,1,1,5,1,1,3,0,1,5,16,25,26,25,25,26,26,26,25,25,26,26,27,25,24,23,20,13,9,11,17,23,25,25,25,25,24,23,24,24,24,24,24,24,24,24,24,24,24,24,23,23,23,23,24,25,24,23,23,23,24,24,24,24,25,25,24,23,22,21,21,20,17,13,10,8,7,5,6,5,5,7,9,10,12,14,15,13,10,10,9,10,11,11,11,11,10,8,6,5,5,5,5,5,5,8,11,14,15,14,11,9,7,6,6,11,14,15,15,16,15,12,10,10,9,7,6,6,7,11,15,18,18,18,20,22,22,22,22,22,21,20,20,21,22,22,23,22,23,23,23,23,24,24,24,23,23,23,24,24,24,23,23,24,24,22,20,21,21,20,20,20,21,20,18,14,13,19,22,20,19,19,21,24,26,26,26,25,25,25,26,26,26,26,26,25,27,25,16,3,0,2,1,0,0,2,1,0,1,0,0,0,0,0,0,0,0,0,0,0,0,0,0,0,0,0
0,0,0,0,0,0,0,0,0,0,0,0,0,0,1,1,1,1,1,1,2,1,1,15,23,27,26,25,26,26,26,25,25,25,26,26,26,24,23,24,22,13,8,10,16,23,25,25,25,24,22,21,22,23,23,24,24,24,24,24,24,24,24,24,23,22,23,24,24,24,23,22,22,22,23,24,24,24,25,24,24,22,21,21,21,20,17,13,10,8,6,5,5,6,6,7,9,11,12,15,15,13,11,9,8,10,11,12,12,11,10,8,6,5,5,5,5,5,5,8,11,14,14,12,10,8,7,6,5,9,12,14,15,17,16,14,12,11,10,9,9,9,9,11,13,15,15,16,20,22,21,21,22,21,20,19,19,21,22,22,22,22,22,23,23,23,24,24,23,23,23,23,23,23,23,23,23,24,23,22,20,19,19,17,17,18,20,19,17,15,14,19,22,21,19,18,19,23,26,27,26,26,26,26,26,26,26,26,25,25,27,27,24,13,2,0,4,3,0,1,2,0,0,0,0,0,0,0,0,0,0,0,0,0,0,0,0,0,0,0
0,0,0,0,0,0,0,0,0,0,0,0,0,0,0,0,0,1,0,2,1,1,11,22,26,26,26,25,26,26,26,25,25,26,27,26,25,24,23,25,22,13,8,10,16,23,25,24,23,22,20,20,21,22,23,23,24,23,23,23,23,23,23,23,22,21,23,24,24,24,23,22,21,21,22,23,24,25,25,25,24,23,21,21,20,19,16,13,9,8,6,5,5,7,7,9,11,12,13,15,15,14,11,8,8,10,11,12,12,12,10,8,6,5,5,5,6,5,4,8,11,13,13,11,9,7,7,6,5,7,10,13,16,18,17,15,14,12,11,11,11,12,11,10,11,11,12,14,18,19,19,20,20,19,18,18,18,19,21,21,22,21,22,22,22,23,23,23,23,23,22,22,22,21,21,22,22,23,23,21,20,18,17,15,13,15,18,18,18,18,17,19,22,21,19,18,17,21,25,26,26,26,26,25,25,25,25,25,26,27,26,26,27,24,9,1,0,2,0,1,3,1,0,0,0,0,0,0,0,0,0,0,0,0,0,0,0,0,0,0
0,0,0,0,0,0,0,0,0,0,0,1,1,0,1,0,1,0,3,0,2,12,22,25,26,26,25,26,26,26,25,25,26,27,26,26,24,23,24,25,22,13,9,10,15,23,25,23,22,20,19,18,18,19,22,23,23,21,21,21,22,22,22,21,21,21,22,23,24,23,22,22,21,19,19,22,24,25,24,24,24,23,21,20,20,18,16,13,8,8,7,5,6,7,9,11,12,13,14,14,15,15,11,8,7,10,11,12,12,12,10,7,6,4,4,5,5,5,5,8,11,13,13,11,8,7,7,5,5,6,7,11,16,17,17,16,15,13,12,12,11,11,11,10,8,7,9,12,14,17,18,19,20,18,16,15,16,18,20,21,21,21,21,20,21,21,22,22,22,22,22,21,20,20,20,20,20,20,20,20,19,17,15,13,11,12,16,17,18,19,19,20,20,20,19,18,16,17,22,26,26,26,26,26,25,25,25,25,25,25,26,26,26,26,20,8,1,1,1,1,0,1,1,0,0,0,0,0,0,0,0,0,0,0,0,0,0,0,0,0
0,0,0,0,0,0,0,0,0,0,1,0,1,1,0,2,0,0,1,2,12,22,26,26,26,26,26,26,26,26,26,26,26,27,27,26,24,23,24,25,22,15,10,8,13,22,24,23,22,19,17,16,17,19,22,23,22,21,20,21,21,22,21,21,20,21,22,22,22,22,22,22,20,19,18,21,23,24,24,24,23,22,21,20,19,17,15,11,9,8,8,7,7,8,10,12,12,14,15,15,14,14,11,8,8,10,12,12,12,12,10,8,5,4,5,5,5,5,5,8,12,15,14,11,8,6,6,5,5,5,6,10,15,18,17,16,16,15,13,11,11,11,10,8,7,8,7,9,14,17,19,19,19,19,16,15,15,17,19,21,21,22,21,21,21,21,22,21,21,21,21,21,21,20,19,19,19,18,19,19,19,16,13,12,11,12,15,16,16,19,21,21,20,19,20,20,17,16,20,25,27,26,27,27,26,26,25,24,24,25,25,26,26,27,26,18,6,0,1,0,1,1,0,0,0,0,0,0,0,0,0,0,0,0,0,0,0,0,0,0
0,0,0,0,0,0,0,0,0,0,1,0,1,0,0,2,1,0,1,12,21,26,26,26,26,26,26,26,25,26,26,26,27,27,27,24,24,24,25,25,23,18,12,8,12,20,22,22,20,17,14,14,16,19,21,22,20,19,19,20,20,20,20,20,21,21,21,21,21,22,22,22,20,19,18,20,21,22,23,22,21,20,19,18,18,16,13,11,8,7,7,7,7,9,11,13,13,14,16,15,14,13,11,8,8,11,13,13,12,11,10,8,5,4,6,5,4,6,6,8,12,15,15,11,8,7,7,6,6,5,6,9,15,18,17,16,17,16,14,12,11,11,8,7,7,8,8,9,12,15,18,19,19,18,15,14,15,16,18,19,20,21,21,20,20,21,21,20,20,20,19,19,20,19,18,18,17,17,16,16,17,15,12,10,10,11,13,14,14,19,23,23,21,20,20,21,20,17,18,22,26,26,27,26,26,26,26,25,24,25,25,25,25,26,27,25,18,6,-1,2,3,0,2,0,0,0,0,0,0,0,0,0,0,0,0,0,0,0,0,0
0,0,0,0,0,0,0,0,0,0,0,1,1,0,0,3,1,2,11,21,25,26,26,26,26,26,26,26,25,26,26,26,26,26,25,23,23,24,24,24,23,21,14,9,12,18,21,21,19,16,13,14,16,18,20,20,19,17,18,19,19,19,19,20,20,20,19,20,21,20,20,20,19,17,18,18,19,20,20,20,19,17,15,14,14,14,13,11,8,6,6,6,8,10,12,14,14,14,16,16,14,12,9,8,9,12,13,13,12,11,10,8,5,4,6,5,5,6,7,8,12,15,15,13,9,8,7,7,6,6,6,9,14,18,17,16,17,16,14,12,11,10,7,6,7,7,7,8,10,12,16,17,18,16,13,13,15,17,17,18,19,19,19,19,19,20,20,19,19,19,19,18,18,18,18,18,17,15,15,14,14,13,12,9,9,10,11,11,13,16,21,24,23,19,19,21,21,20,19,19,23,26,27,26,26,26,26,26,25,25,25,25,25,25,27,27,24,15,3,0,2,0,0,0,0,0,0,0,0,0,0,0,0,0,0,0,0,0,0,0
0,0,0,0,0,0,0,0,0,0,1,1,0,0,0,0,2,9,20,25,25,25,26,26,26,26,26,26,25,26,26,27,27,25,23,22,23,25,24,23,23,21,14,8,11,17,20,21,19,16,13,14,17,18,19,19,18,17,17,19,20,20,19,19,19,18,17,19,20,20,19,20,19,18,17,17,17,18,19,18,18,15,13,12,12,13,12,11,9,8,7,8,10,13,14,15,14,15,16,16,13,11,8,8,9,13,14,13,12,11,10,7,5,5,5,5,6,6,7,10,12,14,16,14,10,7,7,6,6,6,6,8,12,17,18,17,17,15,14,13,12,9,7,6,7,6,7,8,11,13,15,15,14,14,14,14,16,17,18,18,19,19,19,20,20,20,19,18,18,18,19,19,18,17,17,17,16,15,14,12,12,13,12,9,8,9,10,11,12,13,16,20,22,21,19,19,20,21,22,21,21,24,27,27,26,26,26,26,25,25,25,25,25,25,27,27,26,22,14,4,0,2,1,0,0,0,0,0,0,0,0,0,0,0,0,0,0,0,0,0
0,0,0,0,0,0,0,0,0,0,0,0,0,0,0,1,8,17,24,26,25,25,25,25,26,26,26,26,26,26,26,27,26,25,23,24,25,26,25,23,23,22,14,7,9,14,19,21,20,15,11,12,14,15,16,17,17,17,17,18,19,19,18,17,16,16,16,18,19,19,19,19,19,18,16,16,16,17,18,17,16,14,11,11,12,12,12,11,10,9,10,10,13,15,16,16,14,15,16,15,12,11,9,8,10,14,15,13,13,12,10,7,6,6,5,5,6,5,7,11,13,14,16,15,10,7,7,5,6,6,6,7,11,16,18,18,17,14,13,12,11,8,6,6,5,6,7,9,12,15,15,13,13,16,19,20,20,20,21,21,21,22,22,22,22,21,19,18,17,18,19,19,19,17,16,15,15,15,14,12,11,11,11,9,8,7,8,10,11,9,12,16,19,21,19,20,21,22,22,21,20,23,26,27,27,26,26,27,26,26,26,25,25,25,26,26,26,26,23,12,2,0,1,0,0,0,0,0,0,0,0,0,0,0,0,0,0,0,0,0
0,0,0,0,0,0,0,0,0,0,1,0,0,2,0,10,17,23,24,25,25,25,25,25,25,26,26,26,26,26,26,25,23,23,24,25,25,25,24,24,24,22,15,8,7,12,18,22,21,17,13,10,10,13,14,14,16,18,17,18,19,18,17,17,16,16,17,18,19,19,19,18,17,15,14,16,16,15,14,15,13,11,10,11,12,12,10,10,10,12,11,12,14,16,17,16,15,14,15,14,13,12,9,9,11,14,14,14,14,14,11,8,7,6,5,5,5,3,6,12,14,15,17,16,10,7,8,5,6,7,5,6,9,16,19,18,16,13,11,11,11,8,6,6,5,5,6,8,10,11,12,12,16,21,23,23,23,23,22,23,23,24,23,23,23,23,21,21,20,19,20,20,20,18,16,14,12,13,11,12,10,10,11,12,11,7,8,9,9,8,9,12,15,18,18,19,21,22,22,22,21,20,22,26,26,26,26,26,26,25,26,25,25,26,25,26,26,26,25,21,11,1,0,1,0,2,0,0,0,1,0,0,0,0,0,0,0,0,0,0
0,0,0,1,0,1,1,0,0,2,0,1,2,1,7,18,23,25,26,26,26,26,26,26,25,26,26,26,25,25,24,22,21,22,24,25,25,24,24,24,23,20,14,9,9,12,17,21,22,18,14,9,8,10,12,13,16,19,18,18,18,19,18,17,16,17,18,19,19,19,18,16,15,13,13,15,15,13,13,13,12,9,8,11,13,12,10,9,10,11,11,13,14,16,18,17,16,14,14,13,13,12,10,9,11,14,15,14,15,15,12,7,6,5,4,5,6,4,6,12,15,16,17,17,12,8,8,6,6,7,6,5,8,15,19,18,17,14,11,10,10,9,7,6,5,5,6,8,7,7,12,16,20,22,23,23,22,22,22,23,24,24,24,24,24,24,23,23,23,22,22,23,23,21,19,17,15,12,11,9,12,15,16,15,11,8,9,10,9,9,9,10,12,14,17,19,21,23,24,23,21,20,21,24,26,26,26,26,26,26,25,25,25,25,26,26,26,26,26,25,19,8,0,2,1,1,1,2,0,0,0,0,0,0,0,0,0,0,0,0
0,0,1,2,0,0,0,0,1,2,1,0,3,10,18,22,25,26,26,26,26,26,26,26,25,25,26,25,24,23,21,20,21,23,23,24,25,25,24,23,22,18,12,9,11,13,17,20,21,17,12,8,7,9,11,12,15,18,18,17,17,18,18,17,16,16,18,18,18,17,16,14,12,12,12,14,14,13,12,12,10,7,8,11,13,13,11,10,10,11,12,14,14,16,17,18,17,16,15,14,13,11,10,10,11,14,15,15,15,15,12,7,5,5,4,5,6,5,7,13,16,16,17,16,13,9,7,6,6,6,6,5,7,13,18,19,18,16,12,10,10,9,8,7,6,6,6,7,6,10,16,21,23,22,22,23,23,22,22,23,23,24,24,24,25,25,24,24,24,23,23,24,24,24,23,21,18,14,11,10,14,17,17,15,10,7,7,8,9,9,9,11,11,13,16,19,21,22,24,23,22,22,22,22,24,26,27,27,26,26,26,25,25,25,26,26,26,26,26,26,23,15,6,1,3,1,2,3,0,0,0,0,0,0,0,0,0,0,0,0
0,0,0,0,0,1,1,1,0,0,3,6,14,19,23,25,26,26,26,26,26,25,25,24,25,25,25,24,22,21,19,20,22,23,24,24,24,24,22,21,20,17,12,10,11,13,15,17,17,14,10,7,7,7,9,11,14,15,17,16,15,15,16,15,15,16,16,15,14,13,12,11,10,10,12,14,15,13,12,10,9,7,7,11,14,13,11,11,11,12,13,14,15,17,17,17,16,16,14,13,12,11,10,10,12,14,15,15,15,14,11,7,5,5,5,5,5,4,9,15,17,18,18,16,13,9,6,6,6,6,6,5,7,12,17,18,19,16,13,11,10,9,8,8,6,6,5,7,9,14,20,23,24,23,22,23,22,22,22,22,22,23,23,24,24,24,24,24,24,23,23,23,23,23,23,23,22,18,13,11,11,12,14,13,9,7,8,10,10,9,9,11,11,11,13,17,19,20,22,23,24,23,22,21,22,23,25,26,26,26,26,24,23,24,26,26,26,26,27,26,25,23,15,2,0,0,1,1,0,0,0,0,0,0,0,0,0,0,0,0
0,0,0,1,2,2,1,0,2,5,10,17,20,23,25,26,26,26,26,26,25,24,24,24,24,24,24,23,21,20,19,21,23,24,24,23,23,23,21,20,17,15,12,12,13,13,13,13,13,11,9,8,9,8,8,11,12,13,14,13,12,12,12,13,13,13,13,12,11,10,9,9,9,10,12,14,15,14,12,9,8,6,7,11,14,14,13,12,12,12,13,15,17,18,17,17,16,16,14,13,11,10,10,11,13,14,16,16,15,13,10,7,5,5,5,5,4,5,10,16,18,18,18,16,14,11,7,7,7,6,6,4,6,11,16,17,19,16,12,11,10,9,8,7,6,6,6,7,11,17,22,23,24,22,22,22,23,23,23,22,22,23,23,24,24,24,24,24,23,23,22,21,21,22,22,23,25,23,20,14,10,11,14,13,9,7,9,11,11,9,10,13,14,13,11,13,16,19,20,22,23,23,24,23,22,23,24,25,26,25,26,24,23,22,24,26,26,25,26,26,25,25,21,11,2,0,1,1,0,0,0,0,0,0,0,0,0,0,0,0
0,0,0,0,0,1,0,3,11,16,19,21,23,25,26,26,26,26,27,26,25,24,24,24,24,23,22,22,22,20,20,22,24,24,22,21,21,21,20,18,16,14,14,14,14,14,14,14,12,10,9,9,10,9,9,11,10,10,10,9,8,8,9,10,10,10,9,9,9,8,8,9,9,10,12,13,15,14,12,8,7,6,6,10,13,14,14,14,12,12,14,16,18,18,18,17,16,15,14,13,11,10,10,11,13,15,16,16,15,12,10,7,5,5,5,5,4,5,10,15,17,18,18,17,16,13,9,8,7,6,6,5,6,10,15,16,18,15,12,11,12,10,7,6,7,7,7,10,14,19,23,23,23,23,22,23,23,23,23,23,23,23,23,23,23,23,23,23,23,22,21,20,20,21,22,22,23,24,23,21,14,12,14,12,10,10,11,12,12,12,13,16,18,19,18,15,15,17,18,21,22,24,24,24,24,24,25,25,26,26,25,26,25,21,19,23,26,25,26,26,25,26,25,19,6,0,1,2,2,0,0,0,0,0,0,0,0,0,0,0
0,0,0,0,1,4,9,14,19,22,22,23,25,26,26,26,26,26,26,25,23,23,24,24,24,23,23,22,22,21,21,23,24,23,21,19,19,19,19,18,16,15,16,16,15,14,14,14,13,10,8,10,11,10,9,9,8,6,5,6,5,5,6,7,8,8,7,7,8,8,8,9,10,11,11,12,13,13,10,7,8,6,6,9,13,14,14,14,13,14,15,17,17,17,18,17,16,14,13,13,11,10,10,11,14,16,16,16,15,12,9,6,4,5,6,5,5,5,9,13,16,18,18,18,17,16,11,7,7,7,6,5,6,9,13,16,17,16,15,13,10,8,7,6,7,7,7,13,18,22,23,23,23,23,22,22,23,22,22,23,23,23,23,22,22,22,22,22,22,21,21,21,22,23,23,23,23,24,25,25,21,17,14,13,15,15,15,15,16,17,16,16,19,22,22,20,18,17,18,19,21,22,24,24,24,24,25,25,25,25,26,26,26,24,22,20,23,26,26,26,25,25,26,24,16,5,0,1,0,2,0,0,0,0,0,0,0,0,0,0
0,0,2,1,2,9,16,20,21,23,24,25,25,26,26,26,26,26,24,22,22,23,24,24,24,24,23,22,22,22,22,23,23,22,20,19,18,18,19,18,16,15,16,16,14,12,11,12,11,10,10,11,10,10,10,8,5,4,4,4,5,5,6,6,7,6,6,7,8,8,8,9,10,11,11,11,12,11,9,7,7,6,7,9,12,13,13,14,15,16,16,16,18,18,17,17,16,14,13,12,11,9,9,11,13,15,16,16,14,12,8,6,4,5,6,6,5,5,8,11,15,17,18,18,18,17,14,10,8,7,6,5,6,9,13,16,17,17,16,14,11,8,7,7,6,7,8,16,22,24,24,23,22,22,22,22,22,22,22,23,23,23,22,22,22,22,22,22,22,22,22,22,23,23,23,23,23,23,24,25,25,23,20,18,18,17,16,17,18,19,18,17,18,20,22,22,21,19,18,17,20,21,22,23,23,23,24,24,24,25,25,25,25,25,24,21,20,24,27,26,25,25,25,26,22,14,3,0,1,1,0,1,1,1,0,0,0,0,0,0
0,2,2,0,4,13,19,22,22,24,25,26,26,26,26,26,26,25,22,22,24,24,24,24,24,24,23,23,23,24,24,23,22,20,19,19,18,18,19,18,16,14,15,15,13,10,9,10,10,10,11,11,11,11,10,7,5,5,5,5,6,7,6,6,5,5,5,7,7,8,8,9,10,10,11,11,11,10,9,8,7,7,8,10,12,13,14,15,16,17,16,17,19,18,18,17,15,14,13,12,11,9,10,11,13,15,16,16,14,11,8,5,4,5,6,6,5,5,8,11,15,17,18,18,18,18,17,14,11,8,6,6,7,10,13,15,16,17,17,15,12,10,8,6,6,6,12,21,25,25,24,24,23,23,22,22,22,22,22,22,23,23,23,22,22,22,22,22,22,23,23,23,24,24,23,22,23,23,23,24,25,25,24,23,22,20,21,21,21,20,19,18,17,18,20,23,22,21,20,19,20,21,21,22,23,24,24,24,24,25,25,24,24,25,24,23,20,22,25,26,26,25,26,26,26,22,10,1,0,2,2,1,2,2,1,0,0,0,0,0
0,2,2,1,7,16,21,23,25,25,26,26,26,26,26,26,25,23,23,24,25,25,24,24,24,23,24,24,24,25,24,22,21,20,20,20,20,19,19,18,16,13,12,12,11,9,9,9,8,10,11,12,13,12,9,6,5,6,7,7,7,7,7,6,5,6,6,6,7,8,8,9,9,10,9,9,9,8,8,6,6,7,9,10,12,13,14,16,16,15,17,19,19,18,18,17,15,13,13,12,11,10,10,11,14,16,17,17,15,11,8,6,6,6,6,5,6,6,8,12,15,17,18,18,17,17,17,14,11,9,8,7,8,11,14,15,16,17,17,15,12,10,7,7,7,6,17,25,26,26,25,25,24,23,23,22,22,22,22,22,23,23,23,23,23,22,22,22,22,23,23,23,23,22,22,21,23,23,23,23,24,24,25,26,25,24,23,23,22,20,18,17,17,19,22,22,21,21,20,20,19,20,21,22,23,24,24,24,24,24,25,25,25,24,24,24,23,21,23,26,27,26,27,27,26,25,19,9,1,2,0,1,1,1,1,0,0,0,0,0
0,1,2,4,13,20,22,23,25,25,25,26,26,26,26,26,23,22,24,25,25,25,24,23,23,23,23,23,23,23,22,20,20,20,20,20,20,20,19,17,15,14,12,11,9,9,10,9,9,11,12,14,14,11,6,4,5,4,5,6,6,7,7,7,6,6,6,6,7,7,8,8,9,9,7,6,6,6,6,5,6,7,9,11,12,13,14,15,15,14,16,18,18,17,19,18,15,13,14,12,10,10,10,12,15,17,18,18,15,11,8,6,6,6,5,5,6,8,10,12,15,17,17,17,17,17,15,11,8,9,8,7,8,10,13,15,16,17,17,15,12,9,8,7,6,11,22,26,26,26,25,24,24,23,22,22,22,22,22,23,23,23,23,23,23,22,22,22,22,22,22,22,22,22,22,21,22,21,21,21,22,23,24,25,24,22,22,23,23,20,17,16,17,21,23,22,20,20,18,17,19,21,23,22,20,22,24,24,24,24,25,25,25,24,24,25,25,23,22,25,26,27,26,27,26,26,24,15,3,1,0,0,1,1,0,0,0,0,0,0
0,0,1,9,17,21,23,24,25,25,26,26,26,26,26,24,23,24,25,25,25,25,25,25,24,24,24,23,22,21,20,20,19,20,20,20,20,21,19,16,14,15,14,11,11,11,12,13,13,12,14,15,12,7,3,5,6,4,4,6,6,7,8,8,8,6,5,6,6,7,7,7,8,7,6,5,5,5,6,5,5,7,9,11,13,14,15,15,15,15,17,18,18,18,19,18,15,13,14,12,10,9,9,12,16,18,19,18,15,11,7,5,6,6,5,5,7,10,11,13,15,16,17,17,18,18,16,10,7,8,6,6,8,10,13,15,16,17,16,14,11,8,7,5,4,17,26,26,26,26,25,25,24,24,23,23,23,22,23,23,23,23,23,23,23,23,22,22,22,22,22,21,22,22,22,21,21,20,19,20,21,21,22,22,21,19,19,21,23,24,23,22,21,23,24,22,20,19,17,14,19,22,25,22,18,20,24,25,25,24,24,25,25,26,25,24,25,25,24,23,25,26,27,27,26,26,26,21,10,1,0,0,1,0,0,0,0,0,0,0
1,0,3,13,18,21,23,25,25,25,26,26,26,26,24,24,25,26,26,25,24,25,25,24,24,25,25,23,22,20,20,20,21,20,19,19,20,21,20,18,15,16,15,14,15,15,17,18,17,16,15,12,9,7,7,7,7,7,6,7,8,9,9,9,9,5,6,6,6,6,6,7,5,6,5,5,5,5,5,5,5,6,8,11,13,15,15,15,16,17,18,19,19,19,18,16,14,13,12,11,10,9,10,13,17,18,17,17,15,10,6,5,6,6,5,6,9,11,13,14,16,17,17,17,17,18,15,9,7,7,6,7,8,11,14,15,17,17,14,12,10,7,7,7,14,23,26,26,26,26,25,25,24,24,24,23,23,22,22,23,23,24,23,23,23,23,22,23,23,23,22,21,21,22,21,21,21,20,19,19,21,21,20,19,18,15,14,15,17,21,24,24,25,24,24,24,23,20,18,16,18,21,24,24,20,18,21,24,25,24,24,24,25,26,26,25,25,26,26,24,23,26,27,27,26,27,26,24,18,7,1,2,0,1,2,0,1,0,0,0
0,0,4,14,18,20,23,25,25,25,25,26,25,24,23,25,26,26,26,25,25,25,25,24,24,24,24,23,21,20,21,22,21,20,20,19,19,19,19,18,18,18,18,17,17,18,20,21,19,17,14,10,8,8,9,10,10,10,9,9,10,10,10,9,9,5,6,6,6,6,6,7,5,5,5,5,5,5,6,5,6,6,8,11,14,15,16,16,16,17,18,18,18,19,18,16,14,12,11,11,10,9,10,14,17,17,17,16,14,10,6,5,6,6,5,6,9,12,14,15,17,17,18,18,17,17,14,7,5,7,6,7,10,13,15,16,17,16,14,11,8,6,7,13,20,24,26,25,25,25,24,24,24,24,23,23,23,22,22,23,24,24,23,23,23,23,23,23,23,23,22,21,21,21,21,21,21,20,20,20,21,20,19,17,16,14,13,11,11,13,16,21,24,25,24,24,23,22,20,17,18,21,24,25,22,19,20,22,23,24,25,24,25,25,25,26,25,25,26,25,23,24,26,27,26,26,26,25,23,14,2,1,0,2,3,1,0,0,0,0
0,0,2,11,18,20,24,25,24,25,26,25,23,22,24,26,26,26,25,25,25,25,25,24,24,24,24,21,19,20,22,23,22,21,20,19,19,19,18,19,21,21,21,20,19,21,22,21,19,16,14,11,11,12,12,12,12,11,11,12,11,11,10,10,9,6,6,6,6,6,6,6,5,5,5,5,6,6,7,5,6,6,8,11,14,15,16,16,17,17,18,19,19,19,17,16,14,13,12,11,10,9,11,16,17,17,16,16,13,9,6,5,6,6,5,5,9,14,16,17,17,17,18,18,17,16,14,8,5,7,6,8,11,13,15,17,17,15,13,10,8,6,7,16,23,25,25,24,24,24,23,23,23,23,23,23,22,22,22,23,23,23,23,23,23,23,22,22,23,23,22,22,22,21,21,21,20,20,20,20,20,20,19,19,18,17,15,12,11,10,9,13,19,23,25,25,23,23,22,20,19,19,22,24,23,20,19,19,20,23,25,25,24,25,25,26,25,25,26,25,23,23,25,27,26,26,26,26,25,19,8,1,0,1,0,0,1,0,0,0
0,1,0,6,18,22,25,25,25,25,26,24,21,23,26,26,26,25,25,26,26,25,24,23,23,24,23,21,19,21,23,24,23,22,20,20,19,18,18,22,24,24,22,21,22,22,22,19,17,15,13,12,13,14,13,12,11,11,12,12,12,12,11,10,9,8,7,6,5,5,5,5,6,7,8,8,9,8,8,6,6,7,8,12,15,15,16,17,18,18,19,19,19,18,17,16,15,14,13,12,11,10,13,16,17,17,17,15,12,9,5,5,6,6,6,5,9,14,17,18,18,18,18,17,16,14,12,7,6,5,6,9,12,14,16,18,17,14,12,10,8,8,11,19,24,26,26,25,24,24,24,23,23,23,23,23,22,22,22,23,24,24,23,23,23,23,23,23,23,23,23,22,22,22,21,20,20,20,20,19,19,19,19,20,19,18,16,14,13,13,10,9,12,17,20,22,21,20,21,22,21,18,20,24,25,23,20,17,17,22,25,26,24,25,25,26,26,26,26,26,25,23,24,25,26,26,26,26,25,23,16,5,0,3,1,2,0,0,0,0
0,1,0,5,18,22,25,25,26,26,25,21,21,25,27,27,26,25,26,26,25,24,21,21,22,23,21,20,20,22,23,24,22,21,20,19,19,19,22,25,25,22,20,19,19,19,18,14,11,10,10,10,11,12,11,11,11,11,11,11,11,12,12,12,11,10,9,7,6,6,6,7,10,11,12,12,11,10,8,6,6,7,8,12,15,15,16,18,18,18,19,19,19,17,16,16,15,13,12,12,11,12,14,16,17,18,18,15,12,9,5,5,6,6,6,7,11,16,17,18,18,18,19,18,15,13,11,8,7,5,6,8,12,15,17,18,16,13,13,11,8,9,15,22,25,25,25,24,24,24,23,22,23,23,22,22,22,22,22,22,23,24,23,23,23,23,22,23,23,23,23,22,22,22,21,21,21,21,22,21,20,19,19,20,19,18,17,16,17,17,15,11,8,7,8,11,12,14,17,21,21,18,20,24,25,23,21,18,14,17,23,25,24,24,24,25,26,26,26,26,26,24,24,24,26,27,27,26,26,25,22,14,4,1,1,2,0,0,0,0
1,1,1,7,18,23,25,25,26,26,22,18,22,27,27,27,26,25,26,26,24,21,18,17,19,20,20,20,21,22,22,22,21,20,19,19,20,22,24,22,18,14,14,13,12,13,11,9,8,7,9,10,11,12,10,10,9,9,10,10,10,12,13,13,12,12,10,9,8,8,9,10,14,14,14,14,12,10,8,6,7,7,8,12,15,16,17,18,19,19,19,19,18,16,15,15,14,12,12,11,11,12,14,15,17,18,18,15,13,10,6,5,6,6,6,8,11,16,17,17,17,18,19,18,16,13,11,8,7,7,6,8,12,17,18,18,15,14,14,13,11,13,19,24,25,25,25,24,23,23,22,23,23,22,22,22,23,22,22,22,23,23,23,23,23,23,23,23,23,23,23,22,22,22,22,22,22,22,23,23,22,21,22,22,22,21,20,21,21,21,19,16,14,10,6,5,5,6,12,17,19,19,21,23,23,22,22,20,15,13,18,22,22,21,22,24,25,26,25,25,25,25,24,24,25,26,26,26,26,25,24,21,10,1,1,0,0,0,0,0
0,0,0,6,19,24,25,26,26,25,18,17,25,27,27,26,26,26,26,25,22,17,15,16,19,20,22,23,22,22,22,21,20,20,19,20,22,20,16,12,8,7,8,9,9,9,8,8,8,8,9,10,12,12,11,10,10,11,10,9,9,11,13,13,13,13,12,10,10,11,13,14,17,17,16,15,13,11,9,8,7,7,7,12,15,17,16,18,19,19,20,20,20,17,16,16,14,11,11,12,11,12,14,16,17,18,18,17,14,10,7,5,6,6,6,8,11,15,15,15,17,18,18,19,17,14,11,7,6,7,7,8,13,17,18,17,15,15,15,15,15,18,21,24,25,24,25,24,24,23,23,23,23,23,22,22,23,24,23,23,23,23,23,23,24,24,23,23,24,24,23,23,23,23,23,23,23,23,23,23,23,23,23,23,23,23,23,24,24,24,24,23,21,19,16,12,9,6,8,10,14,17,19,22,21,20,20,21,19,18,17,18,20,20,20,23,25,25,26,25,24,25,25,24,23,25,27,27,26,26,25,23,17,7,0,1,0,0,0,0
0,0,1,8,20,25,25,26,26,23,15,18,26,27,26,26,26,25,26,25,20,15,15,19,22,23,24,24,24,23,21,20,19,19,19,22,21,16,8,6,9,9,10,11,10,9,9,9,9,9,9,10,11,11,11,11,12,13,11,9,8,10,12,12,13,13,13,11,11,12,14,16,17,17,16,15,14,12,10,9,8,6,7,12,15,17,16,17,19,19,20,21,20,18,16,16,14,12,11,12,11,11,13,15,17,18,18,17,15,12,8,6,6,6,5,6,9,13,14,15,18,19,18,18,17,15,11,6,5,7,8,10,13,16,18,18,16,15,16,16,17,20,22,24,25,25,25,24,24,23,23,23,23,23,22,23,23,24,24,23,23,23,23,23,24,24,24,24,24,24,24,23,23,24,23,23,23,23,22,22,23,23,23,23,23,23,23,23,24,24,24,24,24,24,23,21,16,11,8,7,9,11,13,17,19,17,18,21,23,22,20,18,19,20,20,22,24,25,26,26,24,25,25,24,23,25,26,27,26,27,25,24,21,11,2,1,0,0,0,0
0,0,4,13,20,25,26,26,26,20,11,21,27,27,26,26,26,25,25,23,18,15,18,22,24,25,25,25,24,23,19,18,19,19,21,21,16,11,7,9,12,12,12,12,11,11,11,10,10,8,9,10,11,12,14,14,13,11,8,8,9,10,12,12,13,13,12,12,13,14,16,17,18,18,17,17,16,14,12,10,8,6,7,11,14,16,16,18,19,20,20,20,20,18,16,16,13,12,11,11,11,11,13,15,17,18,17,17,16,14,10,7,5,6,5,6,9,11,13,15,17,19,18,16,15,14,10,6,6,7,8,10,13,15,17,18,17,17,17,16,18,21,23,24,24,24,24,24,23,23,23,23,23,23,23,23,23,24,24,23,23,23,23,23,23,23,23,24,24,24,24,23,23,23,23,23,23,23,23,23,23,23,23,23,23,23,23,23,23,23,23,23,24,24,24,24,23,19,12,9,6,7,8,9,15,16,18,21,23,25,24,20,19,20,21,22,23,25,26,25,24,24,25,24,24,24,25,26,26,27,25,24,23,14,4,0,0,0,0,0
0,1,6,15,21,25,26,26,26,18,10,23,27,26,26,26,26,25,24,21,18,20,23,24,26,25,25,25,24,22,18,16,18,20,20,15,9,7,9,12,14,13,12,12,13,12,11,9,9,7,8,10,10,11,12,11,9,8,7,8,10,13,14,14,13,13,12,12,14,16,18,18,18,18,18,18,17,16,14,11,9,7,7,10,13,15,15,17,19,19,19,20,20,19,17,16,13,12,12,11,10,11,12,14,17,18,18,18,18,15,13,9,4,5,7,8,11,13,14,15,18,20,18,15,12,11,7,5,7,7,7,10,14,15,16,16,17,20,19,19,20,23,24,24,24,24,23,23,23,23,23,23,23,23,23,23,23,24,24,24,24,24,24,24,23,23,24,24,24,24,24,24,24,24,23,23,23,23,23,23,23,23,23,23,23,23,23,23,23,23,23,23,23,23,23,23,24,25,21,16,9,9,9,7,9,13,17,20,23,25,25,22,19,20,23,24,25,25,26,25,25,25,25,25,24,24,24,25,27,27,26,25,23,18,6,0,1,0,0,0
0,3,8,17,21,25,26,26,24,15,8,25,27,26,26,25,26,25,23,22,21,24,25,25,26,24,25,26,23,18,16,17,18,18,16,12,9,8,10,14,16,15,13,12,12,10,8,6,6,8,9,10,9,8,7,8,8,8,8,11,14,16,17,16,15,14,14,15,16,18,19,20,19,19,18,18,18,17,16,15,12,9,8,9,12,14,14,16,17,18,18,18,19,20,19,16,14,14,13,10,8,9,11,14,16,19,20,19,18,15,13,10,5,6,9,11,13,14,15,16,18,19,17,13,10,8,5,5,6,7,9,12,15,17,18,17,17,20,21,21,22,24,25,24,24,23,23,22,23,23,23,23,23,23,23,23,23,23,24,24,24,24,24,23,23,23,24,24,24,24,24,24,24,24,23,23,23,23,23,23,23,23,23,23,23,23,24,24,23,23,23,23,23,23,23,23,23,24,24,24,19,13,11,11,8,9,14,17,23,25,25,22,19,20,24,25,26,26,26,26,26,26,25,25,25,24,24,25,27,26,26,26,24,21,10,-1,0,0,0,0
0,3,9,18,22,25,27,26,23,12,11,26,28,27,26,26,25,24,23,23,24,26,26,25,24,24,25,25,20,13,12,15,16,14,11,9,9,10,13,17,18,15,13,12,9,6,5,5,5,7,8,8,7,5,3,6,7,9,11,14,17,18,18,17,17,16,17,18,18,19,19,20,19,19,18,19,19,18,17,16,15,12,9,9,10,13,12,13,14,15,16,16,18,20,19,16,14,14,14,11,8,9,12,13,14,17,19,19,16,14,13,10,7,8,12,14,14,15,17,18,18,17,15,12,9,7,6,5,6,9,12,13,15,17,18,17,17,19,22,23,24,24,24,24,24,24,23,23,23,23,23,22,23,23,23,23,23,23,23,24,24,24,23,23,23,23,24,23,23,24,24,24,24,24,24,23,23,23,23,23,23,23,23,23,23,23,24,24,23,24,23,23,23,23,24,24,23,23,24,25,23,19,15,11,8,10,12,13,21,25,25,23,19,19,21,23,25,26,26,26,25,26,26,26,25,24,22,23,26,26,26,26,25,21,13,2,0,0,0,0
0,0,4,18,22,24,26,26,20,14,19,26,27,26,27,26,25,23,23,24,25,26,24,23,22,23,23,21,15,11,10,11,11,9,8,8,10,13,16,17,15,11,9,6,4,5,5,6,6,6,5,5,6,5,5,6,7,9,11,14,17,18,18,18,18,18,19,19,20,20,20,20,20,19,19,20,19,18,18,17,16,15,13,11,12,13,11,9,11,13,14,15,17,19,18,16,13,13,13,10,8,10,12,12,14,16,18,18,16,14,11,9,9,11,13,14,15,17,18,18,17,16,13,11,8,6,7,7,8,10,13,15,16,16,17,17,19,21,23,24,24,24,24,23,24,24,24,23,23,23,23,23,23,23,23,23,23,23,23,24,24,24,23,23,23,23,23,23,23,23,24,24,24,24,23,23,23,23,23,24,24,23,23,24,24,23,23,23,23,23,24,24,24,24,24,23,23,23,24,24,24,23,18,10,8,10,11,11,16,22,25,24,21,18,18,22,25,25,26,26,25,25,26,26,25,25,21,21,26,26,26,26,25,22,15,4,0,0,0,0
0,1,5,17,23,25,26,25,20,15,22,26,27,27,26,25,25,23,24,25,24,24,21,21,21,22,21,16,11,9,11,10,8,6,6,8,11,14,15,14,11,9,6,3,3,5,5,5,5,5,4,4,5,5,5,6,7,9,11,14,16,17,18,19,19,19,19,20,20,21,20,20,20,20,19,19,19,19,19,18,17,18,17,16,14,14,15,15,15,15,16,16,16,17,17,14,13,11,11,10,9,9,10,11,13,16,18,18,17,15,11,9,9,12,13,15,16,18,18,18,17,16,13,10,6,5,7,8,9,11,13,16,17,17,18,20,21,23,24,24,24,24,24,24,24,24,24,23,23,23,23,23,23,23,23,23,23,24,24,24,24,24,23,23,23,23,23,23,23,23,23,24,24,23,23,23,23,23,23,24,24,24,24,24,24,23,23,23,23,23,23,24,24,24,24,24,24,24,24,25,25,24,20,13,10,9,9,10,12,19,24,25,22,19,20,23,24,25,26,26,25,25,26,26,25,25,20,18,26,27,26,26,25,22,16,7,0,0,1,1
1,1,6,19,24,26,26,25,19,11,18,26,27,26,26,25,24,24,24,24,23,21,20,20,20,20,16,12,9,9,8,8,7,6,8,10,11,11,11,10,7,5,3,3,5,4,4,4,5,6,5,5,5,5,5,6,7,8,9,12,14,14,15,16,18,18,18,19,20,20,19,19,20,20,19,18,19,20,19,19,19,19,19,18,17,16,17,18,18,17,17,17,16,16,16,14,12,10,9,9,10,9,9,11,14,16,17,17,16,14,10,7,8,11,13,14,15,16,17,17,16,14,12,8,5,5,6,8,10,11,13,16,18,19,20,21,22,23,24,24,23,24,24,23,23,23,23,23,23,23,24,23,23,23,23,23,24,23,23,23,23,23,23,23,23,23,23,23,23,23,23,23,24,23,23,23,23,23,24,24,24,24,24,23,23,23,23,23,23,23,23,23,24,24,24,24,24,23,24,24,24,25,22,16,12,10,9,10,11,15,21,23,23,22,22,23,23,24,25,25,24,25,26,26,26,25,19,15,24,27,26,26,25,22,17,9,1,1,1,1
1,1,6,19,24,26,26,25,20,13,19,26,27,26,26,25,24,24,24,22,21,21,20,19,19,19,16,13,9,8,8,8,7,6,8,10,10,9,7,7,6,5,4,4,4,5,6,5,4,6,6,5,4,5,5,6,7,7,7,9,12,12,13,15,16,17,17,18,19,19,18,19,19,19,19,18,19,19,19,19,19,20,20,20,19,19,18,18,18,17,17,18,18,17,16,14,12,10,8,8,10,9,9,11,14,16,16,16,15,13,9,6,7,9,11,12,14,15,17,17,15,13,10,8,5,5,7,9,11,12,13,16,19,21,22,23,23,23,24,24,23,24,24,23,23,23,23,23,23,23,23,23,23,23,23,23,23,23,23,23,23,23,22,23,23,23,23,23,23,23,23,23,23,23,23,23,23,23,23,23,23,24,24,24,24,24,23,23,23,23,24,24,24,24,24,24,24,23,24,24,24,25,23,18,14,12,11,10,12,15,19,22,23,22,22,23,23,23,24,25,25,25,25,25,26,26,18,12,22,27,26,26,25,22,17,7,0,1,1,1
0,1,6,20,24,26,27,25,20,15,18,26,27,26,26,25,24,24,24,21,20,21,20,19,19,18,16,14,11,8,8,7,7,8,8,9,8,6,6,4,4,6,7,8,8,9,9,7,4,4,6,5,5,5,5,6,6,6,5,7,9,9,10,11,12,13,13,15,17,17,18,19,18,18,19,19,19,19,18,19,20,20,20,20,20,20,19,20,19,18,17,17,17,17,16,13,12,9,7,7,9,10,10,11,13,14,14,14,13,11,7,5,5,7,8,10,12,14,16,16,14,12,9,7,5,6,6,8,10,10,12,15,18,21,23,23,23,24,24,24,24,24,24,23,23,23,23,22,23,23,23,23,23,23,23,23,23,23,23,23,23,23,23,23,23,23,23,23,22,22,23,23,23,23,23,23,23,23,23,23,23,23,24,24,24,24,23,23,23,23,24,24,24,24,24,24,23,23,24,24,24,24,24,22,17,12,10,9,11,13,16,20,22,22,22,22,22,22,24,25,25,26,26,26,27,26,19,11,20,27,27,27,26,23,16,6,0,1,0,1
0,0,4,19,24,26,26,24,19,18,20,25,27,26,26,25,24,23,22,19,19,21,20,18,17,17,15,13,11,8,8,8,7,8,8,7,6,5,6,4,4,7,10,12,12,11,12,10,6,4,5,6,5,5,5,5,6,6,5,6,6,5,5,6,7,7,8,11,14,15,16,17,17,17,18,18,18,18,17,18,18,18,18,19,19,19,19,20,19,17,16,16,16,16,14,12,10,8,6,7,9,10,10,11,11,12,12,12,11,9,6,4,4,5,6,8,12,14,13,13,13,12,9,6,5,5,5,7,8,8,10,14,18,21,23,24,24,24,24,24,24,24,24,23,23,23,23,22,23,23,23,23,23,23,23,23,23,23,22,22,23,23,23,23,23,23,23,23,22,22,22,22,23,23,23,23,23,23,23,23,22,23,24,24,24,24,23,23,23,24,24,24,24,24,24,24,23,23,24,24,24,24,24,24,20,14,9,9,10,12,15,18,21,21,21,22,21,21,23,25,25,25,25,26,27,26,19,10,20,27,27,26,26,23,16,6,1,1,0,0
0,0,3,17,23,26,26,21,19,21,21,24,26,26,26,24,24,22,20,17,19,21,20,17,16,16,15,12,10,9,8,8,8,8,7,5,5,5,5,5,7,11,15,17,15,13,13,13,9,6,6,6,5,5,5,5,6,6,6,6,6,5,5,6,5,5,5,7,10,11,12,14,15,15,16,17,17,15,15,16,15,16,17,17,18,18,19,20,19,17,16,16,15,13,12,10,9,8,6,7,9,9,9,10,11,12,14,13,9,7,4,4,5,5,4,7,10,11,10,10,11,10,9,7,6,6,7,7,8,11,14,17,20,22,23,24,24,24,24,24,24,24,23,23,23,23,23,23,23,23,23,23,23,23,23,23,24,23,22,22,23,23,23,23,24,23,23,22,22,22,22,22,22,23,23,23,23,23,23,23,22,22,23,24,24,23,23,23,23,24,24,24,24,24,24,24,24,23,24,24,24,24,24,25,23,17,9,10,11,12,15,17,19,20,21,22,21,21,23,25,25,25,25,26,27,26,20,12,20,27,27,26,25,23,16,6,0,0,0,0
1,2,5,16,22,26,25,20,21,24,23,25,26,27,26,25,24,21,20,18,20,22,20,18,16,16,14,12,11,10,9,8,8,7,6,5,5,5,3,6,10,14,17,18,16,14,15,15,12,8,7,6,6,6,5,5,6,6,6,5,4,4,4,5,5,5,5,6,7,7,7,8,9,10,12,13,12,11,12,13,13,14,16,17,17,18,19,19,19,18,17,17,14,12,10,8,7,7,6,8,9,9,8,9,13,15,15,12,8,6,4,4,5,5,5,6,7,9,9,9,9,8,8,6,6,8,9,10,11,14,18,21,22,24,24,24,24,24,24,24,24,24,23,23,23,24,23,23,23,23,23,23,23,23,23,23,24,23,23,23,23,23,23,23,23,23,23,22,22,22,22,22,22,22,23,23,23,23,23,23,23,23,23,24,23,23,23,24,24,24,24,24,24,24,23,24,23,23,24,24,24,24,24,25,25,20,12,9,10,13,16,18,19,19,22,22,21,21,23,24,25,25,26,26,27,26,21,14,21,27,27,26,25,23,16,6,0,0,0,0
1,3,6,15,21,26,24,19,21,24,23,24,26,26,26,25,24,20,19,19,20,23,20,17,15,14,11,9,9,9,8,8,7,6,6,5,5,5,3,7,12,16,17,18,17,16,17,16,13,8,6,6,6,6,6,5,5,6,5,5,5,5,5,5,5,6,6,6,6,6,5,6,6,6,6,6,7,6,7,9,10,12,13,14,16,17,18,18,18,17,17,17,14,10,9,7,6,6,6,8,8,8,8,9,12,15,14,10,7,6,5,3,4,5,5,5,6,8,8,7,7,8,6,6,8,11,12,13,15,17,20,22,23,24,25,25,25,24,24,24,24,24,24,23,24,24,24,23,24,24,24,23,23,23,23,23,23,23,23,23,23,23,23,23,23,23,23,23,23,22,22,22,22,22,22,23,23,23,23,22,23,23,23,24,23,23,23,24,24,24,24,24,24,24,23,23,23,23,23,25,25,24,24,25,26,23,16,8,9,11,13,17,19,20,22,22,21,20,23,24,25,25,25,26,26,26,21,17,23,27,26,26,26,23,16,6,0,0,0,0
0,3,7,16,22,27,25,20,22,24,23,25,26,26,26,25,23,18,19,20,21,22,21,17,14,12,8,7,7,8,7,7,7,6,5,5,6,6,5,7,12,16,17,18,18,18,17,16,12,7,6,6,6,6,6,5,5,6,6,5,5,5,5,5,5,5,5,5,5,5,5,5,5,5,5,5,5,5,5,6,7,8,10,12,15,17,18,18,17,16,16,16,12,9,8,7,5,5,6,7,7,6,6,6,9,11,9,7,7,6,5,3,3,5,5,4,5,7,7,5,5,7,7,10,13,13,14,16,18,21,22,23,24,24,25,24,24,24,24,24,24,24,24,24,24,24,24,24,24,24,24,24,23,23,23,23,23,23,23,23,23,23,23,23,23,23,23,23,23,23,22,22,23,22,22,23,23,22,22,23,23,23,23,23,23,23,23,23,24,24,24,24,24,24,23,23,23,23,23,24,24,23,24,25,26,24,19,11,9,10,10,13,17,20,22,23,20,19,22,23,24,25,25,26,26,26,22,18,23,26,26,26,25,22,15,5,0,0,0,0
0,2,6,16,22,27,26,22,23,25,23,24,26,26,26,25,21,15,18,20,21,22,22,18,14,11,8,6,7,7,7,6,6,5,5,4,5,5,5,7,12,16,18,19,19,19,18,16,11,6,6,6,6,6,6,6,6,5,5,5,5,5,5,5,5,5,5,5,5,5,5,5,5,5,5,5,5,6,5,5,4,3,5,8,12,16,17,18,17,16,15,13,9,6,6,5,4,4,5,6,6,5,5,5,7,8,6,5,6,5,4,3,3,4,4,4,4,5,5,3,5,9,12,15,17,15,16,19,21,23,24,24,24,25,25,25,24,24,24,24,24,24,24,24,24,24,24,24,24,24,24,24,24,24,23,23,23,23,24,23,23,23,23,23,23,23,23,23,23,23,23,23,23,22,22,22,23,23,23,23,23,23,24,23,23,23,23,23,23,24,24,24,24,24,24,24,24,23,23,24,24,23,24,25,26,25,22,15,8,10,12,12,15,19,23,23,20,18,21,24,25,25,26,26,27,26,22,20,24,26,26,26,25,21,13,3,0,0,0,0
1,1,4,17,24,27,25,23,24,25,23,23,26,26,26,24,19,12,16,21,22,22,21,16,12,10,7,6,7,7,6,6,6,5,5,5,5,4,5,7,11,15,18,19,19,19,18,16,11,6,6,6,6,6,6,6,6,6,6,6,5,5,5,5,5,5,4,4,5,4,4,5,4,4,4,4,5,5,5,5,6,4,4,6,10,13,15,16,17,15,12,9,5,5,5,4,4,5,5,6,6,5,5,5,7,7,7,5,5,4,4,4,4,4,3,4,4,4,5,5,8,13,17,17,16,16,18,21,22,24,24,24,24,25,25,25,25,24,24,24,24,24,24,24,24,24,24,24,24,24,24,24,24,24,23,23,23,24,24,23,23,23,23,23,23,23,23,23,23,23,23,23,22,22,22,23,23,23,23,23,23,24,24,23,23,23,23,23,23,23,24,24,24,24,24,24,24,23,23,24,24,24,24,25,25,24,24,19,10,7,11,12,12,17,22,22,20,17,20,23,25,26,26,26,27,25,21,22,24,25,26,27,25,21,12,2,0,0,0,0
0,0,3,17,24,26,25,23,23,25,22,23,26,26,25,23,18,11,16,22,22,21,19,13,9,8,7,7,7,7,6,6,6,5,6,5,5,5,5,6,10,13,16,17,19,18,17,17,12,7,5,7,7,6,6,6,6,6,6,6,5,5,5,5,5,5,5,5,5,5,5,5,5,5,4,5,5,5,6,6,6,5,5,6,9,12,13,14,13,12,9,6,4,4,5,5,4,5,6,6,6,5,5,6,7,6,5,4,5,5,4,4,5,5,3,3,4,6,5,6,11,16,17,15,14,17,19,21,22,23,24,25,24,24,25,25,25,24,24,24,24,24,24,24,24,24,24,23,23,24,24,24,23,23,23,23,23,23,24,24,23,23,23,23,23,23,23,23,23,23,23,23,23,23,23,24,24,23,23,23,24,24,24,23,23,23,23,23,23,23,24,24,24,23,24,24,24,24,23,24,24,24,24,24,25,24,24,22,13,6,7,10,11,15,21,22,20,18,19,20,23,25,26,26,26,25,21,23,24,24,26,26,26,21,11,0,0,0,0,0
0,0,3,17,24,26,25,23,22,24,23,24,26,26,25,23,17,13,18,22,21,20,15,10,7,6,7,7,7,7,6,6,7,6,6,6,6,6,5,6,8,10,14,17,18,17,17,16,12,8,6,6,6,6,6,6,6,6,5,5,5,5,5,5,5,5,5,6,6,6,6,6,6,6,6,7,7,7,7,6,6,6,6,6,8,10,10,10,9,8,7,6,5,5,5,5,4,5,6,7,6,5,5,5,6,5,4,4,5,5,5,5,5,4,4,4,5,5,7,10,14,16,14,13,15,18,20,22,23,23,24,25,24,24,24,24,24,25,24,24,24,24,24,23,23,24,23,23,24,24,24,23,23,23,23,23,23,23,23,23,23,23,23,23,23,23,23,24,23,24,23,23,23,23,23,24,24,23,23,23,24,24,24,23,23,23,23,23,23,23,24,24,24,24,24,24,24,24,24,24,24,24,24,24,25,24,25,24,17,8,7,11,11,15,21,23,22,20,19,19,22,25,25,26,26,25,21,24,24,23,25,26,26,20,10,0,1,0,0,0
0,0,3,18,24,27,25,23,22,23,24,25,26,26,24,22,16,16,21,22,20,18,12,8,5,5,7,8,8,6,5,6,9,9,8,7,7,7,5,5,7,9,15,19,20,18,17,14,11,7,6,7,7,7,6,6,6,5,5,5,5,5,5,4,4,4,5,6,6,6,6,5,6,6,7,7,7,7,7,6,6,6,6,6,7,8,8,7,6,6,6,5,5,5,5,5,4,5,6,6,6,5,5,5,5,5,5,5,6,5,5,5,4,4,5,5,5,8,11,14,14,13,9,11,15,19,20,21,23,24,24,24,24,24,24,24,24,25,24,24,24,24,24,24,24,24,24,24,24,24,24,24,24,24,24,24,23,23,23,23,23,23,23,23,23,23,23,24,24,24,24,24,24,24,24,24,24,24,23,23,23,23,23,23,23,23,23,23,23,24,24,24,24,24,24,24,24,24,24,25,25,25,24,25,25,25,25,25,21,9,6,11,11,14,19,23,23,22,20,19,22,24,26,26,26,24,22,25,25,23,25,27,26,20,9,0,0,0,0,0
0,0,3,17,24,27,26,24,23,23,24,25,26,26,23,20,16,17,22,21,19,15,10,9,6,6,8,8,7,5,5,8,11,11,10,9,9,9,6,5,6,9,15,19,18,18,16,14,11,8,6,6,6,7,6,6,6,5,5,5,5,5,5,5,5,5,5,6,6,6,6,6,6,7,7,7,6,6,6,6,6,5,5,6,7,7,7,7,6,6,5,5,5,5,5,4,4,5,5,6,5,5,5,5,5,5,5,5,5,5,5,5,5,5,5,5,7,11,13,13,10,7,7,11,15,18,19,20,22,24,24,24,24,24,24,23,24,24,24,23,24,24,24,24,24,24,24,24,24,24,24,23,23,23,23,23,23,23,23,23,23,23,23,23,23,23,23,24,24,24,24,24,24,24,24,24,24,24,24,23,23,23,23,23,23,23,23,23,23,23,24,24,24,24,24,24,24,24,24,25,24,24,24,24,24,24,24,25,23,15,7,8,11,13,17,22,23,24,22,19,20,24,26,26,26,24,21,25,25,24,26,26,25,20,10,0,0,0,0,0
0,0,3,17,23,26,26,25,24,24,25,25,26,25,22,19,18,20,21,19,16,12,9,8,7,7,8,7,6,5,7,11,14,14,14,13,13,12,9,6,5,8,14,18,17,17,16,14,11,7,6,6,6,6,6,6,6,5,5,5,5,5,4,4,5,5,5,6,7,7,7,6,6,6,7,7,6,6,6,5,4,5,5,5,5,5,5,5,5,5,4,4,4,5,5,4,4,4,5,5,5,4,5,4,4,5,5,5,4,5,5,6,6,7,7,8,10,11,10,7,6,6,7,12,15,18,19,21,23,25,24,24,24,24,23,23,23,24,24,23,24,24,24,24,24,24,24,24,24,24,24,24,24,23,23,23,23,23,23,23,23,23,23,23,23,23,24,24,24,24,24,24,24,24,24,24,24,24,24,24,24,24,24,24,24,24,23,23,23,24,24,24,24,24,24,24,24,24,24,25,25,24,24,24,24,24,23,24,24,21,11,5,9,10,15,21,23,24,23,19,19,23,26,26,25,23,22,25,24,24,26,26,24,18,7,0,1,0,0,0
0,0,3,17,23,26,27,26,25,25,25,26,26,24,22,19,19,22,21,15,13,12,8,7,8,7,8,7,6,7,10,14,16,17,16,16,16,15,12,10,8,8,12,17,17,17,16,14,11,7,6,6,6,6,6,5,5,5,5,5,5,5,5,5,5,5,6,6,7,7,7,6,6,6,7,7,5,5,5,4,4,5,5,4,4,4,4,4,4,4,4,4,4,5,5,4,4,4,4,5,5,4,4,4,4,4,4,4,4,4,5,6,6,7,8,10,10,8,5,4,4,7,8,11,13,16,20,23,24,24,24,24,24,24,24,24,24,24,24,23,24,25,24,24,24,24,24,24,24,24,24,24,24,24,24,24,24,23,23,24,23,23,24,24,24,23,24,24,24,24,24,24,24,24,24,24,24,24,24,24,24,24,24,24,24,24,24,24,24,24,24,24,24,24,24,24,24,24,24,25,24,24,24,24,24,24,22,23,24,23,17,8,7,9,12,18,22,23,22,19,19,22,25,26,25,23,22,25,23,23,26,27,24,15,4,0,0,0,0,0
0,1,3,18,23,26,26,26,25,25,25,26,25,23,21,18,19,22,20,14,11,10,8,8,7,7,7,6,6,8,11,15,16,17,17,17,17,17,15,13,12,10,13,17,18,17,16,14,11,8,6,5,6,6,5,5,5,5,5,5,5,5,5,5,6,4,5,6,6,6,6,6,6,7,7,7,5,4,4,4,4,5,5,5,4,3,4,4,4,4,5,5,5,5,5,4,4,4,4,4,4,4,4,4,4,4,4,4,3,4,5,6,6,6,7,9,8,6,4,5,4,6,7,8,13,18,22,24,24,24,24,24,24,24,24,24,24,24,24,23,24,24,24,24,24,24,24,24,24,24,24,24,24,24,24,24,24,24,24,24,24,24,24,24,24,23,24,24,24,24,24,24,24,24,24,24,24,24,24,24,24,24,24,24,24,24,23,23,23,24,23,24,24,24,24,24,24,24,24,25,24,24,24,24,24,23,22,22,22,23,20,11,7,8,10,15,20,23,21,19,19,21,25,26,25,23,23,25,23,22,26,26,24,14,2,0,0,0,0,0
0,1,5,18,24,26,26,26,24,24,24,26,25,23,20,19,19,21,18,13,11,9,7,8,7,7,6,6,6,8,11,14,16,17,17,18,18,17,17,16,15,13,15,18,18,18,16,14,11,8,7,6,6,6,5,5,5,5,5,5,5,5,5,5,4,3,5,6,6,5,6,6,6,7,7,6,5,4,4,5,5,5,5,5,4,3,4,4,5,5,5,5,5,5,5,4,4,4,4,4,4,4,4,4,4,4,4,4,4,3,4,5,5,5,6,7,6,5,4,4,5,5,3,8,17,22,24,24,24,24,24,23,23,24,24,24,24,24,23,23,23,24,24,23,23,24,24,24,24,24,24,24,24,24,24,23,23,23,24,24,24,24,24,24,24,24,24,24,24,24,24,24,24,24,24,24,24,24,24,23,23,23,23,23,23,23,23,23,23,23,23,23,23,24,24,25,24,24,24,25,24,24,24,24,23,22,21,21,20,23,21,14,8,7,8,13,19,22,21,19,18,20,24,26,25,24,23,25,23,23,25,25,24,15,4,0,0,0,0,0
0,3,10,20,25,26,27,26,24,21,25,26,25,23,21,20,20,20,16,13,11,9,7,8,7,7,6,7,7,8,10,12,14,16,17,18,19,19,18,19,18,18,19,19,18,18,16,12,9,8,8,7,7,7,7,6,6,6,6,6,5,5,5,5,5,8,9,10,8,5,5,6,6,6,6,5,5,5,5,5,5,5,5,5,4,4,4,4,4,4,4,4,4,4,4,4,4,4,4,4,4,4,4,4,4,4,4,4,4,3,4,5,4,5,9,9,5,4,6,4,3,4,4,14,22,25,24,24,24,24,24,24,24,24,24,24,24,24,24,23,24,24,24,24,24,24,24,24,24,24,24,24,24,24,24,24,24,24,24,24,24,24,24,24,24,24,24,24,24,24,24,24,24,24,24,24,24,24,24,24,24,23,23,23,23,23,23,23,23,23,23,24,24,24,24,24,24,24,24,25,24,24,24,24,24,23,22,21,20,20,20,16,11,7,8,11,17,20,21,20,19,19,23,26,26,25,24,25,24,25,26,26,23,15,4,1,1,0,0,0
1,5,14,22,25,26,27,26,22,18,24,26,24,22,20,20,20,18,14,11,10,8,8,7,7,7,7,7,6,7,8,10,12,14,16,17,18,20,20,19,19,19,19,18,18,16,14,11,9,8,8,7,7,6,6,6,6,5,6,7,8,8,9,10,11,15,14,12,9,8,8,7,7,6,5,5,5,5,5,5,5,5,5,4,4,4,4,4,4,4,4,4,4,4,4,4,4,4,4,4,4,4,4,4,4,4,4,4,4,4,5,5,3,9,15,11,5,4,6,5,0,6,13,21,24,24,24,24,24,24,24,24,23,24,24,24,24,24,24,24,24,24,23,23,24,24,24,23,24,24,24,24,24,24,24,24,24,24,24,24,24,24,24,24,24,24,24,24,24,24,24,24,24,24,24,24,24,24,24,24,24,24,24,23,23,23,23,23,23,23,23,24,24,24,24,24,24,24,24,25,24,24,23,24,23,23,23,21,20,18,19,18,14,8,6,8,14,18,21,21,19,18,22,25,26,25,24,25,24,25,26,26,24,17,6,1,1,0,0,0
0,3,16,22,25,26,26,25,21,16,25,26,23,20,19,21,20,16,13,10,8,8,8,7,7,6,7,6,6,6,6,8,10,12,14,15,16,19,20,19,19,20,19,18,17,15,12,10,9,8,7,6,6,6,6,6,6,7,7,8,10,11,13,14,15,18,17,14,10,9,9,8,7,7,6,5,5,5,6,5,5,5,5,4,4,4,4,4,5,5,5,5,4,4,4,4,4,4,4,4,4,4,4,4,4,4,4,4,3,4,6,4,5,13,17,9,3,4,4,4,1,10,19,23,24,23,25,23,23,24,24,23,22,23,24,24,24,24,24,24,24,24,23,23,24,24,24,23,24,24,24,24,24,24,24,24,24,23,23,23,24,24,24,24,24,24,24,24,24,24,24,24,24,23,23,23,23,23,23,23,23,23,23,23,23,23,23,23,23,23,23,24,24,24,24,24,24,24,24,24,24,24,24,24,24,23,23,21,20,17,18,18,17,11,6,7,12,17,21,20,18,17,21,25,26,25,24,24,24,25,25,25,24,18,7,0,0,0,0,0
0,2,17,23,26,26,26,25,19,17,26,26,22,18,18,20,19,15,13,11,8,8,8,6,7,6,7,6,6,7,7,6,7,9,12,14,15,17,19,19,19,20,20,19,17,14,12,10,9,8,7,6,6,5,6,7,7,8,8,9,11,12,14,15,16,17,19,17,13,11,11,10,9,9,7,6,5,5,6,5,5,5,5,5,4,4,4,4,4,4,4,4,4,4,4,4,4,4,4,4,4,4,4,4,4,4,4,4,4,4,4,3,8,13,14,5,3,4,3,3,9,17,23,24,23,24,24,23,23,24,24,23,23,23,24,24,24,24,24,24,24,24,23,23,23,24,24,23,24,24,24,23,23,23,24,24,24,24,24,24,24,24,24,24,24,24,24,24,24,24,24,24,24,23,23,23,23,23,23,23,23,23,23,23,23,23,23,23,23,23,23,24,24,24,24,24,24,24,24,24,24,24,24,24,24,23,23,21,19,18,17,17,19,15,9,6,9,15,20,21,19,19,21,25,26,26,25,23,24,26,26,25,25,20,9,0,0,0,0,0
1,3,18,24,27,27,27,24,17,20,26,25,21,18,19,20,17,14,12,10,8,7,7,7,7,6,6,6,6,7,7,6,7,8,10,11,13,15,16,19,20,21,21,20,17,15,13,10,9,8,7,7,7,6,6,8,9,9,8,9,11,13,15,16,17,18,18,18,15,13,13,13,12,10,8,6,5,5,5,5,5,5,5,5,4,4,4,4,4,4,4,4,4,4,4,4,4,4,4,4,4,4,4,4,4,4,4,4,3,4,4,5,8,10,8,3,4,6,3,4,14,22,24,24,24,24,24,23,24,24,24,24,24,24,24,24,24,24,24,23,24,24,23,23,23,24,24,23,23,24,23,23,23,23,23,24,24,24,24,24,24,24,25,25,24,24,24,24,24,24,24,24,24,24,24,24,23,23,24,24,24,23,23,23,23,23,23,23,23,23,23,24,24,24,24,24,24,24,24,24,24,24,23,24,24,24,23,22,20,18,17,17,20,17,10,6,7,12,18,21,20,19,21,25,26,26,25,23,24,26,26,26,25,21,11,1,0,0,0,0
1,3,18,24,26,26,26,22,14,21,26,25,20,18,20,19,15,12,10,9,9,8,7,7,7,6,6,6,6,5,5,6,7,7,8,8,10,12,14,17,20,21,21,19,18,16,14,11,9,8,7,7,6,6,7,8,9,10,9,11,13,15,17,18,19,18,18,17,16,14,14,14,13,12,9,7,5,5,5,5,5,5,5,4,4,4,4,4,5,5,4,4,4,4,4,4,4,4,4,4,4,4,4,4,4,4,4,4,3,3,5,6,6,6,4,4,6,6,4,8,18,23,24,24,24,23,23,23,23,24,24,24,23,24,24,24,24,24,24,23,24,24,23,23,23,24,24,23,24,24,23,23,23,23,23,23,23,23,23,23,24,24,24,24,24,24,24,24,24,24,24,24,24,24,24,23,23,23,23,23,23,23,23,23,23,23,23,23,24,23,23,24,24,24,24,24,24,24,24,24,23,24,24,24,24,23,23,22,20,18,17,16,19,18,12,7,6,9,16,20,20,19,18,23,26,26,25,22,24,26,26,26,24,21,11,0,0,0,0,0
0,2,18,24,25,27,26,19,8,21,27,24,20,19,20,17,14,11,9,9,9,8,7,7,7,7,6,6,6,6,5,6,6,6,6,6,7,9,11,13,17,19,19,18,17,16,14,11,9,8,7,6,5,6,8,9,10,11,12,15,17,19,19,19,19,18,18,18,17,16,14,13,12,12,10,8,6,6,6,4,5,6,5,4,4,4,4,4,5,5,5,4,4,4,4,3,4,4,5,5,5,4,4,4,4,4,5,4,3,3,4,4,4,3,3,4,5,4,4,12,20,23,24,23,23,23,24,24,23,23,24,24,23,24,24,24,24,24,24,24,23,23,23,23,24,23,24,23,24,24,23,23,23,23,23,23,23,23,23,23,24,24,24,24,24,24,24,24,24,24,24,24,24,24,24,23,23,23,23,23,23,23,23,23,23,23,23,23,23,23,23,23,23,23,24,24,23,23,24,24,23,23,24,24,24,24,23,22,20,19,17,16,17,18,16,9,6,7,12,19,21,20,17,21,26,26,25,21,23,26,26,26,25,22,14,4,3,0,0,1
0,2,18,25,26,27,27,19,7,23,28,24,20,20,20,16,14,10,9,9,9,7,6,6,7,7,6,5,6,7,6,6,6,6,6,6,6,8,10,14,18,20,19,18,18,17,15,11,8,7,7,6,6,8,10,11,13,15,17,19,20,20,20,19,19,18,18,18,18,17,15,14,13,13,11,10,7,8,8,6,6,6,6,6,5,5,5,5,4,4,4,4,4,4,4,4,4,4,4,4,4,4,4,4,4,4,5,4,4,4,4,4,4,4,5,6,4,2,7,14,21,23,23,23,23,23,24,24,23,24,24,24,24,24,24,24,24,24,24,24,23,23,23,23,23,23,23,23,23,23,23,23,23,23,23,23,23,23,23,24,24,24,24,24,24,24,24,24,24,24,24,24,24,24,24,23,23,23,23,23,23,23,22,23,23,22,23,23,23,23,23,23,24,24,24,24,24,23,24,24,23,23,24,24,24,23,23,22,20,18,16,15,16,18,18,11,7,6,10,17,21,21,19,21,26,27,24,19,23,27,27,26,26,23,16,5,1,0,1,1
1,3,19,25,27,27,26,18,5,23,27,23,20,20,19,16,12,10,9,9,8,7,6,7,9,10,10,9,9,9,8,7,7,6,6,6,6,7,9,13,18,20,19,18,18,17,15,11,8,6,6,6,6,9,12,15,17,18,20,21,21,21,20,19,19,18,18,18,18,18,17,15,15,14,13,11,9,9,9,7,7,6,7,8,7,6,5,4,4,4,4,4,5,5,5,5,4,4,3,3,4,4,4,4,4,4,4,4,4,4,4,4,4,3,4,5,4,1,7,15,20,23,23,23,23,23,23,23,23,23,23,23,24,24,24,24,24,24,24,24,24,23,23,23,23,23,23,23,23,23,23,23,23,23,23,23,23,23,23,23,24,24,24,23,24,24,24,24,24,24,24,24,24,24,24,23,23,23,23,22,23,22,22,23,22,22,22,22,22,22,23,23,24,24,24,24,24,24,24,24,23,24,24,24,24,24,24,23,21,18,16,15,15,17,18,11,7,6,8,15,19,21,21,21,25,27,25,18,21,27,27,26,25,23,17,5,0,0,1,2
1,3,19,25,26,26,26,18,7,23,26,21,19,19,18,15,11,8,9,9,8,7,8,10,12,13,13,12,11,11,9,8,8,7,8,7,7,8,10,13,16,18,18,18,17,16,14,12,9,7,6,6,8,11,14,17,19,20,21,21,21,21,20,19,19,18,18,17,17,17,17,17,17,17,15,13,11,10,10,9,9,9,9,10,9,8,7,6,5,5,4,4,5,5,5,5,4,4,3,3,4,4,4,4,4,4,4,4,4,4,4,3,4,5,4,4,5,5,11,17,21,24,24,23,23,24,24,24,23,23,23,23,24,23,23,24,24,23,23,24,23,24,24,23,23,23,23,23,23,23,23,23,23,23,23,23,23,23,23,23,24,23,23,23,23,23,23,23,24,24,24,24,24,24,23,23,23,23,23,22,23,22,22,22,22,22,22,22,23,23,23,23,24,24,24,24,24,23,24,24,24,24,24,24,24,24,24,23,21,20,18,16,14,15,18,13,8,6,6,13,18,20,20,19,23,27,26,18,20,26,27,26,25,24,19,8,0,0,1,2
0,6,19,25,26,26,27,18,10,24,25,20,19,19,17,14,10,7,9,9,7,6,9,11,14,16,15,13,12,12,11,9,8,9,9,8,10,10,10,14,17,19,18,18,17,16,14,12,11,9,7,8,10,13,16,18,19,20,20,21,21,20,20,20,20,19,18,18,18,18,18,17,17,17,16,15,13,12,11,11,11,11,11,11,11,11,9,8,7,5,5,4,5,5,4,4,4,4,4,4,4,4,4,4,4,4,4,4,4,4,4,4,4,5,4,4,5,7,12,18,22,23,24,23,23,24,24,24,24,24,23,24,24,24,24,24,23,23,23,23,24,24,24,23,23,23,23,23,23,23,23,23,23,23,23,23,23,23,23,23,23,23,23,23,23,23,23,23,24,24,23,24,24,24,23,23,23,23,23,23,23,22,22,23,23,22,23,23,23,23,23,23,24,23,24,24,24,23,23,24,24,24,24,24,24,24,24,23,22,20,20,17,13,14,18,16,9,6,6,12,18,20,20,18,22,27,27,21,18,25,27,27,26,24,21,12,4,1,1,2
2,11,21,26,27,26,26,17,12,25,24,20,19,19,17,13,9,7,9,9,6,6,11,13,16,18,17,15,14,13,11,9,9,10,10,10,11,11,11,15,19,20,19,18,19,16,15,13,12,10,9,9,12,15,18,18,19,20,20,20,20,20,19,19,19,20,19,18,18,18,18,18,17,17,17,15,14,14,13,13,13,14,13,13,12,13,11,10,8,6,5,4,5,4,4,4,4,4,4,5,4,4,4,4,4,4,4,4,4,4,4,4,4,4,4,3,4,6,9,16,22,24,24,24,24,24,24,24,23,23,23,23,23,23,24,24,23,23,23,23,24,24,24,23,23,23,23,23,23,24,23,23,23,23,23,23,23,23,23,23,23,23,23,23,23,23,23,23,23,23,23,24,24,24,23,23,23,23,22,23,23,23,22,23,23,22,23,23,23,23,23,23,23,23,23,24,23,23,23,24,24,24,24,24,24,24,24,23,22,21,20,17,13,13,17,17,11,6,6,11,16,20,20,19,22,27,27,22,16,23,27,26,26,25,22,15,6,2,1,2
2,13,22,26,26,26,25,16,14,24,23,19,18,18,15,12,7,7,9,8,7,8,13,15,18,19,18,17,15,13,12,9,10,11,11,11,12,12,12,15,18,19,18,18,18,17,15,14,13,11,10,11,13,17,19,19,19,19,19,20,20,19,19,18,19,20,19,19,18,18,17,17,17,17,17,16,15,15,15,15,16,16,15,14,14,14,15,14,11,8,6,6,5,4,4,4,4,4,4,5,4,4,4,4,4,4,4,4,4,4,4,4,4,4,4,4,3,1,2,11,21,24,23,23,23,24,24,24,23,23,23,23,23,23,23,23,23,23,23,23,24,24,23,23,23,23,23,23,24,24,23,23,23,23,23,23,23,23,23,23,23,23,23,23,23,23,23,23,23,23,23,23,24,23,23,23,22,22,22,22,23,22,22,23,23,23,23,23,23,23,23,23,23,23,23,23,23,22,23,23,23,23,23,23,24,24,24,24,23,22,21,18,13,13,17,18,11,6,7,10,14,19,20,19,20,25,27,23,14,20,27,27,26,25,22,16,5,2,0,0
0,14,22,26,26,26,24,15,15,24,23,19,19,19,14,12,7,8,9,7,6,10,15,17,19,20,19,18,16,14,13,11,12,12,12,12,13,13,14,17,18,19,19,19,18,17,15,14,13,12,12,13,15,17,18,19,19,19,20,20,20,19,19,19,20,19,19,18,18,17,17,17,17,18,17,16,15,15,15,16,16,16,16,15,14,14,14,15,14,10,7,7,6,4,4,4,4,4,4,4,4,4,4,4,4,4,4,4,4,4,4,4,4,4,4,4,5,5,3,10,20,24,23,24,23,24,24,24,23,23,24,23,23,23,23,23,23,24,23,23,23,24,23,23,23,23,23,23,24,24,23,23,22,23,23,22,23,23,23,23,23,23,23,23,23,23,22,23,23,23,23,23,23,23,23,23,22,22,22,22,23,22,22,23,23,22,23,23,23,22,23,23,22,22,22,23,23,22,23,23,24,24,24,24,24,24,24,24,24,23,21,18,14,12,17,18,11,6,7,8,13,18,20,19,20,24,28,23,10,17,27,27,26,26,23,18,4,0,0,0
0,14,22,27,26,26,23,14,17,23,22,19,19,18,13,10,7,9,9,6,6,10,16,18,20,21,20,19,18,16,15,14,14,13,13,13,14,14,16,17,18,18,18,18,18,17,16,15,14,14,14,15,16,17,18,19,19,19,20,20,20,20,19,18,18,17,17,17,17,17,17,17,17,17,16,16,15,15,15,16,16,16,16,15,15,15,14,15,15,13,9,8,6,5,5,5,4,4,4,4,4,4,4,4,4,4,4,4,4,4,4,4,4,4,5,5,6,5,5,11,19,23,23,24,24,24,24,24,23,24,24,23,24,23,23,23,23,24,23,23,24,24,23,23,23,23,23,23,23,23,23,23,22,23,23,22,22,22,22,22,23,23,23,23,23,23,22,22,23,23,22,22,23,22,23,23,23,23,22,23,23,22,22,23,23,22,22,23,22,22,23,23,22,22,22,23,23,23,23,24,24,24,24,24,24,24,24,24,24,23,20,18,13,12,17,20,12,7,7,7,12,18,20,19,18,22,28,24,10,18,27,26,26,26,24,20,6,0,1,0
0,14,22,27,27,26,21,13,19,23,20,18,18,17,13,8,7,9,10,7,6,10,16,17,19,19,19,19,19,18,18,17,15,14,14,14,14,14,17,18,17,18,18,19,18,18,17,17,16,15,15,16,17,18,19,19,20,20,19,18,20,20,18,16,15,14,14,15,15,15,15,16,16,15,15,15,16,16,16,16,16,15,15,15,15,15,14,15,15,15,12,8,5,5,5,5,5,4,4,4,4,4,4,4,4,4,4,4,4,4,4,4,4,4,5,5,5,4,7,12,17,20,23,24,24,24,24,24,23,24,24,24,24,24,24,24,23,24,24,23,24,24,24,23,24,24,23,23,23,23,23,23,23,23,23,22,22,22,22,22,22,23,23,23,23,22,22,22,22,22,22,22,22,22,22,22,22,22,22,23,23,23,22,23,23,22,22,23,22,22,23,23,22,21,22,23,23,23,23,24,24,23,23,23,24,24,24,24,23,22,20,17,13,12,16,20,14,9,8,7,11,17,20,20,17,20,27,25,13,18,27,26,26,26,25,21,11,1,1,0
1,14,23,27,27,27,19,12,20,23,20,18,18,16,12,7,6,9,10,8,7,11,15,16,17,18,18,18,19,19,19,18,16,15,16,14,14,15,17,18,18,18,18,19,18,19,19,18,17,16,17,17,18,19,19,20,20,20,18,17,18,18,15,13,12,10,10,11,13,14,15,15,15,15,15,15,16,17,17,16,16,15,15,16,16,15,15,15,15,16,14,9,6,6,6,6,5,5,4,4,4,4,4,4,4,4,4,4,4,4,4,4,4,4,5,5,4,3,7,12,15,18,22,23,24,24,24,24,24,24,24,24,24,24,24,24,23,24,24,23,24,24,24,24,24,24,24,23,23,23,23,23,23,23,23,22,22,22,22,22,22,22,22,22,22,22,22,22,22,22,21,21,21,22,22,22,22,23,23,23,23,23,22,22,22,22,22,23,23,22,23,23,22,22,22,23,23,23,23,24,24,23,23,23,24,24,24,24,23,22,20,17,14,13,16,20,15,9,8,7,10,16,20,20,16,19,26,26,13,16,26,26,26,26,25,23,16,3,0,0
0,14,23,27,27,27,18,12,20,23,21,18,18,16,13,9,5,8,9,8,8,11,14,15,16,17,17,18,19,19,18,17,16,16,17,16,15,16,17,18,19,19,19,19,19,20,19,19,17,17,18,18,19,20,20,20,20,19,17,15,15,15,11,9,9,8,8,8,9,12,15,16,17,16,15,16,17,17,17,17,16,15,15,16,16,16,16,16,17,17,14,10,8,7,6,6,5,5,5,4,4,4,4,4,4,4,4,4,4,4,4,4,4,4,4,4,4,3,7,11,14,17,21,22,23,23,24,24,24,24,24,24,24,24,24,24,24,24,24,24,24,24,24,24,24,24,24,23,23,23,23,23,23,24,23,23,23,23,23,22,22,22,22,22,22,22,22,22,22,22,21,21,22,22,22,23,23,23,23,23,23,23,22,22,22,22,23,23,23,23,23,23,23,22,22,22,23,22,23,24,24,24,24,24,24,24,25,24,23,23,21,18,16,15,16,19,15,10,8,7,10,16,19,20,17,18,25,27,17,16,25,26,26,26,26,23,19,5,1,2
3,15,23,26,27,26,18,11,20,21,20,20,18,13,9,7,7,7,7,7,8,10,13,14,16,17,18,18,19,19,19,18,16,16,16,16,15,15,17,19,20,20,20,20,20,20,19,19,18,19,19,19,20,21,21,20,19,17,15,13,12,10,8,7,7,6,7,6,5,7,12,15,17,16,17,17,18,18,18,17,16,15,15,15,16,16,16,17,18,17,15,12,10,9,8,6,5,5,5,4,4,4,4,4,4,3,3,3,3,3,4,5,4,3,4,4,4,4,7,11,13,16,20,22,23,23,24,24,23,24,24,24,24,24,24,24,24,24,23,23,23,24,24,23,23,23,23,23,23,23,23,23,23,23,23,22,23,23,22,22,22,22,22,22,22,22,22,22,22,22,21,21,22,22,23,23,23,23,23,23,23,23,22,22,23,22,23,23,23,22,22,22,22,22,22,23,23,23,23,23,23,23,24,24,24,24,24,24,23,21,19,17,16,15,15,17,15,11,8,7,8,13,18,20,18,17,24,27,22,16,23,26,26,25,26,23,20,6,0,0
7,18,25,26,26,25,17,13,21,20,19,20,18,12,9,6,7,7,7,7,8,9,12,16,17,18,18,18,18,19,20,19,18,16,15,16,15,16,18,19,20,20,20,21,21,20,20,19,19,20,20,20,20,21,21,20,18,15,12,11,10,7,7,7,6,5,6,5,4,5,7,10,14,15,17,18,17,17,17,17,17,17,17,17,17,18,18,18,17,17,15,13,11,10,8,5,5,4,5,5,4,4,4,4,4,3,3,3,2,3,4,5,4,4,4,4,4,4,7,11,13,16,20,22,23,23,23,23,24,24,25,24,24,24,24,24,24,24,23,23,23,24,24,23,23,23,23,23,23,23,22,23,23,23,23,22,23,23,22,22,22,22,22,22,22,22,21,22,22,22,22,22,22,22,23,23,22,22,22,22,23,23,23,22,23,23,23,23,23,23,23,22,23,23,22,22,23,22,22,23,23,23,24,24,24,24,24,24,24,22,19,17,17,16,16,17,15,12,9,7,7,12,17,20,19,17,24,27,24,16,21,26,26,26,26,24,21,10,2,0
10,20,25,27,26,24,16,15,22,21,18,19,18,13,8,6,7,8,8,8,8,8,13,17,18,18,18,18,20,20,19,20,19,17,14,15,15,16,18,20,21,21,21,21,21,21,21,20,20,21,21,21,21,21,20,19,16,12,10,9,8,6,6,5,5,6,5,5,6,6,5,5,8,10,13,15,16,16,17,17,17,16,17,18,18,18,18,17,17,17,15,13,11,9,7,5,5,5,5,5,4,4,4,4,4,4,4,4,3,4,4,4,4,4,4,4,4,3,6,11,13,16,20,21,22,22,23,23,24,24,24,24,24,24,24,24,23,24,23,23,23,24,24,23,23,23,23,23,23,23,23,23,23,23,23,22,23,23,22,22,22,22,22,22,22,22,21,22,22,22,22,22,22,22,23,23,22,22,22,22,23,23,22,22,23,23,23,23,23,23,23,23,22,22,22,22,23,22,22,23,23,23,24,24,24,24,24,24,24,22,19,17,17,16,16,16,15,13,10,7,7,12,17,20,20,19,23,27,26,15,19,26,27,26,26,25,22,13,4,0
10,21,26,27,26,22,13,15,22,21,19,18,16,12,8,6,7,8,8,7,7,7,12,16,17,17,18,18,20,20,19,20,19,18,16,15,15,16,18,19,20,20,20,21,21,21,21,21,21,21,21,21,22,21,19,17,13,9,8,8,7,6,6,6,6,7,5,4,5,6,6,5,6,6,6,9,12,14,15,14,13,13,15,16,16,15,16,17,18,17,15,12,9,7,6,5,5,5,5,4,4,4,4,4,4,4,4,4,4,4,4,4,4,5,5,6,7,7,8,11,12,16,19,21,21,22,22,23,23,24,24,24,24,24,24,24,23,24,24,24,24,24,23,23,23,23,23,23,23,23,22,23,23,23,23,22,23,23,22,22,22,22,22,22,22,22,22,22,22,22,22,22,22,22,22,22,22,22,22,22,22,22,22,22,23,23,23,23,23,23,23,23,22,22,22,22,23,22,22,23,23,23,24,24,24,24,24,24,23,21,18,16,17,17,16,16,17,15,10,6,7,12,17,20,21,20,21,26,27,16,17,26,27,26,26,25,22,16,4,0
12,22,26,26,26,21,13,17,22,21,19,16,14,11,7,6,7,7,6,5,6,7,10,13,15,16,17,18,20,20,20,19,19,19,18,15,14,15,17,19,20,20,20,20,21,21,21,21,21,21,21,22,21,21,18,14,10,8,7,7,7,6,6,5,5,6,4,3,4,5,6,6,6,6,5,4,6,9,11,11,9,10,12,14,13,12,13,16,17,16,14,11,7,6,6,5,5,5,5,4,4,5,4,4,4,4,4,4,5,4,4,4,5,5,6,8,10,10,10,12,12,15,18,20,21,21,22,22,23,23,24,24,23,24,24,23,23,24,24,24,24,24,23,23,23,23,23,23,23,23,23,23,23,23,23,23,23,23,23,23,23,23,22,22,22,22,22,22,22,22,22,22,22,22,23,22,22,22,22,22,22,22,22,22,23,23,23,22,22,22,22,22,22,22,22,22,23,23,23,23,23,23,24,24,24,24,24,24,22,20,17,16,16,17,16,17,18,17,10,5,7,11,16,20,21,20,21,25,26,18,16,24,27,26,26,26,23,18,6,0
15,23,27,26,26,20,13,19,21,20,19,16,12,9,8,7,7,8,7,8,9,10,12,13,15,16,17,19,20,21,21,20,20,20,19,17,15,15,18,19,20,20,20,20,21,22,22,22,21,22,22,22,21,21,18,11,8,8,7,6,6,6,6,5,5,5,5,5,6,6,6,6,5,5,5,5,6,7,7,7,8,10,11,11,11,10,12,15,17,15,12,9,7,6,5,4,5,6,6,4,3,4,5,4,5,4,4,4,4,5,4,3,5,6,7,10,12,12,12,12,12,15,17,20,21,21,22,22,22,23,23,23,23,24,24,23,23,24,24,24,24,24,23,23,23,23,23,23,23,23,23,23,23,23,23,23,23,23,23,23,23,22,23,22,22,22,22,22,22,22,22,22,22,22,22,22,22,22,21,21,22,22,22,22,23,23,22,22,22,22,22,22,22,22,22,22,23,23,23,23,23,23,24,24,24,24,24,23,21,18,16,16,16,17,17,17,18,18,12,7,7,10,15,20,21,20,21,25,26,20,17,24,27,26,27,26,24,20,7,0
15,23,26,27,25,18,12,18,19,19,18,16,13,9,8,8,8,7,8,11,13,15,15,16,17,17,18,19,20,21,21,21,20,20,19,18,17,17,18,19,20,20,21,21,22,22,22,22,22,22,22,21,21,21,16,9,7,7,7,6,7,6,6,6,6,6,7,6,6,6,6,6,5,5,7,8,8,8,7,8,9,9,10,10,11,10,12,14,16,14,10,7,6,5,5,5,5,5,4,4,4,4,4,3,4,5,5,6,7,5,4,3,4,6,8,11,13,13,13,13,13,13,14,17,20,21,22,22,21,22,23,23,23,24,24,23,23,23,23,23,23,23,23,23,23,23,23,23,23,23,23,23,23,23,23,23,23,22,22,22,22,22,22,22,22,22,22,22,22,22,22,22,22,22,22,22,22,22,21,21,22,22,22,22,22,22,22,22,22,22,22,22,22,22,22,22,22,22,23,23,23,23,23,24,24,24,24,23,20,17,16,16,16,16,16,15,18,18,14,8,6,8,13,18,20,20,21,25,27,23,18,21,25,26,26,26,24,21,10,1
16,23,26,27,26,19,13,18,20,19,17,16,13,9,8,8,7,8,10,14,16,18,18,19,19,19,20,20,21,21,21,21,21,21,20,19,18,18,18,18,19,20,21,21,21,21,21,21,21,21,21,20,20,20,14,7,6,6,6,6,6,6,5,5,5,5,5,5,5,5,6,7,7,7,8,9,9,10,9,10,11,11,10,10,12,12,13,14,15,13,9,6,5,4,4,4,4,4,5,5,4,4,4,4,4,4,3,2,1,3,5,4,4,6,8,11,11,12,12,14,14,14,14,16,19,20,21,21,20,20,21,22,22,23,24,23,23,23,23,23,23,23,23,24,24,24,23,23,23,23,23,23,23,23,23,23,23,23,22,22,22,22,22,22,22,22,22,22,23,23,23,23,23,22,22,23,23,22,22,21,22,22,22,22,22,22,22,22,22,22,22,22,22,22,21,22,22,22,22,22,22,23,23,23,24,24,24,22,19,16,15,15,15,16,16,15,17,18,15,8,6,9,14,19,21,20,21,24,26,24,18,18,24,26,26,26,25,22,14,2
15,23,26,26,25,20,14,18,20,18,17,14,12,9,8,8,8,9,11,15,17,19,20,20,21,21,21,21,21,21,21,21,21,22,21,20,20,19,19,19,20,20,21,22,21,22,22,22,22,21,21,20,21,19,12,7,7,5,5,6,6,5,5,6,6,5,5,6,6,7,8,9,9,9,10,10,11,10,10,11,12,12,11,12,14,14,14,14,13,11,7,5,5,5,5,5,5,6,6,5,5,3,3,5,5,5,5,6,5,4,5,4,4,6,9,10,10,10,11,13,14,13,14,15,17,18,19,19,19,19,20,21,21,22,23,23,23,23,23,23,23,23,23,24,24,23,23,23,23,23,23,23,23,23,23,23,23,22,22,22,22,22,22,22,22,22,22,22,23,23,23,23,23,22,22,23,23,22,22,22,22,22,22,22,23,23,22,22,22,22,22,22,22,22,21,22,22,22,22,22,22,23,23,23,23,23,23,22,19,16,14,15,15,16,17,15,16,19,17,10,8,10,14,19,21,20,20,23,26,25,18,15,23,26,26,26,25,23,17,4
16,23,26,26,24,17,12,18,20,18,16,15,12,9,8,8,8,9,12,15,18,19,20,20,21,21,20,21,21,21,21,21,22,22,21,21,20,20,20,20,21,21,21,21,22,22,22,22,22,21,21,20,21,17,10,7,7,5,5,6,5,4,4,6,7,7,7,7,8,9,10,10,11,11,10,11,11,11,11,12,13,13,13,15,16,16,15,14,11,9,6,5,5,6,6,5,5,4,4,4,5,5,4,6,4,4,7,10,11,9,7,4,6,8,9,10,9,8,9,12,13,13,14,13,15,16,16,16,17,18,19,19,19,21,22,23,23,23,23,23,23,23,23,23,23,23,23,23,23,23,23,23,23,23,23,22,22,22,22,22,22,22,22,22,23,23,22,23,23,23,23,23,23,23,23,23,23,22,22,22,22,22,23,23,23,23,22,23,22,22,22,22,22,22,22,22,22,22,22,22,23,23,23,23,23,23,23,22,19,16,15,15,15,17,16,14,14,18,17,10,7,9,14,19,20,20,20,22,26,25,19,15,24,26,26,26,26,24,19,6
16,23,26,26,24,16,11,18,20,18,17,15,12,9,8,7,7,9,12,16,18,19,20,19,19,19,19,20,21,21,21,21,22,22,21,20,20,20,20,20,21,20,20,20,21,21,21,22,21,21,20,20,20,15,8,5,6,6,5,6,6,5,5,7,9,10,10,10,10,10,10,11,12,12,12,12,12,12,13,13,14,14,15,16,17,16,15,13,10,7,6,6,5,6,5,5,5,5,5,6,6,5,4,5,5,6,11,16,19,16,12,8,8,9,9,10,10,9,9,11,12,11,12,12,13,14,15,15,15,17,19,19,18,19,21,22,23,23,23,23,23,23,23,23,23,23,23,23,23,23,23,23,23,23,22,22,22,22,22,22,22,22,22,22,23,23,23,23,23,23,23,23,23,23,23,23,23,22,22,22,22,23,23,23,23,23,23,23,23,22,22,22,22,22,22,22,22,22,22,22,23,23,23,23,23,23,23,22,19,16,15,15,15,16,16,13,14,17,17,9,6,8,14,18,20,20,20,22,26,25,19,15,24,26,26,26,26,25,20,9
16,24,26,26,24,17,11,17,20,19,17,16,13,10,8,7,7,8,12,15,17,18,19,19,19,18,18,19,20,20,20,20,21,21,21,21,21,21,21,20,20,20,20,21,21,21,22,21,21,21,21,21,20,14,8,7,6,6,6,7,7,5,5,7,10,15,13,13,13,12,12,13,13,13,13,13,13,13,14,14,16,16,16,16,16,15,14,12,9,7,7,7,6,6,7,8,8,9,9,10,9,5,3,4,5,7,13,17,17,15,12,10,8,9,11,11,12,10,9,9,11,10,11,12,13,13,14,14,14,15,18,19,19,20,21,22,23,23,23,23,23,23,23,23,22,23,22,22,22,22,22,22,22,22,22,22,22,22,22,22,22,22,22,22,22,22,22,22,23,23,23,23,23,23,23,23,23,22,22,22,23,23,23,23,23,23,23,23,23,23,22,22,22,23,23,23,22,22,22,22,23,23,23,23,23,23,23,21,19,17,16,16,16,16,16,15,16,17,18,11,7,10,15,18,20,21,19,21,25,25,19,15,22,25,26,25,26,25,20,11
16,25,26,25,22,16,11,16,19,18,18,16,13,10,8,7,7,9,11,13,15,16,18,19,18,17,17,19,19,19,19,20,21,22,22,22,22,22,21,21,21,21,21,22,22,23,23,22,21,21,21,20,19,13,8,8,7,5,5,6,7,6,4,7,12,17,16,15,15,14,14,14,15,15,14,14,13,14,14,15,16,18,16,16,16,16,14,11,9,8,8,8,7,7,8,10,12,14,16,17,16,13,8,6,5,5,10,14,15,14,12,10,7,8,9,10,12,11,10,10,9,9,10,11,12,13,14,14,13,13,14,16,17,20,21,21,23,23,23,23,23,23,23,23,23,23,23,23,22,22,21,21,21,22,22,22,22,22,22,22,22,22,22,22,22,22,22,22,23,23,23,23,23,23,23,23,23,22,22,23,23,23,23,23,23,23,23,23,23,23,23,23,23,23,23,23,23,23,23,23,23,22,23,23,23,22,22,21,19,18,17,17,17,17,17,16,14,17,18,12,6,8,14,18,19,21,20,20,23,24,18,14,21,25,26,26,26,25,20,13
16,24,26,25,22,15,10,15,18,18,17,15,12,9,7,7,7,9,10,12,14,15,17,17,17,16,17,18,18,18,19,20,21,21,22,22,22,22,21,21,21,21,21,22,22,23,22,22,21,21,21,21,19,13,8,7,7,6,6,6,6,6,4,6,12,17,16,16,15,14,14,15,16,15,14,14,14,14,15,15,16,17,18,17,16,15,12,10,8,8,9,9,7,8,10,11,15,19,22,22,21,19,15,10,7,4,4,7,10,10,10,9,9,8,7,8,11,11,11,11,10,10,11,12,12,14,15,15,14,13,13,13,14,17,20,21,22,22,23,23,22,22,23,23,23,22,22,22,22,22,21,21,21,22,22,22,22,22,22,22,23,23,23,22,22,23,23,23,23,23,23,23,23,23,23,22,22,22,22,22,23,23,23,23,23,23,23,23,23,23,23,23,23,23,23,23,23,23,23,23,22,22,22,23,23,22,22,20,19,17,17,17,17,17,18,16,15,17,18,11,6,8,16,19,19,21,21,20,21,22,18,13,21,25,26,25,25,25,21,15
15,24,26,26,22,14,9,15,18,17,16,14,11,8,7,7,8,8,9,11,13,14,16,16,16,16,17,18,18,18,19,19,20,21,22,22,22,22,22,22,22,22,21,22,22,22,22,21,21,20,20,18,16,12,8,7,6,6,6,6,6,5,4,6,12,17,17,17,16,16,16,16,16,15,14,14,14,15,16,16,16,18,19,18,14,12,10,9,7,7,8,9,8,10,12,15,18,20,22,21,20,19,17,14,12,9,7,7,7,10,13,15,14,11,9,9,8,10,11,12,12,12,12,12,12,14,15,15,15,15,13,12,12,14,17,20,21,21,22,23,22,22,22,22,22,22,22,22,21,21,21,21,22,22,22,22,22,22,22,22,23,23,23,22,23,23,23,23,23,23,23,23,23,23,22,22,22,22,22,22,22,23,23,23,23,23,23,23,23,23,23,23,23,23,23,23,23,23,23,23,22,22,22,23,23,22,21,19,18,17,17,17,17,17,18,17,17,18,18,12,7,7,14,18,19,21,21,20,21,22,17,14,21,25,26,25,25,24,21,16
17,24,26,26,22,14,10,16,19,17,16,13,10,8,7,8,8,9,9,10,12,14,15,16,16,17,17,18,18,18,18,19,20,20,21,21,21,21,22,22,22,22,22,22,22,22,22,22,21,21,20,17,15,12,9,7,6,6,6,6,6,5,4,7,13,17,17,18,17,17,17,17,16,15,14,14,14,14,15,16,17,19,19,15,11,10,10,9,8,7,8,8,8,11,14,16,18,19,20,19,19,19,20,18,15,12,11,11,12,14,17,17,13,9,8,9,10,13,15,14,13,12,11,11,12,12,13,15,16,15,14,13,14,13,15,18,20,21,22,23,23,22,23,23,23,23,22,22,22,22,21,21,22,22,22,22,22,22,22,23,23,23,23,23,23,23,23,23,23,23,23,23,23,23,23,22,22,22,22,22,22,23,23,23,23,24,24,23,23,23,23,23,23,23,23,23,23,23,23,23,23,23,23,23,23,22,21,19,17,17,17,17,17,17,18,18,18,19,19,12,7,7,13,19,21,21,21,20,21,22,18,14,21,25,26,26,25,24,21,16
18,24,26,26,22,14,11,16,19,17,16,13,10,8,8,8,8,8,7,8,10,12,14,14,15,17,18,17,18,18,18,18,19,20,20,21,21,22,21,21,21,21,21,22,22,22,22,22,21,21,20,20,16,11,7,5,6,7,6,5,5,6,6,8,14,17,17,17,17,16,16,16,16,14,13,14,13,13,14,16,17,18,15,9,7,9,10,9,8,7,8,8,8,12,15,19,19,20,20,20,19,21,22,19,13,11,13,15,14,15,15,12,7,6,8,12,16,18,16,12,11,11,11,12,11,12,13,14,16,15,14,14,14,13,14,17,18,20,21,22,22,22,22,22,22,22,22,22,22,22,22,22,22,22,22,22,22,22,23,23,23,23,23,23,23,23,23,23,23,23,23,23,23,23,23,23,22,22,22,22,22,22,23,23,24,24,24,24,23,23,23,23,23,23,23,23,23,23,23,23,23,23,22,22,22,21,20,18,17,16,17,17,17,17,16,17,17,18,18,12,7,5,10,17,20,20,20,19,20,22,18,13,20,25,26,26,26,24,21,15
16,24,26,25,20,15,14,16,18,17,16,14,11,8,7,7,7,6,5,6,9,11,12,12,14,16,16,16,16,17,18,18,19,19,20,21,21,22,21,21,20,21,21,21,22,21,21,21,21,20,20,20,16,10,6,5,6,6,5,5,6,7,7,10,16,16,17,17,17,16,16,16,15,13,12,13,12,12,14,15,16,13,9,6,7,9,9,8,8,8,8,9,10,12,15,18,19,20,20,20,19,21,21,18,12,12,14,15,14,14,14,12,10,13,16,18,19,18,14,10,9,9,10,10,10,10,11,13,15,14,13,13,13,11,13,15,16,17,19,20,20,21,21,22,22,22,22,22,22,22,22,22,22,22,22,22,22,22,23,23,23,23,23,23,23,22,22,22,23,23,23,23,22,22,22,22,22,22,22,22,22,22,22,23,24,24,24,23,23,22,22,23,23,23,23,23,22,22,23,22,22,22,22,21,21,21,19,18,17,16,17,17,16,16,16,16,16,18,18,12,6,4,12,20,21,20,20,19,20,21,18,12,19,25,26,25,24,23,20,16
16,24,26,25,19,12,11,14,17,16,16,14,11,8,6,6,6,5,5,6,7,9,11,11,12,14,14,15,15,16,17,18,19,19,20,20,21,22,22,21,20,21,21,22,22,22,22,21,21,20,20,19,15,10,7,6,6,5,5,6,7,7,8,12,16,17,17,18,17,16,16,15,14,13,13,12,12,13,15,16,14,11,9,8,9,9,8,8,7,8,9,10,11,13,15,16,18,20,20,20,20,22,22,19,13,13,15,15,13,14,15,15,16,19,21,21,19,18,16,11,9,9,9,9,9,9,7,9,13,14,14,13,12,12,13,14,14,15,17,18,19,20,20,21,21,21,21,22,22,22,22,22,22,22,22,22,22,23,23,23,24,24,23,23,23,23,23,23,23,23,23,23,22,22,22,22,22,22,22,22,22,22,23,23,24,23,23,23,23,23,23,23,23,24,24,23,23,23,23,22,22,22,22,21,21,19,18,17,17,17,17,17,16,16,16,16,16,18,18,14,6,5,17,24,22,20,20,19,21,23,18,12,20,25,26,25,24,23,20,16
15,24,26,25,19,10,11,15,17,17,17,14,11,9,7,6,6,5,6,5,6,6,8,9,10,10,12,12,13,14,15,17,18,19,19,20,21,22,22,21,20,21,21,21,21,21,21,21,21,20,20,18,13,9,7,8,7,6,6,7,6,6,11,15,16,18,18,18,19,18,17,16,15,15,14,12,12,15,17,17,14,12,10,9,9,9,8,8,6,7,8,9,11,13,14,16,18,19,19,19,20,21,23,20,15,15,16,15,13,14,16,17,18,20,22,21,19,19,17,14,11,10,8,8,10,11,8,8,10,11,13,14,12,12,13,13,14,14,15,17,18,19,19,19,20,20,21,21,21,21,22,22,22,22,21,22,22,23,23,23,24,23,23,23,24,24,23,23,23,23,23,23,22,22,22,22,22,22,21,21,22,22,22,23,23,23,23,23,23,23,23,23,23,24,24,23,23,23,23,23,22,22,22,21,20,19,18,18,18,17,16,16,17,17,17,16,16,18,19,14,4,7,20,26,22,20,21,19,22,24,19,14,21,25,26,25,24,23,20,16
15,24,26,25,19,10,12,16,17,18,18,15,10,8,7,6,7,6,6,6,6,6,7,7,8,8,9,10,11,12,13,15,16,17,18,18,20,21,22,21,21,21,21,21,21,21,21,21,21,21,20,17,13,8,7,7,7,6,6,6,5,6,12,17,17,17,18,18,19,18,18,17,16,16,16,15,15,17,18,17,15,13,11,9,8,8,7,6,5,7,7,7,9,12,13,14,16,18,19,20,20,21,22,21,17,16,16,14,12,13,15,18,19,19,21,21,20,19,18,16,14,11,10,9,11,14,12,9,7,8,12,13,13,12,12,13,14,14,15,16,17,18,18,19,19,20,20,21,21,21,21,21,22,22,21,21,21,22,23,23,23,23,23,23,23,23,23,23,22,22,22,22,22,22,22,22,22,21,21,20,21,21,22,22,22,23,23,23,23,23,23,23,23,23,23,23,23,23,23,23,22,22,21,19,18,18,18,18,18,17,16,17,17,17,17,17,16,18,18,13,4,10,23,26,21,20,20,19,23,24,19,16,22,25,25,25,24,23,20,16
15,23,26,25,20,11,12,16,17,18,18,15,10,8,6,6,6,7,8,8,9,10,10,9,8,8,9,10,11,12,12,13,14,15,15,16,18,21,22,22,21,21,22,22,22,22,22,21,21,20,20,19,15,10,7,7,6,6,5,5,5,7,13,17,18,18,18,18,19,18,18,18,18,17,18,17,17,18,19,18,17,15,13,10,8,8,7,6,4,5,5,6,9,11,13,14,16,18,19,20,21,21,21,20,18,17,16,14,12,13,16,19,20,20,20,20,20,19,18,17,15,13,12,10,11,14,14,12,10,8,10,12,13,14,13,12,14,14,15,15,16,16,16,18,20,20,20,21,21,20,20,20,21,21,21,21,21,22,22,23,23,23,24,24,23,23,23,23,22,22,23,23,23,22,22,22,21,21,20,20,20,20,21,22,22,22,23,23,23,22,23,23,23,23,23,23,23,23,23,22,22,21,19,18,17,17,17,16,17,17,17,18,18,18,18,17,17,18,18,13,5,12,23,24,20,20,19,19,23,23,16,16,23,25,24,24,24,23,20,16
15,23,26,26,20,12,12,15,17,18,18,14,9,7,6,6,6,9,10,12,13,14,14,13,12,11,11,12,12,12,12,12,13,13,14,15,17,20,22,22,21,21,22,22,23,22,22,22,21,21,20,20,15,10,8,8,8,8,7,6,6,7,12,17,19,18,19,19,19,19,19,19,19,18,18,18,18,19,20,20,19,17,15,11,9,8,7,5,4,5,5,6,8,11,12,14,16,18,19,19,20,20,21,20,18,17,16,15,15,16,18,20,20,20,20,20,20,19,18,18,16,14,13,12,12,13,14,14,13,11,10,11,14,15,15,13,14,14,14,14,14,14,15,18,19,20,20,20,21,20,19,20,20,20,20,21,21,22,22,22,23,23,24,24,24,23,23,23,23,23,23,23,23,22,22,22,21,20,19,19,19,20,20,21,21,22,23,23,23,22,23,23,23,23,23,22,22,22,22,21,20,19,17,16,16,17,17,16,16,17,18,18,18,18,17,18,17,19,18,13,4,10,21,24,20,20,19,20,24,22,13,15,22,25,25,25,24,23,20,16
15,24,27,26,20,11,12,15,16,17,18,14,9,7,6,6,8,11,13,15,16,16,17,16,16,16,15,14,14,13,12,13,12,12,13,13,15,18,21,21,21,21,21,22,22,22,22,22,21,21,21,20,15,11,8,8,8,8,7,6,7,6,10,16,19,19,19,19,19,19,18,19,19,18,19,19,19,20,19,20,20,19,16,12,9,8,7,6,4,5,5,6,7,9,11,13,15,17,18,18,19,19,20,20,19,18,17,17,17,17,19,20,20,20,20,20,20,19,19,18,17,16,13,13,12,12,13,13,14,13,12,12,14,15,16,16,15,14,14,13,14,14,14,16,18,19,19,20,21,20,19,19,20,20,20,20,21,21,21,21,22,23,23,23,23,23,23,22,22,22,22,22,22,22,22,21,20,19,18,18,19,20,20,21,21,22,23,23,23,22,23,23,23,22,22,22,21,20,20,20,18,17,16,15,15,15,16,17,17,18,18,18,18,18,18,18,18,19,18,12,4,8,18,22,19,19,20,20,23,20,11,16,23,25,25,25,24,23,20,16
15,24,27,26,20,11,11,15,16,17,17,14,10,7,7,6,9,12,15,17,18,18,18,19,19,18,18,17,17,16,16,15,15,13,12,12,14,17,20,21,21,21,22,22,22,22,22,22,21,21,21,21,17,11,8,8,8,8,8,8,8,6,9,15,19,19,19,19,19,18,18,18,17,18,19,20,20,20,20,21,21,20,16,12,10,9,7,5,5,5,5,6,7,9,10,12,15,18,19,18,18,19,20,20,19,19,18,17,17,18,19,20,20,20,20,20,19,19,19,18,18,16,14,13,12,11,11,12,13,13,13,13,14,14,15,15,15,15,14,14,14,15,15,16,17,18,18,19,21,21,20,20,20,20,20,21,21,21,21,21,21,22,22,22,22,22,22,21,20,20,19,20,20,20,20,20,19,19,18,18,19,19,20,21,22,22,23,23,22,23,23,22,22,22,22,21,20,19,18,18,18,17,17,16,16,16,17,18,19,18,17,17,16,16,17,19,19,19,18,12,5,8,17,21,19,20,20,20,21,18,12,17,24,25,25,25,24,23,20,15
15,24,27,26,20,9,10,15,17,16,15,13,9,6,7,6,9,12,16,18,19,18,20,20,20,20,20,19,19,19,18,18,17,16,15,15,16,18,19,20,21,21,22,22,22,23,23,22,21,21,21,21,18,12,8,9,9,9,9,9,9,7,9,16,19,19,19,19,19,18,18,17,17,18,19,20,21,21,21,22,22,20,16,12,10,9,7,6,5,5,4,5,6,8,9,12,14,18,20,19,19,19,20,20,20,20,19,17,16,17,19,20,21,21,20,20,19,19,19,19,18,17,15,13,11,10,11,11,11,12,12,13,14,14,14,14,14,14,13,13,13,14,15,15,16,16,17,18,19,20,20,20,19,20,21,21,21,21,20,20,21,21,21,20,20,20,19,19,19,19,19,19,18,18,18,17,17,16,17,17,18,19,20,21,21,21,22,22,22,22,22,21,21,22,21,19,18,18,17,18,17,17,16,17,17,17,17,18,18,18,17,16,16,16,17,18,19,19,17,11,5,10,19,21,21,21,20,19,20,18,15,20,24,25,25,24,23,22,19,13
14,23,27,26,20,9,9,15,17,16,15,13,9,6,7,6,8,12,16,19,20,19,19,20,20,21,21,21,20,20,19,19,19,18,17,17,18,19,20,20,21,21,22,22,22,22,22,22,21,21,22,21,19,14,10,10,10,10,9,9,9,9,11,16,20,19,19,19,19,18,17,16,17,17,18,19,20,20,20,22,22,20,17,14,11,9,7,7,5,5,4,5,6,7,8,12,14,16,19,19,19,19,20,20,20,20,20,19,17,17,19,20,20,20,20,19,19,19,20,19,19,18,16,14,12,11,10,10,10,11,12,12,13,13,13,13,13,13,13,12,12,12,13,13,13,14,15,16,17,18,19,19,19,19,20,20,20,20,19,20,20,20,19,19,18,18,17,17,18,18,18,18,18,18,18,18,17,16,16,16,18,19,20,20,19,19,19,20,20,20,20,19,19,20,18,16,16,16,16,16,16,16,16,17,17,17,18,18,17,16,16,16,17,17,17,17,18,19,14,8,2,10,20,22,21,21,19,18,19,17,16,21,24,24,24,23,22,20,17,11
14,23,26,26,21,11,11,16,17,17,17,14,10,7,6,6,7,10,14,17,19,20,19,19,20,21,21,21,20,21,20,19,20,19,18,18,19,19,20,21,21,21,21,21,22,22,22,22,22,21,21,21,19,15,10,10,11,10,9,9,9,10,11,16,19,18,19,19,18,18,17,16,17,17,18,19,19,20,20,21,22,21,18,16,13,10,8,8,6,5,4,5,5,6,7,10,14,17,19,19,19,19,19,20,20,21,21,20,19,18,19,20,19,19,20,20,19,19,19,19,18,18,17,15,14,12,11,9,9,10,11,11,12,12,12,12,12,12,12,12,12,12,11,11,11,12,13,14,15,16,18,18,18,18,19,19,19,19,19,19,19,18,18,18,18,18,18,17,17,17,17,18,19,19,19,18,18,17,16,16,18,19,20,20,19,19,19,18,18,17,17,18,18,17,15,13,14,15,16,16,15,15,16,17,17,18,18,18,18,17,16,16,17,17,17,17,19,18,11,5,3,12,21,21,20,20,18,18,18,15,15,20,24,24,24,23,22,19,14,7
13,22,26,26,21,12,13,16,17,18,18,15,11,7,6,6,7,8,11,14,17,19,18,18,19,20,20,20,21,21,21,21,21,20,20,20,20,19,21,22,22,22,21,21,22,22,22,22,22,22,22,21,19,16,12,10,11,11,11,10,10,10,11,14,18,18,19,19,18,18,17,16,17,18,19,19,19,20,20,21,21,20,19,18,15,12,9,8,7,5,4,5,5,5,6,9,12,15,18,18,18,18,19,19,20,21,21,20,19,19,19,19,19,20,21,21,21,20,20,20,19,18,18,17,15,14,12,10,9,9,10,10,10,10,10,11,11,11,11,11,11,11,11,11,11,12,13,14,15,15,16,16,17,17,17,17,18,18,19,18,18,17,17,17,17,17,17,16,16,17,17,18,18,18,18,18,17,17,17,18,18,19,19,19,19,19,19,18,16,16,16,17,17,14,13,12,13,15,16,16,16,16,17,17,18,18,18,18,18,18,17,17,17,17,18,18,20,17,9,5,7,14,22,22,20,20,20,20,18,14,15,21,25,26,24,23,20,16,8,3
13,22,26,25,20,14,15,16,18,17,17,15,10,6,6,7,7,7,10,13,16,17,18,18,18,18,19,20,20,21,20,20,21,20,20,20,20,20,21,21,22,22,22,22,22,22,22,22,22,22,22,21,21,17,13,11,12,13,13,12,11,11,12,14,17,18,18,19,19,18,17,17,17,17,18,18,19,19,20,20,20,20,20,20,17,13,10,9,7,6,4,4,4,4,5,7,9,12,15,17,17,18,18,19,20,20,20,20,20,19,19,19,19,20,20,20,20,20,20,20,19,19,19,18,16,15,14,12,10,10,9,9,8,9,10,10,10,9,9,9,9,9,9,10,11,12,12,13,14,14,14,14,15,16,15,15,16,17,17,17,17,17,17,15,15,16,16,16,15,15,16,17,17,17,17,17,17,17,17,18,18,18,18,19,19,19,19,17,15,15,16,15,14,12,12,13,14,15,16,17,17,17,18,17,18,18,18,16,17,17,17,17,17,17,18,18,18,14,9,6,7,14,21,22,20,21,20,19,17,13,17,23,25,25,24,22,17,8,3,0
11,21,25,25,21,17,18,16,17,17,16,14,10,6,5,6,6,8,11,13,15,16,17,17,18,18,18,19,20,21,20,20,21,21,20,20,20,20,20,21,22,22,22,22,22,22,22,21,21,21,22,21,21,19,15,13,13,14,14,14,12,12,12,14,16,18,18,19,18,18,17,17,17,16,17,17,18,18,19,20,20,20,19,19,18,14,11,9,7,6,5,5,6,6,5,6,7,9,14,16,17,17,18,19,20,20,20,20,20,19,19,18,18,19,19,19,19,19,19,20,20,20,19,19,18,16,15,13,11,9,9,7,7,8,9,10,9,9,9,8,8,9,9,10,11,12,12,13,13,13,13,14,14,15,14,14,15,15,14,15,15,15,15,15,15,15,15,16,16,15,14,15,16,16,17,17,17,17,17,18,18,18,18,18,18,18,17,16,15,15,15,14,12,12,12,13,14,15,16,17,17,17,18,18,18,18,17,15,15,16,17,17,18,18,19,18,16,11,7,5,7,15,22,22,20,20,19,19,15,13,19,25,25,24,24,21,13,4,0,1
9,20,26,26,22,19,19,18,16,17,16,14,10,7,6,6,6,8,11,13,14,15,17,18,18,18,18,19,19,20,20,20,21,21,21,20,20,20,21,21,22,22,22,22,22,22,22,21,21,21,21,22,22,20,17,15,14,15,15,15,13,13,13,14,16,17,18,18,18,18,17,17,18,18,17,17,17,17,18,19,20,20,19,18,17,16,13,11,7,5,5,5,4,5,5,6,7,9,13,15,15,17,18,19,20,21,20,20,19,20,19,18,18,18,19,19,19,19,20,20,20,20,20,19,18,17,15,13,11,9,8,7,7,8,9,9,9,9,9,8,8,8,8,9,10,13,14,14,14,14,14,15,14,14,15,15,15,14,14,15,14,15,15,15,15,14,15,16,17,16,15,15,16,16,17,17,17,17,17,17,17,17,17,17,17,16,15,15,14,14,13,12,11,12,13,14,15,16,17,17,17,18,18,18,18,17,16,16,16,16,17,18,19,19,19,18,15,10,6,5,8,17,23,21,20,19,20,19,14,14,22,26,24,24,23,19,8,2,1,2
7,19,26,26,22,18,17,17,16,17,16,14,10,8,7,7,6,8,11,12,14,15,17,17,17,17,18,18,17,18,19,20,21,22,22,21,21,21,22,22,22,22,22,22,22,22,22,21,21,21,21,22,22,21,18,16,16,17,17,16,15,14,14,14,15,16,18,19,19,18,17,17,18,18,17,17,17,16,16,17,18,19,19,18,17,16,15,12,8,4,4,5,4,5,4,5,6,7,11,14,15,17,18,19,19,19,20,20,20,20,19,18,18,18,18,19,19,20,20,20,20,20,19,18,17,16,14,11,10,9,7,6,7,8,8,8,8,8,7,7,7,7,7,9,11,13,15,15,14,14,13,13,13,13,15,16,17,16,15,15,14,14,14,14,14,14,14,15,16,16,15,15,15,15,15,15,16,16,16,16,16,16,15,15,15,15,14,14,12,11,10,11,12,12,14,15,16,17,17,17,18,18,18,18,17,16,16,16,16,16,17,19,19,19,19,16,13,8,6,5,8,18,24,21,20,20,20,19,14,16,23,26,24,23,21,15,5,1,0,0
4,16,24,26,23,18,15,15,16,16,17,14,11,8,6,6,6,8,10,12,13,14,16,16,16,17,18,17,17,17,18,19,20,21,21,20,21,21,22,22,22,22,22,22,22,22,22,22,21,21,21,22,22,21,19,18,17,18,17,17,16,15,14,14,15,16,18,19,19,18,17,17,17,17,17,17,17,17,16,16,16,17,18,17,16,15,15,15,11,6,3,5,5,5,5,5,6,6,9,13,16,17,18,19,19,19,20,20,20,20,19,18,17,17,18,19,19,20,20,20,20,20,19,18,17,15,12,9,9,8,6,6,7,7,7,7,7,7,6,6,6,6,6,9,11,13,14,14,13,12,12,11,12,13,14,15,16,15,14,14,14,14,14,14,14,14,13,14,15,15,14,14,13,13,13,13,14,15,15,15,15,14,14,14,13,13,14,13,12,10,10,11,12,13,14,15,16,17,17,17,18,18,18,17,16,15,15,16,16,16,16,18,18,18,18,16,11,6,6,6,8,18,24,20,19,19,20,18,15,18,23,25,23,23,19,10,1,1,1,0
2,14,23,26,25,19,13,14,16,17,16,14,11,8,7,7,6,8,10,11,12,13,15,15,16,17,18,18,17,16,17,17,19,20,21,20,21,22,22,22,22,22,22,22,22,22,22,22,21,21,21,22,22,21,20,19,18,18,18,18,17,16,15,15,15,16,17,18,19,18,17,17,17,17,17,17,16,15,14,14,13,14,16,17,17,17,16,16,15,10,5,4,3,4,5,5,6,5,7,13,17,18,18,18,19,19,19,20,20,20,19,18,18,18,18,19,19,19,20,20,20,20,19,18,16,13,10,7,7,6,5,5,6,6,6,6,5,6,5,6,7,7,8,9,11,12,12,11,10,10,10,11,11,13,14,14,15,14,14,13,13,13,13,14,14,14,13,14,14,14,14,14,14,14,14,14,14,15,15,15,15,14,14,14,13,13,14,14,12,11,11,12,13,14,14,15,15,16,17,17,18,17,17,16,16,15,15,16,17,17,17,18,17,17,18,15,10,6,7,6,7,17,23,20,18,19,20,18,17,19,23,24,24,23,18,8,0,0,1,0
1,14,23,26,26,21,11,12,17,17,17,14,10,7,7,7,6,7,9,11,11,13,15,16,18,18,18,17,16,17,17,17,18,19,20,20,21,21,21,22,22,22,22,22,22,21,22,22,22,21,21,22,22,21,21,20,19,19,18,19,18,17,16,16,16,17,18,18,18,17,17,17,16,16,16,16,15,13,11,11,10,11,13,14,15,17,16,15,15,13,10,7,6,4,4,6,5,6,6,14,19,18,17,19,20,19,19,19,19,19,19,18,18,18,19,18,18,18,19,19,19,20,19,18,16,11,8,7,6,5,5,5,5,6,6,5,5,5,6,7,8,9,9,10,10,11,10,10,10,11,11,12,12,12,13,14,14,14,14,13,13,13,14,15,15,14,13,14,15,15,15,15,14,15,15,15,14,14,14,15,15,14,14,14,14,14,14,13,12,12,13,13,13,15,14,14,15,16,17,17,18,17,17,17,17,17,17,17,18,17,17,17,17,16,17,14,9,6,7,6,4,15,22,20,18,19,20,18,16,19,23,25,24,23,18,6,0,0,0,0
1,10,21,25,26,22,10,12,16,17,17,15,11,7,6,6,7,8,9,11,11,13,15,17,18,18,17,17,16,17,17,16,17,19,19,20,20,20,21,22,22,22,22,22,22,21,21,20,21,20,20,21,22,22,21,20,20,20,19,19,19,18,17,17,17,18,19,19,17,16,16,16,15,14,14,13,13,11,10,9,8,8,9,9,10,13,13,13,13,13,12,9,7,5,5,6,6,4,6,14,19,19,18,18,19,19,19,20,19,19,18,18,18,18,19,18,18,19,19,19,19,19,19,18,14,10,8,7,5,5,4,5,5,6,5,5,5,6,6,7,9,10,10,10,9,9,10,10,10,11,12,13,13,13,12,13,14,14,14,13,13,13,13,14,15,14,14,14,15,15,16,15,15,15,15,14,14,13,13,14,14,14,14,14,14,14,14,13,13,13,13,13,13,13,13,13,14,15,17,17,18,17,17,17,17,17,17,18,18,17,17,17,17,16,17,14,9,6,6,5,4,15,22,20,18,19,20,18,16,19,23,25,24,22,16,5,0,0,0,0
1,7,19,24,26,23,11,11,16,18,17,15,12,8,7,6,8,8,9,10,11,13,15,17,17,17,17,16,16,17,17,17,17,18,19,20,20,20,21,22,22,22,21,21,21,20,20,19,19,20,21,22,22,22,21,21,21,21,20,20,20,19,18,17,16,17,17,17,16,15,15,15,14,13,12,12,13,12,11,10,9,8,9,9,9,11,12,13,12,12,12,11,10,7,6,6,6,4,3,13,19,19,18,18,18,18,19,20,20,20,19,20,20,20,19,19,19,19,19,19,18,19,18,17,12,7,7,6,4,4,4,5,5,5,5,5,7,8,9,9,10,10,10,10,10,9,9,10,10,11,12,12,13,13,13,12,12,12,12,12,12,12,13,14,14,14,15,15,15,16,16,16,16,15,15,14,14,14,14,14,14,14,14,14,14,15,14,14,14,13,13,12,12,12,13,14,14,16,17,18,18,17,16,17,17,17,17,18,18,17,17,17,16,15,15,12,8,5,6,6,5,15,22,20,19,20,18,16,17,20,23,25,24,22,15,3,0,0,0,0
0,5,19,25,26,25,13,7,16,18,18,16,13,9,8,6,8,7,8,9,11,13,15,16,17,17,18,17,17,18,18,18,18,18,19,20,21,21,21,22,22,22,22,21,21,20,19,18,19,20,21,22,22,22,21,21,22,22,21,21,20,20,18,17,16,16,15,15,14,14,14,14,13,12,12,13,14,13,12,11,10,9,9,10,10,12,12,12,13,12,13,14,12,9,6,5,7,4,3,12,19,19,18,18,19,19,19,19,19,19,18,19,20,20,19,19,19,18,18,18,18,19,18,16,12,6,6,5,4,5,5,5,5,5,6,6,9,10,12,11,11,10,10,11,11,11,10,10,11,12,13,12,12,12,13,12,11,11,12,12,12,13,14,14,14,14,14,15,16,17,17,17,16,15,15,14,14,15,15,15,15,15,15,15,15,15,15,15,15,14,13,13,13,14,14,15,16,17,18,19,19,17,18,18,18,18,18,18,18,18,17,16,16,14,14,10,6,5,6,6,7,16,22,21,20,20,16,15,18,22,24,25,24,22,13,2,0,0,0,0
0,4,17,24,27,26,16,3,14,17,18,16,14,10,7,7,8,7,7,9,10,13,15,17,17,18,18,16,17,17,18,18,18,18,19,19,20,21,21,22,22,22,22,21,21,19,18,18,19,20,21,21,22,22,22,21,21,22,21,21,21,20,19,17,17,16,15,15,14,13,13,14,14,14,15,15,15,14,12,11,10,9,9,9,8,9,10,12,12,14,15,15,15,13,10,6,5,5,4,10,17,19,18,18,19,19,20,20,19,19,18,19,20,20,20,20,19,19,19,18,18,18,18,16,12,7,6,5,4,5,5,6,5,5,6,8,10,12,13,12,10,10,11,11,11,10,9,10,11,12,12,12,12,12,12,12,12,12,12,13,13,13,13,13,14,15,15,16,16,17,17,16,16,16,15,15,15,15,15,15,15,15,15,15,15,15,15,15,15,16,15,16,15,15,15,16,17,18,19,19,19,18,18,19,19,18,18,18,18,17,16,16,16,14,13,9,5,4,5,6,7,16,22,21,21,20,15,14,20,24,25,25,24,20,11,1,0,0,0,0
0,1,14,22,26,27,19,6,11,16,19,17,15,11,6,6,8,7,8,8,10,12,14,16,18,18,18,17,17,17,17,18,18,18,18,18,19,20,20,21,22,22,22,21,21,19,18,19,19,20,20,20,21,22,22,21,21,22,21,21,21,21,19,18,17,16,15,14,15,16,15,15,16,17,18,17,16,14,13,12,11,10,9,8,7,7,8,10,10,12,14,16,16,16,15,9,6,6,6,8,14,17,17,18,19,20,21,20,19,18,17,17,18,20,20,20,20,20,19,19,18,18,17,15,12,8,6,5,5,5,5,6,5,5,6,8,11,13,12,11,10,10,11,11,10,9,10,11,11,11,11,12,12,12,11,12,13,14,14,13,14,14,13,14,14,15,16,17,16,16,16,16,16,16,16,16,16,16,16,15,14,14,14,14,15,16,16,15,15,17,17,18,17,16,16,17,18,18,19,19,19,18,18,19,19,18,18,18,18,17,16,16,16,14,13,9,6,5,5,5,7,17,22,22,21,20,14,14,21,24,25,24,23,19,9,0,0,0,0,0
0,2,6,21,25,27,23,12,7,16,19,19,17,12,6,6,7,7,7,10,10,11,12,16,17,19,20,18,17,17,17,17,17,18,18,17,17,18,19,20,21,21,21,21,21,20,19,19,19,19,20,21,21,22,22,22,22,22,22,22,22,22,21,20,19,18,17,16,17,17,18,18,18,18,18,18,17,17,16,15,13,12,11,9,7,7,7,8,10,12,15,17,18,17,18,15,10,6,6,5,9,13,16,16,17,20,21,20,19,18,16,14,16,19,21,20,21,21,20,19,18,17,15,14,11,9,6,5,5,4,6,6,5,5,6,10,12,13,12,13,12,12,11,10,11,11,12,12,11,11,13,12,11,11,11,13,15,14,14,14,13,14,14,15,15,15,16,16,16,16,15,15,16,16,17,17,16,16,15,15,15,14,14,15,15,15,15,16,16,16,17,17,17,17,17,18,18,18,18,18,18,18,18,19,18,17,17,17,18,17,16,17,16,15,12,9,6,5,7,5,9,18,23,23,21,19,13,13,22,25,24,24,24,17,7,0,1,0,0,0
0,1,5,17,24,26,25,16,7,16,20,20,18,12,8,6,7,8,8,9,8,11,11,13,16,18,19,19,18,18,17,16,16,16,16,16,17,17,18,19,20,21,21,21,20,20,20,19,19,19,20,21,22,22,21,22,23,23,22,22,22,22,21,21,20,19,18,18,18,17,17,18,18,18,18,18,18,18,18,17,15,14,12,10,8,7,7,9,12,14,16,18,19,19,18,17,15,10,5,4,7,10,13,15,17,19,20,20,17,15,12,10,9,14,18,20,21,21,21,20,18,17,14,13,10,7,6,5,5,5,6,5,4,5,7,11,12,13,13,13,13,12,11,11,12,13,12,12,12,13,13,12,10,11,12,14,15,14,14,14,14,14,15,16,15,14,15,16,16,16,15,15,16,16,17,17,17,16,15,15,14,14,14,15,15,15,15,16,17,17,17,17,17,17,18,18,19,18,18,18,18,18,18,18,17,17,17,17,17,17,16,16,16,15,12,8,6,4,6,5,9,19,24,23,20,18,12,14,22,25,24,24,22,16,4,0,1,0,0,0
1,1,1,12,22,26,26,20,9,14,19,20,18,12,9,6,7,8,9,8,6,9,10,11,14,17,18,18,17,17,17,16,16,16,15,15,16,17,17,18,19,20,21,20,19,19,19,19,19,20,20,21,21,21,21,21,22,23,22,22,22,22,22,21,21,20,19,19,19,18,18,18,19,18,18,18,18,18,17,16,16,15,13,11,10,9,9,11,13,14,16,18,19,20,19,19,19,15,9,6,4,5,9,11,14,16,18,18,13,8,5,4,4,7,11,15,18,19,19,19,18,17,14,12,8,7,6,5,4,5,6,5,5,7,9,11,13,13,14,14,13,12,12,13,13,13,12,12,12,13,13,12,11,12,13,14,14,14,14,13,14,15,16,16,15,14,15,17,17,16,15,15,16,16,16,16,17,16,16,16,15,15,15,15,14,15,15,16,17,17,17,17,17,18,18,18,19,18,18,18,18,17,18,17,16,16,16,17,17,17,17,18,17,14,10,8,6,3,6,4,9,20,25,22,19,15,11,16,23,25,24,24,20,14,1,0,0,0,0,0
1,1,0,7,20,25,27,23,14,10,16,19,18,15,11,7,6,8,10,9,6,7,8,10,13,16,17,16,16,17,17,16,16,16,14,14,16,16,16,17,19,19,20,19,19,19,18,18,18,20,20,20,21,21,21,21,22,23,23,22,22,22,22,22,21,20,19,19,19,18,18,18,18,18,17,17,18,18,17,16,16,15,14,12,11,10,11,12,13,14,16,18,18,20,21,21,20,20,17,12,6,5,6,7,9,11,13,13,10,5,6,7,7,4,5,7,11,14,15,16,15,14,11,10,7,7,6,5,5,4,5,6,6,8,11,12,14,14,14,14,13,13,13,13,13,14,13,12,12,12,12,11,11,12,13,14,15,15,14,13,13,14,15,15,16,16,16,17,17,16,15,15,15,15,15,16,17,17,17,17,16,16,16,15,14,14,15,16,16,17,17,17,17,17,18,18,19,18,18,18,17,17,17,17,16,16,16,17,17,17,18,19,16,13,8,7,6,5,7,4,10,21,25,22,19,12,12,20,25,26,25,23,18,11,0,1,2,0,0,0
0,1,1,4,18,25,26,25,18,10,16,19,18,16,14,8,6,7,10,11,8,7,6,8,11,14,16,16,16,18,18,17,17,16,14,14,16,16,16,17,18,19,19,19,19,19,18,18,19,20,20,20,21,21,21,22,22,23,22,22,22,22,22,21,20,19,18,18,18,18,17,18,17,17,18,18,18,18,17,16,17,15,14,12,11,10,11,12,13,11,12,15,17,18,20,21,21,21,20,18,13,6,4,5,6,8,9,9,7,6,7,5,4,4,6,5,6,8,11,11,10,9,7,7,6,6,5,5,4,4,5,8,9,13,15,16,16,15,15,13,13,12,13,13,13,13,12,12,11,11,10,10,11,12,14,15,15,14,13,14,13,13,15,16,17,17,17,18,18,16,15,16,15,15,15,16,17,17,17,17,17,18,17,16,14,15,16,16,16,16,16,17,18,18,19,19,19,19,18,18,17,17,17,17,16,16,17,17,17,18,17,15,13,10,6,6,7,6,7,5,12,22,25,22,17,12,16,23,25,25,25,22,17,8,1,0,0,0,0,0
0,2,3,4,15,24,26,25,20,11,13,19,17,16,15,9,8,7,8,11,11,9,6,7,8,13,14,15,16,18,18,18,17,17,15,15,17,17,17,17,18,19,19,19,19,19,19,18,19,20,20,20,21,22,22,22,23,23,22,22,21,22,21,21,20,19,18,18,17,17,17,17,17,17,19,20,19,18,16,16,15,15,13,13,12,11,12,13,14,11,11,12,15,17,19,20,21,19,19,20,18,13,7,6,5,7,8,9,8,7,6,5,5,7,6,5,5,6,6,6,8,9,7,7,6,5,4,5,5,5,9,13,14,17,18,17,17,16,15,14,13,13,13,14,14,12,12,11,10,10,9,10,11,12,14,15,14,14,14,13,13,14,15,16,18,18,18,19,18,17,16,16,16,15,16,17,18,18,17,17,17,18,17,16,14,15,17,16,16,16,16,17,18,19,19,20,20,19,18,17,17,16,17,16,16,16,16,16,16,14,13,12,10,10,6,4,6,6,6,5,14,23,26,20,14,13,21,25,26,25,24,22,16,5,0,1,0,0,0,0
0,0,0,2,12,22,25,26,24,17,12,16,17,18,17,12,7,6,7,8,9,10,8,7,7,9,11,13,16,17,18,17,17,17,16,16,16,17,17,17,18,18,19,18,19,19,19,19,19,19,19,20,21,21,22,22,22,22,22,22,22,22,21,21,20,19,19,18,18,18,17,18,18,19,20,20,20,18,16,16,15,15,14,14,13,12,13,15,16,15,13,14,13,16,18,20,19,18,18,19,20,18,14,11,7,3,7,9,8,6,4,5,7,5,4,5,5,5,5,5,6,7,7,8,8,7,7,8,9,13,15,16,17,19,18,17,17,16,16,15,14,15,17,16,14,13,11,10,11,10,10,10,11,13,14,14,14,14,13,13,13,13,15,17,18,18,18,19,19,17,17,17,16,16,17,18,18,18,17,17,17,18,17,15,15,16,16,16,15,15,15,17,18,18,19,20,20,19,18,17,16,16,16,17,16,15,17,16,14,11,10,9,8,7,6,4,5,5,6,5,15,25,25,17,11,16,24,26,26,25,23,20,14,0,0,1,0,0,0,0
0,1,0,1,9,20,25,26,26,22,13,14,19,20,18,15,8,5,6,6,8,9,8,7,6,7,8,11,14,16,15,16,17,17,16,16,17,17,17,17,18,18,18,18,18,19,18,18,18,19,19,19,20,21,21,22,22,23,23,22,22,22,22,21,20,20,19,19,19,19,19,19,19,19,19,19,20,19,18,17,16,15,15,14,13,12,13,15,17,17,16,16,14,15,17,18,19,19,19,19,19,18,17,15,11,6,7,9,7,6,5,5,5,6,7,7,6,5,5,5,5,5,5,7,8,8,9,13,16,18,18,17,18,19,18,17,17,17,16,16,16,17,18,17,14,12,11,11,11,10,9,10,11,13,14,13,14,14,13,14,13,13,14,16,18,18,18,18,18,17,17,17,16,17,18,18,18,17,17,17,18,18,17,16,15,15,16,16,15,15,16,17,18,18,19,20,20,19,18,16,16,17,17,16,16,16,17,17,14,11,8,7,6,6,6,4,5,6,5,5,17,25,24,14,13,21,26,26,25,24,22,19,11,0,1,1,0,0,0,0
0,1,1,0,5,17,23,26,26,24,15,11,18,19,18,18,12,6,6,6,7,6,7,8,6,5,6,8,11,13,13,14,16,17,16,16,16,16,17,17,17,17,18,18,19,19,18,18,17,18,18,18,18,19,21,22,22,22,23,22,22,22,22,22,21,20,20,20,20,20,20,19,19,19,18,18,18,18,18,18,16,15,15,14,13,13,14,15,16,17,18,18,17,16,16,16,18,20,20,19,18,17,17,16,13,9,7,6,6,6,6,5,5,8,10,10,8,8,6,5,5,5,6,8,9,10,13,16,19,19,18,17,18,19,18,17,17,17,17,16,17,18,18,16,13,12,12,11,10,9,10,10,11,11,11,11,13,13,13,13,13,13,14,15,17,18,17,17,17,16,16,16,16,17,18,18,18,17,17,17,17,17,17,16,16,16,16,16,16,16,17,17,18,18,18,19,20,19,18,17,17,17,16,15,15,16,15,16,14,10,8,6,6,8,9,6,5,7,5,9,20,25,21,13,17,24,26,26,25,24,21,17,7,0,2,1,0,0,0,0
0,1,1,0,2,12,20,25,26,26,20,13,14,19,20,20,17,10,6,6,7,8,7,6,6,7,7,8,9,10,12,14,15,16,17,17,16,16,17,17,17,17,18,18,19,20,20,19,18,16,16,16,17,18,19,21,22,22,22,22,22,22,23,22,22,21,21,20,21,21,20,20,20,19,18,18,18,18,18,17,16,15,14,14,13,14,15,16,17,18,19,19,19,17,16,14,15,18,20,20,19,18,17,16,14,12,8,5,6,6,6,6,6,10,12,11,11,10,9,8,6,6,7,9,11,15,17,17,17,18,17,17,18,18,18,18,18,18,16,16,17,18,17,15,14,14,14,12,10,10,11,11,11,10,10,11,12,12,12,12,12,13,14,16,17,17,17,17,16,16,16,17,17,17,18,17,17,16,16,17,17,17,17,17,16,16,16,16,17,17,17,18,18,18,19,20,20,20,19,18,17,16,14,14,15,16,16,16,13,10,7,7,9,10,10,7,7,4,4,16,24,23,17,16,22,26,26,26,25,24,20,14,3,2,1,0,0,0,0,0
0,1,0,0,0,7,17,24,26,27,25,17,12,17,21,21,20,14,7,6,9,12,13,8,5,7,7,8,9,10,13,14,14,16,18,18,16,16,17,18,19,20,20,19,19,20,20,20,19,18,17,17,17,18,19,20,21,21,21,22,22,22,22,22,22,22,21,21,21,21,21,21,21,20,19,18,18,18,17,17,16,15,14,14,14,15,16,17,17,18,19,20,19,17,17,16,16,17,19,21,20,19,18,17,16,15,13,10,8,5,5,8,10,13,14,13,13,13,12,11,10,9,10,12,15,17,18,17,17,17,17,17,17,18,18,18,18,17,16,16,17,17,15,15,15,16,13,10,9,11,12,12,12,10,11,13,13,13,12,12,13,13,15,15,16,17,17,17,16,16,17,18,18,18,17,17,16,16,16,17,18,18,17,17,16,16,15,16,17,17,17,18,17,18,19,20,20,20,19,18,17,14,13,14,15,17,18,16,12,9,7,8,10,10,9,6,6,5,12,23,25,19,13,20,25,26,26,25,24,23,18,10,1,1,1,0,1,0,0,0
0,1,0,2,1,3,15,23,26,26,26,22,14,14,19,20,22,18,11,5,6,11,19,15,8,5,7,9,9,10,12,14,15,17,18,18,16,15,16,18,19,20,21,20,20,20,20,21,20,20,19,19,18,18,19,20,21,21,22,22,22,22,22,22,22,22,22,21,21,22,21,21,20,20,18,18,18,17,17,18,17,16,15,14,14,15,16,17,17,17,18,19,18,18,18,18,17,18,19,20,19,18,19,17,16,16,16,14,11,8,7,12,14,15,14,13,14,14,14,14,13,13,13,15,17,18,18,17,17,17,17,17,18,18,18,18,18,17,15,15,16,15,14,15,16,15,11,8,12,14,14,14,12,10,11,12,12,13,13,12,13,13,15,15,15,16,16,16,15,16,16,18,18,17,17,16,16,16,16,17,18,18,18,17,16,15,15,16,17,17,17,17,17,18,19,19,19,19,18,17,16,13,14,16,16,16,19,15,10,8,8,8,10,10,6,4,6,10,19,26,22,14,16,23,26,26,26,25,24,21,16,4,2,1,2,0,1,0,0,0
0,1,1,0,1,2,12,20,24,26,26,25,21,16,17,20,22,22,16,8,6,7,14,20,16,8,7,8,8,10,11,13,15,17,17,17,17,17,17,19,20,21,21,20,20,20,21,21,21,20,19,19,18,18,19,20,20,21,21,22,22,22,22,22,22,22,21,21,21,21,21,21,20,19,18,17,17,17,17,18,18,17,16,15,14,15,16,17,16,17,18,19,18,18,18,17,18,18,19,19,19,19,18,19,18,17,17,16,14,13,14,16,17,16,16,15,15,15,15,15,16,16,16,17,17,17,17,18,18,17,18,18,18,18,18,18,18,18,16,15,15,14,15,14,13,13,12,13,16,17,15,13,12,11,11,11,11,12,12,12,12,13,15,15,15,15,15,15,14,15,17,18,18,17,16,16,16,16,16,17,18,18,18,17,17,16,16,16,17,17,17,18,18,18,18,18,18,17,16,14,14,14,16,20,20,18,17,14,9,8,7,8,11,9,6,4,6,15,23,24,16,13,21,26,26,26,26,24,23,19,13,3,0,0,0,0,0,0,0,0
0,1,1,1,1,1,8,17,22,25,27,27,26,21,18,18,21,23,20,12,6,6,8,17,22,16,10,7,8,10,11,12,15,16,16,17,18,18,19,20,21,22,21,20,20,20,21,21,21,20,19,18,18,17,18,19,20,20,21,22,22,22,22,22,22,21,21,21,21,21,21,20,20,19,18,17,18,18,18,18,19,19,17,16,15,15,16,16,17,17,18,19,19,18,18,18,18,18,18,19,19,19,20,20,19,18,17,17,16,16,18,19,18,17,17,17,16,16,15,15,16,16,15,16,16,17,17,18,18,17,18,18,18,18,18,18,18,18,16,14,15,15,14,10,11,13,16,17,18,17,14,13,12,13,13,12,12,12,11,10,11,13,15,15,15,15,16,15,15,16,17,18,18,17,16,15,16,16,16,17,17,18,17,17,18,18,17,17,17,17,17,18,18,19,19,18,17,16,15,14,12,14,19,22,23,20,17,12,9,9,8,8,9,7,6,5,7,18,24,20,13,16,25,26,26,26,25,24,22,18,9,1,1,0,1,0,0,0,0,0
0,1,2,0,0,0,5,13,20,24,26,26,27,26,23,20,20,21,23,19,10,6,5,9,19,25,18,6,4,8,11,12,14,16,16,17,18,19,20,20,21,21,20,19,19,20,20,20,20,20,19,19,18,17,17,18,19,20,21,22,22,22,22,22,22,21,20,20,20,20,20,20,19,18,17,17,17,18,18,18,19,19,17,16,15,15,17,17,17,17,17,19,19,18,19,19,18,18,19,19,18,19,20,20,18,17,17,18,17,18,18,18,17,16,17,18,18,16,15,15,16,16,14,14,14,16,17,18,18,17,17,18,18,19,18,17,17,16,16,14,15,14,12,7,11,15,17,18,16,15,14,14,14,14,13,12,12,10,10,11,13,14,15,14,14,14,14,15,16,17,17,18,17,17,16,15,15,15,15,16,17,17,17,17,18,18,18,18,17,17,17,18,19,19,19,18,16,15,14,14,11,13,16,19,20,17,12,9,8,8,8,7,7,7,6,5,12,19,21,17,18,23,25,26,26,26,25,23,20,15,4,0,2,0,1,0,0,0,0,0
0,2,3,1,1,0,2,8,16,21,25,26,26,26,26,24,23,22,23,23,19,8,6,6,10,23,26,15,1,5,8,12,13,15,16,17,18,19,20,19,19,19,19,18,19,19,19,19,20,20,19,19,18,17,17,17,19,20,21,21,22,22,22,21,21,21,20,19,20,20,20,19,19,18,18,18,17,17,18,18,17,15,15,15,15,15,16,16,15,13,14,16,17,17,18,19,19,19,19,19,18,19,19,20,19,18,18,18,19,18,18,18,18,17,18,18,18,18,17,16,16,16,16,14,14,15,16,17,17,18,18,18,19,18,17,16,15,15,16,17,15,10,8,9,13,17,18,17,16,16,15,15,15,13,12,12,10,9,11,15,16,15,14,13,13,13,14,15,16,17,17,17,17,17,16,15,15,14,13,15,16,16,16,17,18,18,18,18,18,18,19,19,19,19,18,17,16,15,14,14,13,12,12,15,15,11,8,7,7,7,7,7,7,7,6,6,14,18,19,19,22,25,26,25,25,26,25,22,18,11,4,0,1,0,1,0,0,0,0,0
0,2,2,0,2,0,0,4,14,19,24,26,26,26,27,27,25,24,23,24,22,17,10,5,0,14,24,23,13,5,7,10,12,15,17,17,18,19,19,18,17,17,18,18,19,19,19,19,19,19,19,18,18,17,17,17,18,19,20,21,22,22,22,21,21,20,20,19,19,19,19,19,19,19,19,19,18,18,19,18,15,14,15,15,15,15,17,18,16,14,14,16,15,16,18,19,19,19,19,18,18,18,19,19,18,19,19,19,19,18,18,18,17,17,18,19,19,19,18,17,17,17,17,16,15,16,18,18,18,19,18,18,18,17,16,15,16,16,16,15,12,8,11,13,15,17,17,16,16,16,16,15,14,12,10,10,8,11,15,17,17,14,12,13,15,16,16,17,17,17,18,17,17,17,17,16,15,14,13,14,16,16,16,16,17,17,17,17,18,18,18,18,18,17,17,16,15,14,14,13,14,14,14,14,11,8,8,8,8,8,7,7,6,6,5,7,14,18,19,21,25,26,27,25,25,25,24,20,15,4,3,2,0,0,1,0,0,0,0,0
0,0,0,0,1,2,0,0,10,16,22,25,26,26,26,26,26,25,24,24,24,21,15,9,5,4,18,25,23,13,7,7,10,13,16,17,18,18,18,18,17,16,17,18,19,19,18,18,18,18,17,18,18,17,17,17,18,19,20,21,22,22,22,21,21,20,19,18,18,19,19,19,19,19,20,19,19,18,18,17,15,15,16,15,14,16,18,19,19,17,17,17,15,14,17,19,19,19,19,19,19,19,19,19,19,19,19,19,19,18,18,18,17,17,18,19,19,19,18,17,17,17,18,17,17,18,19,19,19,20,18,17,17,16,16,16,16,17,13,9,8,11,16,16,17,17,17,17,16,15,15,13,11,11,9,8,10,15,17,17,15,13,13,14,17,19,19,19,19,19,19,18,18,17,17,17,16,15,14,15,16,16,15,15,16,16,17,17,18,18,18,18,17,17,16,15,14,13,13,13,13,16,17,15,10,7,9,10,10,9,8,7,6,4,5,9,18,20,21,23,26,27,26,25,25,25,23,18,11,1,1,0,2,0,0,1,1,0,0,0
0,0,0,2,1,0,0,0,7,14,20,24,25,26,26,26,26,26,26,26,24,23,20,14,7,3,8,18,24,21,13,7,9,11,12,13,16,16,16,16,16,15,14,15,17,17,17,17,17,16,15,17,17,17,17,17,19,19,20,21,22,22,22,21,20,19,18,18,17,18,18,18,19,19,20,20,19,19,18,17,16,16,17,15,14,15,15,18,19,17,17,17,14,12,14,17,18,17,18,19,19,19,19,19,19,19,19,19,18,18,19,19,18,17,18,18,19,19,18,17,17,17,16,16,17,19,20,20,20,19,18,17,17,16,16,16,14,12,8,9,13,16,17,17,17,17,17,16,15,14,14,12,10,8,9,12,14,16,17,15,14,13,15,16,17,18,18,18,19,19,19,19,19,17,16,17,17,16,15,15,16,16,15,15,16,16,17,17,17,17,17,17,17,15,15,14,14,13,13,12,14,18,18,14,10,8,8,10,9,8,7,7,5,5,6,12,19,21,23,25,25,26,26,25,24,23,20,14,4,0,0,0,1,2,2,0,0,0,0,0
0,0,0,1,1,1,1,0,4,10,18,21,24,26,27,27,26,26,26,26,25,25,22,17,10,7,2,7,16,22,18,9,6,9,10,9,10,10,10,13,15,15,14,14,15,16,16,16,16,16,16,17,17,17,17,18,18,19,20,20,21,22,21,21,20,19,18,17,17,17,18,19,19,20,20,21,21,20,18,17,17,16,16,15,13,13,15,16,18,17,18,17,15,12,12,14,15,16,17,18,19,19,20,19,19,19,19,18,19,19,20,19,19,18,18,18,18,19,18,17,16,15,15,15,17,19,20,20,19,19,18,18,18,17,15,13,10,10,12,14,17,18,18,18,18,18,16,15,15,15,14,12,10,8,11,15,17,16,15,13,14,16,17,16,16,16,15,16,17,18,19,19,18,17,16,17,16,16,16,16,16,16,16,16,16,16,16,16,16,16,16,16,16,15,14,14,13,12,12,12,15,19,20,15,11,9,8,8,7,7,6,6,6,4,10,16,22,23,25,26,26,26,26,24,24,22,18,10,0,3,0,0,1,2,1,0,0,0,0,0
0,0,0,0,0,0,0,0,2,6,15,19,23,25,26,27,26,27,26,26,26,26,24,20,15,10,5,5,7,15,19,14,6,7,9,8,8,9,11,13,15,15,15,15,16,16,17,17,17,17,16,17,18,19,18,17,18,19,20,21,21,21,21,21,21,20,19,18,17,17,18,19,19,20,21,21,21,20,19,18,18,17,15,13,10,11,16,17,18,18,18,18,17,15,14,13,14,15,17,17,19,20,20,19,19,19,19,19,19,20,20,19,19,18,18,17,17,17,16,15,14,14,14,14,16,18,19,19,19,19,18,17,15,13,11,9,10,14,16,17,19,19,18,17,17,17,16,16,14,12,10,11,10,11,16,19,18,15,13,13,14,16,17,16,16,16,13,13,14,16,18,19,19,17,16,15,15,16,17,17,17,16,16,16,16,16,16,16,16,15,16,16,16,14,13,13,12,11,11,12,14,18,20,16,12,9,7,8,7,7,5,7,8,7,14,20,24,25,26,26,26,26,26,25,23,19,15,7,0,0,0,0,0,0,0,0,0,0,0,0
0,0,0,0,0,0,0,0,2,4,11,18,22,24,26,26,26,27,26,26,26,26,25,22,19,12,8,6,5,8,15,17,11,6,7,9,11,13,15,16,17,17,17,18,18,19,19,19,19,18,17,18,19,19,18,18,18,18,18,19,20,20,20,20,20,20,19,18,17,17,17,19,19,20,21,21,21,20,18,18,18,16,14,11,10,12,15,17,18,18,17,17,17,16,15,13,12,14,16,17,18,19,19,19,19,19,19,20,20,20,20,19,17,16,15,15,14,13,13,12,13,14,15,16,17,18,18,18,17,16,14,11,8,9,11,12,15,17,17,17,18,18,17,16,16,16,15,13,11,10,8,10,12,15,18,19,16,13,12,13,14,15,16,16,16,15,13,14,15,15,16,17,18,17,16,16,16,17,17,17,16,16,17,17,16,15,15,14,15,16,16,15,14,13,12,12,12,11,11,12,12,17,18,15,11,8,7,9,6,6,5,7,10,13,17,22,25,25,26,26,26,26,26,25,21,16,10,2,0,2,0,0,0,0,0,0,0,0,0,0
0,0,0,0,1,1,0,0,0,1,6,16,20,23,25,26,26,26,27,26,26,26,26,25,21,16,10,6,6,5,9,15,16,9,4,8,13,16,17,17,18,19,19,18,18,19,20,20,20,19,19,19,20,19,18,18,18,18,18,19,20,20,20,20,20,20,19,18,17,16,17,19,20,20,20,20,20,20,18,18,18,16,14,10,9,11,15,17,19,18,17,16,16,16,15,15,14,15,15,15,15,17,19,19,19,20,20,19,19,19,19,18,18,17,17,16,14,14,14,14,15,17,18,19,18,18,17,16,14,12,10,10,12,16,17,17,18,18,18,17,17,17,16,15,15,14,13,10,7,7,10,13,15,17,18,17,15,12,12,13,14,14,15,16,15,14,15,16,17,17,15,15,16,17,16,16,17,17,17,17,17,17,17,17,16,15,14,15,15,15,14,14,14,12,10,10,11,12,12,13,15,18,16,11,8,7,9,10,6,4,5,8,13,18,20,23,25,25,26,26,25,26,25,21,17,13,5,0,1,0,0,0,0,0,0,0,0,0,0,0
0,0,0,1,0,1,0,0,0,0,3,13,18,22,25,26,26,26,26,27,26,26,26,25,23,20,16,10,6,7,3,9,18,16,8,6,11,16,19,19,19,19,19,19,19,20,20,21,21,21,20,19,20,20,19,17,17,18,18,19,20,20,20,20,21,20,19,18,18,18,18,19,20,20,19,19,19,19,19,18,18,16,14,12,10,12,14,16,18,18,17,17,17,15,15,16,15,15,14,15,14,14,16,19,20,19,20,20,20,20,20,20,20,19,19,19,17,17,17,17,18,19,20,20,19,17,15,14,13,13,14,15,17,18,19,19,18,18,18,17,17,17,16,15,13,12,11,9,8,10,14,14,16,17,18,16,14,13,14,15,17,17,16,15,14,14,15,15,17,17,15,14,15,16,16,16,17,17,16,17,17,17,17,16,15,16,16,17,17,15,15,15,15,11,9,10,11,12,13,14,18,19,14,8,5,8,12,10,6,2,6,12,17,19,22,24,26,26,26,26,26,25,24,18,14,9,0,0,0,1,0,1,1,0,0,1,0,0,0,0
0,0,0,0,0,0,0,0,1,1,1,7,16,19,23,26,26,26,26,27,27,26,26,26,25,23,20,16,10,5,5,6,13,18,14,8,7,12,17,20,19,19,20,20,20,20,20,20,20,21,20,20,20,20,18,17,17,17,18,19,20,21,21,21,21,21,20,19,19,18,18,19,20,20,20,20,20,19,18,19,18,16,15,14,12,11,14,15,17,18,18,18,17,15,15,15,15,14,15,16,16,14,11,14,17,19,19,19,19,19,19,20,20,20,20,19,18,18,18,17,17,19,19,18,17,16,15,15,16,17,17,18,18,18,19,18,18,18,18,17,16,15,14,12,9,8,11,11,12,14,15,15,16,17,17,16,14,14,15,17,18,17,14,13,14,15,15,15,16,17,16,15,15,14,15,16,17,16,15,16,16,16,15,14,16,15,17,18,17,15,16,16,12,10,10,10,11,12,14,16,19,16,9,3,7,12,14,9,5,7,13,16,18,20,23,26,26,26,26,26,26,24,21,16,9,2,1,0,2,0,0,0,0,0,0,0,0,0,0,0
0,0,0,0,0,0,0,0,0,1,1,3,11,17,22,24,26,26,27,26,26,26,27,26,25,24,22,20,15,9,6,3,7,15,17,13,7,7,13,18,20,19,19,20,20,19,19,19,19,20,20,19,20,20,18,17,16,17,18,19,20,20,21,21,22,21,20,20,19,18,17,18,19,19,19,20,20,19,17,19,18,17,16,14,13,12,14,15,16,17,18,18,17,16,15,15,16,16,16,16,18,17,14,11,10,13,15,16,16,17,18,18,19,20,20,20,20,19,19,19,18,18,18,18,17,16,16,17,18,18,18,18,19,19,18,17,17,18,17,15,14,13,11,8,5,8,12,14,15,16,16,16,17,16,16,14,14,14,16,17,16,13,11,12,14,16,17,17,17,17,16,15,14,13,14,16,17,16,15,15,15,15,13,12,13,15,16,17,16,15,16,13,9,8,8,9,11,12,14,17,17,12,5,5,12,15,12,6,6,12,16,19,19,21,24,26,26,25,26,26,25,22,17,10,4,2,2,1,1,0,0,0,0,0,0,0,0,0,0,0
0,0,0,1,0,0,0,0,1,1,0,0,6,15,20,23,25,26,27,26,26,26,27,26,25,25,24,22,19,15,9,6,4,8,14,15,11,7,8,14,19,18,18,19,19,19,19,19,19,20,20,20,21,20,19,18,18,18,19,19,19,20,21,21,22,21,20,20,20,19,18,18,17,17,17,19,20,20,18,19,19,17,16,14,13,12,13,15,15,14,16,17,17,17,16,15,16,16,16,16,18,19,18,16,13,12,10,10,13,15,16,17,17,18,19,20,20,19,19,19,19,19,20,19,18,18,19,18,18,19,19,19,19,18,18,18,17,17,16,14,12,9,7,7,9,13,15,16,16,17,17,16,16,16,15,15,16,16,16,16,15,13,12,12,13,16,17,18,18,17,16,15,14,13,13,15,15,15,16,15,14,13,13,13,15,17,16,16,17,17,15,12,8,7,6,7,9,11,15,18,13,7,3,11,15,13,8,5,10,15,19,20,20,22,25,26,26,26,26,26,25,21,14,3,0,2,3,0,0,0,0,0,0,0,0,0,0,0,0,0
0,0,0,0,0,0,0,1,2,2,0,2,4,12,18,22,24,26,27,26,26,27,27,27,27,26,25,23,22,19,13,7,7,5,8,12,14,11,6,8,14,18,19,18,19,19,19,19,19,19,19,20,20,20,20,20,19,18,18,18,18,19,20,21,21,21,20,20,20,19,18,18,18,18,16,17,19,20,19,19,18,17,16,15,13,11,12,14,16,14,14,15,16,17,17,16,16,16,17,16,17,18,19,18,16,15,14,13,12,12,13,14,15,16,17,19,19,17,17,18,18,19,20,19,19,19,19,19,19,20,19,18,17,16,17,18,16,13,11,10,8,7,9,12,16,18,18,18,17,16,15,15,16,16,16,17,18,18,18,15,13,12,13,13,15,16,17,18,18,17,15,14,14,14,14,15,15,15,16,15,14,13,15,15,17,18,19,18,18,17,14,10,8,6,5,8,9,13,17,16,7,4,9,13,13,9,8,7,11,17,21,21,21,23,26,26,26,26,26,25,23,18,9,1,0,2,2,0,1,1,0,0,0,0,0,0,0,0,0,0
0,0,0,0,0,0,0,1,2,2,0,0,0,6,15,19,22,25,26,26,26,26,26,26,27,27,26,24,24,22,15,7,7,6,5,9,11,11,8,6,9,14,17,18,18,18,18,18,19,19,19,19,20,20,20,20,19,18,17,17,18,18,18,20,21,20,20,21,21,20,19,19,18,18,17,16,17,19,19,19,18,17,17,16,14,11,12,13,15,15,15,15,15,16,17,17,16,16,17,16,15,17,18,17,17,18,18,17,16,15,15,15,15,15,15,17,17,17,16,17,16,17,19,18,18,18,19,18,18,18,18,17,17,17,16,15,12,8,6,7,8,12,15,17,18,18,17,16,15,14,14,14,16,17,17,18,19,18,17,14,13,14,14,14,15,17,17,17,17,16,13,13,14,15,15,15,14,14,15,14,13,13,16,18,19,19,18,18,18,17,12,7,6,6,7,10,12,16,17,11,5,6,9,10,9,7,7,6,12,20,22,21,23,25,26,26,26,26,26,24,21,16,3,1,0,0,1,1,2,0,0,0,0,0,0,0,0,0,0,0
0,0,0,0,0,0,1,1,2,2,1,0,1,1,10,17,20,24,26,27,26,27,26,26,27,27,26,25,25,24,20,14,10,7,5,5,6,8,11,11,9,9,13,17,17,17,17,18,18,20,20,19,19,20,20,20,19,18,18,18,18,17,18,19,21,21,20,21,21,20,19,19,19,18,18,17,16,16,18,19,18,18,17,17,15,12,12,13,15,16,17,16,15,14,14,15,15,15,16,17,17,18,19,19,19,19,19,18,18,17,17,17,17,16,15,15,16,16,16,16,15,17,19,19,18,19,19,18,18,19,18,17,17,15,12,9,8,8,10,12,15,17,19,19,18,18,16,15,14,14,16,17,17,17,17,18,19,18,16,14,13,14,15,15,16,16,16,16,15,14,12,12,15,16,16,15,13,14,15,15,14,15,18,20,20,17,15,15,15,14,9,6,7,8,10,10,14,16,12,9,9,9,9,8,6,7,7,8,15,20,21,22,24,25,26,26,26,26,26,23,18,13,1,2,1,1,1,1,1,0,0,0,0,0,0,0,0,0,0,0
0,0,0,0,0,0,0,0,0,0,1,2,0,2,4,14,19,23,25,26,26,27,27,27,27,27,27,26,25,25,24,21,16,9,5,5,6,6,10,11,11,10,11,13,13,14,15,17,18,19,19,18,19,20,21,20,19,19,18,19,18,17,17,19,21,20,20,20,20,20,20,20,19,18,18,17,17,17,17,18,19,18,18,16,15,13,12,13,14,15,17,17,16,14,14,14,13,12,14,16,17,18,19,18,18,19,19,19,18,18,18,18,18,18,16,15,15,15,16,15,15,17,20,19,18,19,17,16,15,15,15,14,12,11,10,10,10,12,15,18,18,18,18,18,18,18,16,15,15,16,17,17,18,18,18,17,18,16,15,14,13,14,15,15,16,16,17,17,16,15,14,14,15,15,15,14,13,14,15,14,16,18,20,20,16,11,10,12,13,11,7,6,8,8,9,10,15,13,8,7,9,8,9,9,8,8,9,13,18,21,22,24,25,26,26,26,26,26,25,21,15,8,3,0,0,1,1,1,0,0,0,0,0,0,0,0,0,0,0,0
0,0,0,0,0,0,0,0,0,0,1,2,2,3,2,10,17,21,24,25,25,26,27,27,26,27,27,26,25,25,25,23,19,15,10,7,6,6,6,10,13,12,9,9,10,12,15,16,18,17,17,18,20,21,21,20,21,20,19,19,18,18,18,19,20,20,20,21,21,20,20,20,20,19,18,18,18,18,17,18,18,18,18,17,14,12,12,12,12,14,15,17,17,16,16,14,14,12,11,12,15,18,18,18,17,17,18,18,18,18,18,19,18,18,17,16,15,15,15,15,15,17,20,18,16,15,13,11,10,9,9,8,8,10,13,15,15,15,17,19,18,17,17,17,18,18,18,18,17,17,17,17,17,16,15,16,17,16,15,15,15,15,15,13,13,14,16,16,15,15,15,16,16,15,14,13,13,14,15,15,16,17,18,16,11,7,8,11,12,9,7,5,7,6,6,12,15,10,4,6,7,8,9,10,9,10,14,18,21,22,24,25,26,26,26,26,25,25,23,18,10,2,1,0,0,1,0,1,0,0,0,0,0,0,0,0,0,0,0,0
0,0,0,0,0,0,0,0,0,0,0,0,0,1,0,6,13,19,22,24,25,26,27,27,27,27,26,26,26,26,25,25,23,20,15,7,4,6,6,6,7,10,11,11,9,7,10,14,17,17,18,18,20,22,21,20,21,21,20,19,18,18,19,20,20,20,20,20,20,20,20,20,20,20,20,20,20,19,18,18,19,18,17,17,16,14,11,10,10,13,16,17,17,16,15,15,15,13,10,9,12,14,15,16,16,17,19,19,18,18,19,19,18,17,17,17,16,16,16,16,16,17,18,15,12,11,9,8,8,7,8,9,11,15,18,19,18,17,18,18,16,16,17,17,18,19,18,18,18,18,17,17,15,15,16,16,16,15,16,16,17,16,14,11,11,12,12,13,13,13,14,15,15,13,12,12,13,14,16,17,17,17,15,11,7,7,9,10,8,7,4,4,7,7,13,17,14,9,8,9,9,11,13,13,12,14,17,21,22,23,25,26,26,26,26,26,26,24,21,15,5,0,1,0,0,0,1,0,0,0,0,0,0,0,0,0,0,0,0,0
0,0,0,0,0,0,0,0,0,0,0,0,0,0,0,3,8,16,20,23,25,26,26,26,26,27,26,26,26,26,25,25,24,22,18,12,5,6,8,6,4,8,11,13,11,7,7,9,13,17,19,19,20,22,21,21,21,20,20,20,19,18,18,19,19,20,20,20,20,20,21,22,22,21,21,21,20,19,18,18,19,18,16,17,18,18,16,15,11,10,12,15,15,14,14,13,12,10,10,10,10,11,12,14,15,16,17,17,18,17,18,18,16,16,16,16,14,14,15,15,15,15,13,10,8,7,6,8,10,12,13,14,17,19,19,19,18,17,17,16,16,17,18,17,18,18,17,17,17,18,17,15,14,15,17,18,18,17,18,18,16,14,12,11,11,12,12,13,13,13,14,14,13,13,13,13,14,15,16,17,18,16,12,8,7,10,9,8,5,6,5,5,8,11,16,15,10,7,9,10,12,15,15,15,15,18,20,22,23,25,26,26,27,26,26,26,25,22,18,12,3,0,1,0,0,0,0,0,0,0,0,0,0,0,0,0,0,0,0,0
0,0,0,0,0,0,0,0,0,0,0,1,0,0,0,1,1,12,18,22,25,26,26,26,27,27,27,26,26,26,26,24,24,24,22,19,13,8,6,6,5,4,7,11,13,11,8,6,9,16,20,20,19,20,21,21,20,19,20,20,20,19,18,19,19,19,19,19,19,20,21,22,22,21,21,20,20,19,18,18,17,18,18,19,19,18,19,20,18,13,9,10,11,11,11,11,9,10,13,14,14,13,12,12,13,13,12,12,12,13,14,14,14,14,14,14,14,14,14,14,12,12,9,7,7,8,10,13,15,16,17,18,19,20,19,18,17,17,17,16,17,18,17,17,17,16,16,15,15,15,15,14,14,14,16,18,18,17,16,15,12,10,10,11,12,13,13,14,14,14,14,13,13,12,12,14,15,16,17,18,17,13,8,6,7,8,6,5,4,4,5,8,11,15,11,6,4,5,9,11,14,16,15,15,17,20,21,23,24,25,26,26,26,26,26,25,24,20,15,7,1,0,1,0,0,0,0,0,0,0,0,0,0,0,0,0,0,0,0,0
0,0,0,0,0,0,0,0,0,0,0,1,1,1,0,4,0,7,17,20,23,25,26,26,26,27,27,26,26,27,26,25,25,24,23,22,19,12,4,6,7,6,6,8,10,12,11,5,3,11,17,21,20,19,20,21,20,19,19,20,20,19,19,19,20,19,19,19,19,19,21,22,22,21,21,20,20,19,19,18,17,17,19,19,18,18,18,19,19,17,14,11,9,8,9,9,9,13,16,18,17,15,14,13,13,12,11,9,8,8,9,9,11,10,11,12,13,14,14,14,11,10,8,6,9,13,16,18,18,18,18,18,18,17,17,17,17,17,17,17,18,19,17,15,15,15,15,15,15,14,14,15,15,16,16,16,15,14,12,9,7,8,11,12,12,12,12,12,13,13,13,13,14,13,13,14,15,16,16,17,14,8,6,6,6,6,4,5,5,2,4,12,16,14,6,2,6,7,10,13,14,15,15,16,19,21,22,24,25,26,26,26,25,26,26,24,21,17,12,2,2,2,1,0,0,0,0,0,0,0,0,0,0,0,0,0,0,0,0,0
0,0,0,0,0,0,0,0,0,0,0,0,0,0,0,0,1,5,14,19,22,25,26,26,26,27,27,27,26,27,27,27,26,25,24,23,22,18,11,8,6,6,6,6,9,13,13,10,6,8,13,18,20,19,19,20,19,18,19,19,19,20,20,19,19,19,19,19,19,20,21,22,22,21,21,20,20,20,20,19,18,18,19,19,19,19,19,20,19,17,16,15,12,11,10,8,10,14,17,19,18,16,16,15,14,12,12,10,10,9,7,8,10,8,7,9,11,12,12,14,12,10,8,9,12,16,17,18,19,19,17,17,17,16,16,16,17,17,17,17,18,19,18,16,15,15,15,16,15,15,14,15,15,16,15,12,11,10,9,7,8,12,14,14,14,12,12,12,13,13,12,13,14,13,14,15,17,16,15,13,9,6,7,7,5,5,6,6,5,4,9,15,14,8,5,5,8,9,10,13,15,17,18,20,21,22,24,26,26,26,26,26,26,25,25,22,18,14,7,0,1,2,0,0,0,0,0,0,0,0,0,0,0,0,0,0,0,0,0,0
0,0,0,0,0,0,0,0,0,0,0,0,0,0,0,1,1,4,10,18,21,24,26,26,26,26,27,27,26,27,27,26,26,26,25,24,24,22,17,13,7,5,4,4,7,11,13,12,9,8,10,15,19,19,18,17,17,18,19,19,20,20,20,20,19,19,19,20,20,20,21,22,22,21,20,20,20,20,20,19,18,19,19,19,19,19,19,20,19,17,16,17,16,13,10,11,12,14,17,18,17,16,15,15,15,14,14,13,12,10,8,10,12,9,6,7,7,8,10,12,12,10,9,11,15,17,18,18,18,18,17,16,17,17,16,16,16,17,17,16,16,18,20,19,18,16,15,14,15,15,14,13,14,12,9,8,8,9,8,9,11,14,16,15,14,13,12,13,13,13,13,13,13,14,14,16,18,17,14,9,7,6,7,6,5,6,6,5,6,9,13,14,10,6,6,7,9,9,10,13,15,18,20,22,23,23,25,26,26,26,26,26,25,25,23,20,16,10,4,0,1,0,0,0,0,0,0,0,0,0,0,0,0,0,0,0,0,0,0,0
0,0,0,0,0,0,0,0,0,0,0,0,0,0,1,1,1,0,2,13,18,23,24,25,25,26,27,27,26,27,26,26,26,26,25,25,24,24,22,17,12,9,6,5,6,8,11,13,12,10,9,13,18,20,19,18,18,20,21,21,21,21,21,21,21,20,20,20,20,20,21,22,21,22,21,20,20,20,20,20,20,20,20,20,20,20,20,20,18,18,18,17,17,15,15,17,16,16,18,18,16,15,15,15,15,17,17,16,14,11,9,12,14,10,6,8,10,11,12,13,12,11,11,12,14,16,16,17,17,18,17,17,17,18,17,16,16,16,15,14,15,17,19,21,20,19,16,13,13,14,13,12,9,8,7,8,8,9,12,12,14,15,15,13,12,13,14,14,14,12,12,13,13,15,16,18,18,15,11,7,6,6,6,6,6,6,6,6,7,10,12,9,5,5,7,9,10,10,12,15,17,19,22,23,24,24,26,26,26,26,26,26,25,24,21,18,13,6,0,0,1,0,1,0,0,0,0,0,0,0,0,0,0,0,0,0,0,0,0,0
0,0,0,0,0,0,0,0,0,0,0,0,0,0,0,1,1,3,0,9,16,22,24,25,25,26,26,26,26,27,27,26,27,27,26,25,25,25,24,21,18,14,9,5,5,8,11,13,14,13,10,12,16,19,20,20,20,20,20,21,22,22,22,22,22,21,21,21,21,21,21,21,20,21,21,21,21,21,20,21,21,20,20,21,21,21,20,19,19,18,18,18,17,17,17,16,15,16,18,18,16,16,16,15,14,16,17,16,14,13,12,16,17,11,6,7,11,13,13,12,10,9,9,11,12,13,15,17,19,19,18,17,16,16,15,15,15,15,14,15,17,18,16,19,20,19,15,11,10,10,8,8,8,9,11,11,10,10,12,14,13,13,13,14,15,15,14,13,14,14,14,14,15,17,19,19,16,10,7,6,5,5,6,7,6,5,5,6,8,9,8,6,4,6,9,10,10,12,15,17,19,21,23,24,24,25,26,26,26,26,26,25,24,22,20,16,8,2,0,1,2,1,0,0,0,0,0,0,0,0,0,0,0,0,0,0,0,0,0,0
0,0,0,0,0,0,0,0,0,0,0,0,0,0,0,0,0,2,0,2,11,18,22,24,25,26,26,26,26,26,27,26,27,27,26,26,25,25,25,25,24,20,15,10,8,7,7,12,16,14,11,10,11,15,19,22,21,20,21,21,22,23,23,23,22,22,22,21,21,21,21,21,20,20,21,21,21,21,21,22,21,21,21,21,21,21,20,19,19,19,19,18,17,18,18,16,14,14,18,19,18,19,20,18,15,15,14,14,12,12,13,17,18,13,10,11,12,13,13,13,12,11,11,12,13,16,18,19,19,18,16,15,14,14,14,15,16,16,16,17,18,16,11,12,15,16,12,9,8,8,7,8,11,14,15,16,15,14,14,13,12,11,12,14,16,15,14,13,13,15,16,17,19,20,20,16,10,5,4,4,3,5,7,7,6,3,4,6,9,8,5,5,6,6,7,9,11,15,18,19,21,22,24,25,25,26,26,26,26,26,26,25,23,20,18,12,2,0,2,2,3,2,0,0,0,0,0,0,0,0,0,0,0,0,0,0,0,0,0,0
0,0,0,0,0,0,0,0,0,0,0,0,0,0,1,1,1,1,2,1,3,14,20,22,24,25,26,25,26,26,26,26,26,26,26,26,25,25,24,25,25,24,21,17,14,10,7,11,15,13,10,9,9,13,19,22,21,20,20,20,21,22,22,22,21,21,21,21,21,21,20,20,20,20,20,20,20,20,20,21,21,20,20,20,20,20,19,19,20,19,19,18,19,18,18,17,14,12,16,20,20,21,21,20,19,17,15,12,10,10,12,14,16,14,14,15,14,15,15,15,16,16,15,15,16,18,19,17,15,13,13,12,12,12,13,15,17,17,17,16,15,13,8,7,11,12,11,12,12,11,9,10,12,14,16,16,15,14,12,12,11,12,12,13,14,14,15,15,16,16,17,19,21,19,15,9,5,5,3,5,5,6,6,7,6,5,7,10,9,6,5,6,7,6,6,9,14,19,20,21,22,23,24,25,25,26,26,26,25,25,25,23,20,18,13,6,0,2,3,1,2,1,1,0,0,0,0,0,0,0,0,0,0,0,0,0,0,0,0,0
0,0,0,0,0,0,0,0,0,0,0,0,0,0,0,0,0,1,0,1,0,6,15,19,22,24,25,25,26,26,26,26,26,27,27,26,26,25,25,25,25,25,24,21,19,15,13,11,12,12,10,9,9,12,18,21,21,20,19,20,21,21,21,21,20,20,20,20,20,20,20,19,20,19,20,20,19,19,19,20,19,18,18,18,18,18,19,19,19,19,19,18,19,19,18,17,13,12,16,19,20,21,21,21,21,19,16,14,10,9,9,12,16,16,16,17,16,15,15,15,16,17,17,16,15,16,15,13,11,11,13,13,13,13,14,15,16,16,15,13,11,11,9,7,7,7,11,15,16,15,14,13,13,14,15,15,16,14,13,10,9,10,11,13,13,13,15,16,18,18,20,20,18,12,8,5,5,5,5,6,7,7,6,5,6,7,10,9,7,6,5,5,7,6,6,12,19,21,21,23,24,24,24,25,26,26,26,26,25,25,24,22,18,14,7,0,1,1,0,0,1,0,0,0,0,0,0,0,0,0,0,0,0,0,0,0,0,0,0,0
0,0,0,0,0,0,0,0,0,0,0,0,0,0,0,0,0,2,0,2,0,1,9,15,20,23,25,26,26,27,27,26,27,27,27,27,27,26,26,25,25,26,25,24,22,20,17,14,11,10,10,9,8,9,15,19,20,20,19,20,20,20,20,20,20,20,20,20,20,20,20,19,19,19,20,20,19,17,17,18,18,17,16,16,17,17,18,19,19,19,18,19,19,18,18,16,12,10,14,17,18,19,20,19,19,18,16,15,13,10,9,13,17,16,15,15,14,15,16,14,13,13,15,14,13,13,12,12,12,12,14,15,14,14,15,14,14,13,11,9,9,11,11,10,10,11,12,14,16,16,16,15,13,12,13,15,15,13,11,9,10,10,11,12,14,16,17,18,20,20,19,16,11,7,5,5,5,5,6,7,8,8,4,4,7,9,9,6,5,5,6,7,7,6,8,16,21,21,22,24,24,25,25,26,26,26,26,26,25,24,22,19,14,9,3,1,1,1,0,1,1,1,1,0,0,0,0,0,0,0,0,0,0,0,0,0,0,0,0,0
0,0,0,0,0,0,0,0,0,0,0,0,0,0,0,0,0,0,0,1,0,0,1,9,16,21,24,25,25,26,26,26,26,26,26,26,26,26,26,26,25,25,25,24,24,23,20,16,9,7,10,9,9,8,10,14,17,19,18,19,20,20,19,19,20,19,19,19,19,19,19,19,19,20,20,19,18,15,14,13,12,11,11,13,16,17,19,20,19,19,19,19,20,19,18,16,11,10,13,17,18,19,19,18,18,18,16,15,14,12,11,13,15,14,13,11,10,13,16,15,12,11,12,13,13,14,14,14,13,13,14,15,15,15,15,12,9,8,7,6,8,9,10,10,11,12,12,12,14,16,16,14,13,12,13,13,14,13,13,14,16,15,14,14,15,17,18,17,16,14,12,8,6,5,5,6,5,6,8,9,7,5,6,6,6,8,7,5,5,8,9,7,2,7,13,20,22,21,22,24,24,25,25,26,26,26,26,25,24,22,20,16,8,0,0,0,1,0,0,0,1,0,0,0,0,0,0,0,0,0,0,0,0,0,0,0,0,0,0,0
0,0,0,0,0,0,0,0,0,0,0,0,0,0,0,0,0,0,1,0,0,1,2,2,13,20,22,24,25,26,26,26,26,26,26,26,27,27,27,26,26,26,25,25,24,24,22,17,9,5,9,10,9,8,11,12,12,13,15,18,19,19,19,19,19,19,19,19,19,19,19,19,20,20,20,19,17,15,13,12,11,11,12,14,17,18,19,19,19,20,19,19,20,20,19,14,10,8,11,15,17,18,19,18,18,17,16,14,13,11,9,10,12,13,13,11,10,12,17,18,16,13,11,11,11,14,17,17,16,15,15,15,16,14,12,10,9,9,9,9,9,9,9,9,10,10,11,12,14,16,17,17,16,15,14,13,13,14,15,15,14,14,14,14,14,15,14,11,10,10,9,7,5,5,5,5,6,8,10,10,8,7,7,7,8,7,4,6,8,10,8,6,4,11,17,21,21,21,23,24,25,25,25,26,26,26,26,25,23,21,18,12,5,0,1,1,1,0,0,0,0,0,0,0,0,0,0,0,0,0,0,0,0,0,0,0,0,0,0,0
0,0,0,0,0,0,0,0,0,0,0,0,0,0,0,0,0,1,1,0,1,0,3,0,7,16,20,23,25,26,26,26,26,26,26,26,27,27,27,26,26,26,26,26,25,25,24,21,15,8,6,8,9,8,9,11,12,12,12,15,18,19,19,19,19,18,18,18,19,19,19,19,20,20,19,18,18,17,16,16,16,17,18,19,20,20,20,20,20,21,20,20,19,19,17,14,10,8,11,16,19,19,19,19,18,16,15,16,15,13,11,10,11,14,15,14,14,15,18,19,16,11,8,8,8,11,16,18,17,17,16,15,14,12,10,11,12,13,13,13,12,10,9,10,10,10,11,12,13,14,15,17,17,15,12,10,12,14,14,13,11,12,13,13,12,11,11,9,8,8,8,6,5,4,3,4,8,10,10,9,8,9,9,8,7,4,5,10,11,9,6,6,8,16,21,22,22,23,23,24,25,25,26,26,26,25,26,24,22,20,15,5,1,0,2,0,0,0,0,0,0,0,0,0,0,0,0,0,0,0,0,0,0,0,0,0,0,0,0,0
0,0,0,0,0,0,0,0,0,0,0,0,0,0,0,0,0,1,0,1,0,0,1,2,2,9,17,21,23,25,25,26,26,27,27,26,26,27,27,26,26,26,26,26,26,25,25,24,21,14,5,4,7,9,8,10,10,9,9,11,14,17,19,19,18,17,17,18,18,18,19,19,19,19,18,18,18,18,18,18,19,19,20,20,20,20,19,20,20,21,21,21,20,18,16,12,9,9,12,17,19,18,19,19,18,17,17,19,18,16,14,12,11,14,17,18,20,20,20,19,16,12,7,7,6,10,17,20,19,18,18,14,11,10,12,14,14,14,13,12,10,9,8,8,9,11,12,13,13,12,13,15,16,16,13,11,12,14,14,12,12,14,15,13,11,11,10,9,7,6,6,6,6,5,3,7,11,11,9,10,11,11,10,9,7,6,11,12,11,5,4,11,15,21,22,22,23,24,24,25,25,26,26,26,25,25,25,23,21,17,9,1,0,1,0,0,0,0,0,0,0,0,0,0,0,0,0,0,0,0,0,0,0,0,0,0,0,0,0,0
0,0,0,0,0,0,0,0,0,0,0,0,0,0,0,0,0,1,0,0,0,0,0,2,0,2,11,18,21,24,25,25,26,26,27,26,26,27,27,26,26,26,26,26,26,25,25,24,24,20,11,5,5,7,7,8,9,9,9,9,11,15,16,17,16,16,16,17,17,18,18,19,18,18,18,18,18,18,18,19,19,20,21,21,20,20,19,19,20,21,21,20,19,18,15,10,11,13,15,16,18,18,19,20,19,18,19,20,19,16,15,13,11,14,18,20,22,23,21,20,19,17,13,10,7,12,19,22,20,20,19,17,13,11,13,14,14,13,13,12,11,10,9,8,9,12,13,13,12,12,13,13,15,16,15,14,13,13,12,13,14,15,13,10,9,9,8,6,6,7,8,7,7,6,7,11,13,13,12,14,15,13,8,6,8,11,12,8,5,3,7,14,19,22,22,23,24,24,25,25,25,26,26,25,25,24,24,22,19,13,4,0,2,1,0,0,0,0,0,0,0,0,0,0,0,0,0,0,0,0,0,0,0,0,0,0,0,0,0,0
0,0,0,0,0,0,0,0,0,0,0,0,0,0,0,0,0,0,0,0,0,0,0,1,0,0,6,15,20,23,24,25,26,26,26,26,26,27,27,26,26,26,26,26,26,26,26,25,25,25,21,14,6,4,5,6,7,8,9,10,10,12,13,14,15,15,15,16,17,17,18,18,18,18,18,18,19,19,20,20,20,20,20,20,20,20,19,19,21,22,20,18,16,16,15,12,16,17,17,17,18,20,20,20,19,19,19,19,18,16,14,13,12,15,19,22,23,24,22,20,20,21,20,18,13,15,21,23,22,21,21,20,17,13,12,12,12,12,12,12,12,11,11,10,11,13,12,11,11,12,12,12,13,15,16,14,13,13,13,13,13,13,11,10,10,10,9,7,7,7,7,7,8,7,11,14,15,16,17,17,14,11,9,10,11,12,11,7,5,9,16,20,22,22,22,24,24,24,25,25,26,26,25,25,25,24,23,21,17,8,1,0,1,1,0,1,0,0,0,0,0,0,0,0,0,0,0,0,0,0,0,0,0,0,0,0,0,0,0,0
0,0,0,0,0,0,0,0,0,0,0,0,0,0,0,0,0,0,0,0,0,0,0,1,0,1,0,8,16,21,23,24,25,27,27,26,26,27,27,26,27,26,26,26,26,26,26,26,25,25,24,20,14,7,4,5,7,7,8,10,10,10,11,11,12,13,14,16,17,18,18,18,18,18,18,18,19,20,20,20,21,20,20,20,20,19,19,19,19,20,17,13,11,11,13,17,18,17,17,18,20,21,20,20,20,20,19,19,18,14,12,13,14,16,20,23,24,24,22,20,21,22,23,22,20,21,23,25,24,22,21,22,21,19,17,16,15,13,10,10,10,10,11,12,12,12,14,14,13,11,12,14,15,16,16,16,15,15,14,14,13,11,10,10,11,10,8,8,9,10,9,10,12,13,15,17,19,19,18,16,11,8,9,10,10,8,6,6,10,16,21,22,22,22,23,24,24,25,25,26,26,26,26,25,24,23,21,19,11,2,0,1,1,1,0,1,0,0,0,0,0,0,0,0,0,0,0,0,0,0,0,0,0,0,0,0,0,0,0,0
0,0,0,0,0,0,0,0,0,0,0,0,0,0,0,0,0,0,0,1,0,0,0,1,0,2,0,2,11,17,21,23,24,26,26,25,26,26,27,26,27,26,26,26,26,26,26,26,26,26,26,24,21,15,7,5,6,7,6,8,10,11,11,11,10,11,13,16,18,19,19,18,19,19,18,18,19,20,20,20,21,20,19,19,19,19,19,19,19,19,19,17,14,12,13,16,17,18,18,19,20,20,19,20,20,19,19,20,18,14,12,12,13,16,20,24,24,24,22,21,22,21,21,21,22,23,24,25,25,25,24,24,24,22,20,19,17,14,11,10,9,11,12,13,14,16,17,17,17,16,16,16,16,17,17,17,16,16,16,14,13,11,11,11,10,9,10,11,13,14,13,14,16,18,19,20,21,19,16,11,7,7,9,10,7,5,6,11,16,20,21,22,22,23,24,24,25,25,26,25,25,25,25,25,23,21,19,14,7,0,1,2,0,2,0,0,0,0,0,0,0,0,0,0,0,0,0,0,0,0,0,0,0,0,0,0,0,0,0,0
0,0,0,0,0,0,0,0,0,0,0,0,0,0,0,0,0,0,0,0,0,0,0,1,0,2,2,0,3,12,18,21,23,25,26,26,26,26,26,26,27,26,26,26,26,26,25,26,26,26,26,25,24,21,16,10,3,2,6,5,6,9,10,11,11,12,13,16,17,18,19,19,20,19,19,18,19,19,19,19,20,20,19,19,19,19,19,19,19,18,20,20,18,15,14,15,17,18,18,19,20,19,19,20,20,18,19,20,20,16,12,13,15,17,21,23,24,24,23,22,23,23,21,18,20,22,22,24,25,26,25,26,26,25,25,24,22,19,17,16,16,17,17,18,20,21,22,21,20,20,19,19,18,18,18,18,17,17,16,15,13,12,12,12,13,15,16,16,17,18,18,18,20,21,22,22,20,15,12,9,8,9,10,8,6,8,13,17,20,21,21,23,24,24,24,25,25,26,26,26,25,25,24,23,22,19,15,7,0,0,2,2,0,1,1,0,0,0,0,0,0,0,0,0,0,0,0,0,0,0,0,0,0,0,0,0,0,0,0,0
0,0,0,0,0,0,0,0,0,0,0,0,0,0,0,0,0,0,0,0,0,0,0,1,2,0,3,1,0,4,12,19,22,24,26,26,26,26,26,26,26,26,26,26,26,26,25,25,25,26,25,25,24,24,23,19,13,9,6,4,5,7,7,8,10,12,13,14,15,17,19,19,19,19,19,18,18,19,19,19,20,20,20,20,20,19,18,18,18,19,19,20,21,20,17,15,18,18,17,17,19,19,19,19,19,17,18,20,20,17,13,13,14,17,20,22,23,24,23,22,24,26,22,15,15,19,21,24,26,26,26,26,26,26,26,26,25,24,23,23,23,23,23,22,23,25,25,24,24,24,23,22,21,20,19,19,18,18,17,16,15,15,15,15,17,18,19,20,21,21,22,22,23,23,21,19,16,14,11,10,9,10,8,7,10,14,18,21,23,23,23,24,24,25,25,25,26,25,26,26,25,25,24,22,20,14,7,1,0,2,1,2,2,0,1,0,0,0,0,0,0,0,0,0,0,0,0,0,0,0,0,0,0,0,0,0,0,0,0,0
0,0,0,0,0,0,0,0,0,0,0,0,0,0,0,0,0,0,0,0,0,0,0,0,1,1,2,2,0,0,4,14,20,22,24,25,25,26,26,26,26,27,27,26,26,26,26,25,25,25,25,25,24,24,24,23,20,16,9,5,5,7,8,8,8,9,10,11,13,15,17,18,18,18,18,17,18,18,18,18,20,21,21,20,20,19,17,17,18,19,18,19,20,21,20,17,18,17,16,16,17,17,17,18,18,18,18,19,20,17,13,12,14,16,19,20,22,22,21,21,23,26,22,12,11,16,18,22,24,26,26,26,26,26,26,25,25,25,25,24,25,25,24,23,23,24,24,24,24,24,23,22,22,21,21,20,20,19,18,18,18,18,18,19,19,20,20,21,22,23,23,23,23,21,18,15,14,13,12,11,9,7,8,11,17,21,22,23,24,24,24,25,25,25,25,25,26,25,25,25,24,23,22,20,15,8,0,0,1,2,1,1,1,0,0,0,0,0,0,0,0,0,0,0,0,0,0,0,0,0,0,0,0,0,0,0,0,0,0,0
0,0,0,0,0,0,0,0,0,0,0,0,0,0,0,0,0,0,0,0,0,0,0,0,0,1,1,0,0,1,1,7,14,19,22,24,25,26,26,26,26,26,27,26,26,26,26,26,26,26,26,25,25,24,24,23,24,23,19,14,10,8,4,3,6,7,8,9,11,13,14,16,17,17,17,17,17,18,18,18,19,21,22,22,21,20,18,17,18,18,18,18,19,21,21,19,17,16,17,16,15,15,15,16,17,17,18,18,19,17,13,13,15,17,20,22,22,22,22,23,24,26,21,11,7,9,12,17,22,25,26,26,26,26,26,26,26,26,25,25,25,25,25,24,24,24,24,24,24,23,23,22,22,22,22,21,21,21,20,20,20,20,20,20,21,21,22,23,24,24,23,21,19,17,15,13,12,10,9,8,8,10,13,18,22,23,24,24,25,25,25,25,25,25,25,26,26,25,25,25,24,22,20,17,10,1,0,1,1,0,1,1,1,1,1,1,0,0,0,0,0,0,0,0,0,0,0,0,0,0,0,0,0,0,0,0,0,0,0,0
0,0,0,0,0,0,0,0,0,0,0,0,0,0,0,0,0,0,0,0,0,0,0,0,0,0,0,0,0,1,1,1,7,15,19,22,24,25,26,26,26,26,26,26,26,27,26,26,26,26,26,26,25,25,25,24,25,25,23,22,20,16,10,6,7,6,5,7,10,11,12,13,15,16,16,16,15,16,17,17,18,19,20,21,21,19,17,17,17,17,17,17,19,20,21,20,17,16,16,15,13,14,13,13,14,15,15,16,17,17,17,17,18,20,21,22,23,24,23,24,25,26,23,17,12,11,12,16,21,24,25,26,26,27,26,26,26,26,26,25,25,25,25,25,25,24,24,24,23,23,22,22,22,22,22,22,21,22,22,23,23,23,23,23,24,24,23,24,23,22,19,17,14,12,12,11,10,8,8,10,13,16,19,22,23,23,24,24,25,25,26,26,26,26,26,26,25,25,25,24,22,21,17,10,3,0,2,1,0,0,0,0,0,0,0,0,0,0,0,0,0,0,0,0,0,0,0,0,0,0,0,0,0,0,0,0,0,0,0,0
0,0,0,0,0,0,0,0,0,0,0,0,0,0,0,0,0,0,0,0,0,0,0,0,0,0,0,0,0,0,1,1,0,7,16,20,22,24,25,25,26,26,27,26,26,26,26,26,26,26,26,26,26,25,25,25,25,25,24,24,24,23,19,13,8,6,6,7,8,9,9,11,13,13,14,13,13,13,14,15,16,17,18,19,18,17,17,17,17,17,17,18,19,19,19,20,18,17,16,15,14,13,12,11,10,11,13,15,16,18,20,21,22,23,23,24,24,24,24,24,25,26,25,24,22,21,22,22,23,25,26,26,26,26,26,26,26,26,25,25,25,25,25,25,25,25,24,24,24,24,23,22,22,22,23,23,23,23,24,24,23,23,23,24,24,23,22,21,20,18,16,14,12,10,8,7,6,7,10,15,18,20,22,23,23,23,24,25,25,25,26,26,26,26,25,25,25,24,24,23,22,19,12,3,1,3,2,0,0,0,0,0,0,0,0,0,0,0,0,0,0,0,0,0,0,0,0,0,0,0,0,0,0,0,0,0,0,0,0,0
0,0,0,0,0,0,0,0,0,0,0,0,0,0,0,0,0,0,0,0,0,0,0,0,0,0,1,0,0,0,2,2,2,1,7,16,20,22,24,25,25,26,26,26,26,26,26,26,26,26,26,26,26,26,26,26,26,25,25,25,24,24,24,22,17,11,7,4,6,6,7,9,10,11,12,12,12,11,12,13,14,15,16,15,15,15,16,16,17,17,18,19,20,20,20,21,19,18,19,18,16,14,13,11,9,10,12,14,15,18,21,23,24,25,25,25,25,25,25,25,25,26,26,26,26,26,26,25,25,26,26,26,25,26,26,26,26,26,25,25,25,25,25,25,24,24,24,24,24,24,23,23,23,23,23,24,24,24,23,24,23,23,23,23,22,20,19,18,17,14,13,11,10,9,6,5,9,14,18,20,23,23,23,24,24,25,25,25,25,26,26,26,26,26,25,25,25,24,23,22,19,12,3,0,0,1,1,0,0,0,0,0,0,0,0,0,0,0,0,0,0,0,0,0,0,0,0,0,0,0,0,0,0,0,0,0,0,0,0,0
0,0,0,0,0,0,0,0,0,0,0,0,0,0,0,0,0,0,0,0,0,0,0,0,0,0,0,0,0,1,2,0,3,1,1,9,16,20,22,24,25,25,26,26,26,26,26,27,27,27,27,26,26,26,26,26,26,26,26,26,25,25,25,24,23,19,15,11,10,8,7,7,7,9,10,10,10,10,10,11,13,13,13,12,12,12,14,14,15,17,19,20,21,22,22,22,21,20,19,17,15,15,14,13,11,12,14,15,14,16,19,21,22,23,25,26,26,26,26,26,26,25,25,25,26,26,26,26,26,26,26,25,25,26,26,26,26,26,26,26,26,25,25,25,25,25,24,24,24,24,24,24,24,24,24,25,25,24,24,22,21,19,18,18,17,17,16,15,13,11,10,9,9,9,10,13,17,22,23,24,24,24,24,25,26,25,25,25,26,26,26,26,26,26,25,25,24,23,21,18,9,4,0,1,1,0,1,0,0,0,0,0,0,0,0,0,0,0,0,0,0,0,0,0,0,0,0,0,0,0,0,0,0,0,0,0,0,0,0,0
0,0,0,0,0,0,0,0,0,0,0,0,0,0,0,0,0,0,0,0,0,0,0,0,0,0,0,0,0,0,0,0,1,1,4,2,7,15,20,22,23,25,25,26,26,26,26,26,26,26,26,26,26,26,26,26,26,26,26,26,26,26,25,25,25,23,21,18,15,11,8,6,5,6,6,7,8,8,9,9,10,11,10,10,10,11,12,12,13,16,18,20,20,20,21,21,20,19,18,16,14,14,13,13,12,13,15,15,14,15,17,18,18,19,21,23,24,25,26,26,25,25,23,23,24,25,26,25,25,25,25,25,24,25,26,25,26,26,25,25,25,25,25,25,25,25,25,25,25,25,25,25,25,25,25,24,24,23,21,18,15,13,13,13,12,12,12,11,11,10,9,8,9,12,16,20,23,24,24,24,25,25,25,26,26,25,25,26,26,26,26,25,25,25,24,24,23,21,17,12,0,0,1,2,1,1,1,0,1,0,0,0,0,0,0,0,0,0,0,0,0,0,0,0,0,0,0,0,0,0,0,0,0,0,0,0,0,0,0,0
0,0,0,0,0,0,0,0,0,0,0,0,0,0,0,0,0,0,0,0,0,0,0,0,0,0,0,0,0,0,0,3,1,2,3,0,2,7,14,18,21,22,24,25,25,25,25,26,26,26,26,26,26,26,26,26,26,26,26,26,26,26,25,25,25,25,23,22,21,19,14,11,6,6,5,6,7,7,7,8,8,8,9,9,9,9,10,11,12,14,17,18,18,19,20,20,19,18,16,15,14,13,12,13,14,15,16,16,15,15,16,15,14,16,18,21,22,24,25,25,25,24,21,18,18,21,23,23,23,23,24,24,24,24,25,24,25,25,25,25,25,25,25,25,25,25,25,25,25,24,24,23,23,22,21,20,18,16,14,11,9,9,8,8,8,8,10,10,9,7,7,8,12,17,20,23,24,24,24,24,25,25,25,25,26,25,25,25,26,25,25,25,25,24,23,23,22,18,12,4,0,2,2,1,1,1,1,0,0,0,0,0,0,0,0,0,0,0,0,0,0,0,0,0,0,0,0,0,0,0,0,0,0,0,0,0,0,0,0,0
0,0,0,0,0,0,0,0,0,0,0,0,0,0,0,0,0,0,0,0,0,0,0,0,0,0,0,0,0,0,0,0,0,0,1,1,0,0,3,10,16,20,22,24,24,25,25,26,26,27,26,26,27,27,26,26,26,26,26,26,26,26,26,26,26,26,25,25,25,24,21,18,13,11,9,7,6,5,6,8,7,7,7,8,9,9,10,11,11,12,14,16,17,18,19,19,18,16,14,12,10,9,10,13,15,16,16,16,16,15,15,15,14,16,18,19,20,23,24,24,23,21,19,16,14,15,18,20,20,20,21,23,24,25,25,24,25,25,25,24,23,23,22,21,21,21,21,21,20,20,18,18,18,15,13,11,11,9,8,7,7,8,8,9,9,9,8,9,8,9,12,15,19,22,24,25,25,25,25,25,26,25,25,26,26,26,25,26,26,25,25,25,24,24,23,22,19,11,2,0,2,0,0,0,0,0,0,0,0,0,0,0,0,0,0,0,0,0,0,0,0,0,0,0,0,0,0,0,0,0,0,0,0,0,0,0,0,0,0,0
0,0,0,0,0,0,0,0,0,0,0,0,0,0,0,0,0,0,0,0,0,0,0,0,0,0,0,0,0,0,0,0,1,1,0,0,1,1,0,2,8,14,20,22,23,25,25,25,26,26,26,26,27,27,26,26,26,27,26,26,26,26,26,26,26,26,26,26,26,26,26,25,23,21,18,15,12,8,5,6,6,5,6,7,8,8,9,10,12,11,11,12,14,15,16,16,16,14,12,10,7,8,10,13,15,16,17,17,16,14,15,16,16,17,17,16,16,18,18,19,20,19,18,16,14,13,14,15,16,17,18,19,20,20,20,20,20,20,19,18,17,16,15,14,13,13,12,13,13,13,11,12,12,11,10,10,9,8,8,8,8,8,8,7,6,6,7,10,12,16,19,22,24,24,25,25,25,25,25,25,26,26,26,26,26,26,26,26,26,25,25,25,23,22,22,18,11,3,0,2,1,0,0,0,0,0,0,0,0,0,0,0,0,0,0,0,0,0,0,0,0,0,0,0,0,0,0,0,0,0,0,0,0,0,0,0,0,0,0,0
0,0,0,0,0,0,0,0,0,0,0,0,0,0,0,0,0,0,0,0,0,0,0,0,0,0,0,0,0,0,0,0,0,0,0,1,2,3,4,0,1,8,15,19,20,23,25,25,25,25,26,26,26,26,26,26,26,26,26,26,26,26,26,26,26,26,26,25,26,26,26,26,26,26,25,23,21,17,13,10,6,5,5,7,8,7,8,9,9,10,10,10,11,12,13,13,12,11,9,8,8,9,11,13,14,15,15,15,14,13,14,14,14,14,15,17,16,15,15,16,18,19,17,16,14,13,12,11,11,12,13,15,15,13,12,14,13,12,11,11,11,11,11,10,10,10,9,9,9,10,9,10,10,10,10,9,8,7,7,8,8,8,8,7,9,12,15,18,21,23,24,24,25,25,25,25,25,25,25,26,26,26,25,26,26,25,25,25,25,24,24,24,22,20,17,10,2,0,2,2,0,2,0,0,0,0,0,0,0,0,0,0,0,0,0,0,0,0,0,0,0,0,0,0,0,0,0,0,0,0,0,0,0,0,0,0,0,0,0,0
0,0,0,0,0,0,0,0,0,0,0,0,0,0,0,0,0,0,0,0,0,0,0,0,0,0,0,0,0,0,0,2,1,0,1,1,1,0,2,3,0,1,7,13,18,21,23,24,24,25,25,26,26,26,26,26,26,26,26,26,26,26,26,26,26,26,26,27,26,26,26,26,26,26,26,25,25,25,23,21,17,12,9,7,8,7,8,7,7,9,10,10,10,10,11,10,9,7,8,8,9,11,10,12,12,12,12,12,12,12,11,11,10,11,14,18,18,18,18,17,18,18,17,17,16,14,12,11,10,10,12,13,12,12,12,13,11,10,9,9,9,9,10,9,10,11,10,8,8,8,9,8,9,8,8,7,6,5,5,6,8,10,13,16,19,22,23,23,25,26,26,25,25,25,25,25,26,26,26,26,26,26,25,26,26,25,25,24,24,23,23,22,20,15,9,1,1,1,0,3,1,0,0,0,0,0,0,0,0,0,0,0,0,0,0,0,0,0,0,0,0,0,0,0,0,0,0,0,0,0,0,0,0,0,0,0,0,0,0,0
0,0,0,0,0,0,0,0,0,0,0,0,0,0,0,0,0,0,0,0,0,0,0,0,0,0,0,0,0,0,0,0,0,0,0,0,1,0,0,1,2,1,0,5,12,17,20,21,23,25,25,26,26,26,26,26,27,27,26,26,26,26,26,26,26,26,26,26,26,26,25,25,25,25,25,26,26,26,26,26,25,21,18,15,12,11,10,10,10,9,9,9,9,9,10,9,8,8,8,6,7,8,9,10,10,9,9,9,8,8,9,10,10,12,14,17,18,19,19,18,17,17,17,16,14,13,11,11,10,10,12,12,11,11,12,12,10,11,10,10,9,9,8,7,9,10,9,8,7,8,8,8,8,7,6,5,6,9,12,16,19,21,23,24,26,26,25,25,25,25,25,25,26,26,26,26,26,26,26,26,27,26,26,26,26,25,24,24,23,22,21,19,14,7,1,0,1,2,0,2,1,0,0,0,0,0,0,0,0,0,0,0,0,0,0,0,0,0,0,0,0,0,0,0,0,0,0,0,0,0,0,0,0,0,0,0,0,0,0,0
0,0,0,0,0,0,0,0,0,0,0,0,0,0,0,0,0,0,0,0,0,0,0,0,0,0,0,0,0,0,0,0,0,0,0,1,0,0,2,0,0,2,0,0,5,10,15,18,21,23,24,25,25,25,25,25,26,26,26,26,26,26,26,26,26,26,26,26,26,26,25,25,25,24,25,25,26,25,25,26,26,26,25,23,21,19,17,15,13,12,11,10,10,8,8,9,9,8,6,5,6,7,8,9,8,7,7,6,5,5,7,9,9,8,9,12,14,17,18,17,15,15,15,12,10,10,10,10,10,10,10,10,10,10,9,9,9,9,9,8,7,7,6,5,8,8,7,6,8,10,11,11,12,13,13,14,16,20,22,24,25,25,25,26,26,25,25,25,26,26,26,26,26,25,25,26,26,26,25,26,26,25,25,25,24,24,23,22,22,20,18,14,7,0,1,1,1,1,1,1,1,1,0,0,0,0,0,0,0,0,0,0,0,0,0,0,0,0,0,0,0,0,0,0,0,0,0,0,0,0,0,0,0,0,0,0,0,0,0,0
0,0,0,0,0,0,0,0,0,0,0,0,0,0,0,0,0,0,0,0,0,0,0,0,0,0,0,0,0,0,0,0,0,0,0,0,1,1,1,0,0,0,1,0,0,0,7,14,19,21,23,23,24,25,25,26,26,26,26,26,26,26,26,26,26,26,26,26,26,26,26,25,25,24,25,25,25,25,25,26,26,26,26,26,25,24,23,21,17,16,15,14,12,10,9,8,9,9,8,8,8,5,5,7,7,5,4,4,4,4,5,6,6,6,6,7,9,12,14,12,10,10,10,9,9,8,9,9,8,7,7,7,8,8,7,6,5,5,6,6,6,8,9,9,10,13,13,12,14,16,17,17,19,20,21,21,23,25,26,25,26,25,25,25,25,25,25,25,26,26,26,26,26,26,26,26,26,26,26,25,25,25,24,24,23,23,22,20,19,16,11,5,0,0,1,0,0,0,0,0,0,0,0,0,0,0,0,0,0,0,0,0,0,0,0,0,0,0,0,0,0,0,0,0,0,0,0,0,0,0,0,0,0,0,0,0,0,0,0,0
0,0,0,0,0,0,0,0,0,0,0,0,0,0,0,0,0,0,0,0,0,0,0,0,0,0,0,0,0,0,0,0,0,0,0,0,0,0,0,0,1,0,0,2,3,1,2,6,12,17,20,22,23,25,25,25,25,25,25,26,27,26,26,26,27,27,27,26,26,26,26,26,26,25,25,25,25,25,25,25,25,24,24,24,24,24,23,23,20,20,19,18,17,16,14,13,12,12,11,11,11,10,9,10,9,7,6,6,5,6,7,7,7,8,8,8,9,12,13,11,10,10,10,10,10,11,12,11,10,10,10,11,11,11,10,10,11,11,11,12,14,15,16,16,17,19,19,19,20,21,21,21,22,23,23,23,24,25,25,25,26,26,26,26,26,25,25,26,26,26,26,26,26,26,26,26,26,26,25,25,25,24,24,24,22,21,20,18,14,8,4,0,0,1,0,0,0,0,0,0,0,0,0,0,0,0,0,0,0,0,0,0,0,0,0,0,0,0,0,0,0,0,0,0,0,0,0,0,0,0,0,0,0,0,0,0,0,0,0,0
0,0,0,0,0,0,0,0,0,0,0,0,0,0,0,0,0,0,0,0,0,0,0,0,0,0,0,0,0,0,0,0,0,0,0,0,0,0,1,1,0,0,0,0,1,0,0,0,4,10,14,20,21,23,24,24,25,25,25,25,26,26,26,26,26,26,26,26,26,26,26,26,26,26,26,26,26,25,25,25,24,24,23,23,24,23,24,23,22,22,22,22,22,20,19,19,17,16,15,15,14,13,13,14,13,13,13,13,13,13,13,14,14,14,15,15,15,16,17,16,16,16,16,16,17,18,18,17,17,17,17,17,17,17,16,17,17,17,17,17,18,19,19,20,20,20,21,22,22,23,22,22,23,23,23,22,23,24,24,25,25,25,25,25,25,25,25,25,26,26,26,26,26,25,25,25,25,25,24,24,24,24,23,22,20,19,16,14,7,0,0,2,0,0,0,0,0,0,0,0,0,0,0,0,0,0,0,0,0,0,0,0,0,0,0,0,0,0,0,0,0,0,0,0,0,0,0,0,0,0,0,0,0,0,0,0,0,0,0,0
0,0,0,0,0,0,0,0,0,0,0,0,0,0,0,0,0,0,0,0,0,0,0,0,0,0,0,0,0,0,0,0,0,0,0,0,0,0,1,0,0,0,1,0,0,2,2,3,1,1,6,14,17,20,22,23,24,24,24,25,25,25,25,25,26,26,26,26,26,26,26,26,26,26,26,26,26,26,25,25,25,25,25,25,25,24,25,24,24,24,24,23,23,22,22,21,20,19,19,19,18,17,18,18,19,19,19,19,19,20,20,20,20,21,20,20,19,20,20,20,21,21,21,21,21,22,22,21,21,21,21,20,20,19,19,19,19,19,19,19,20,21,21,22,22,22,22,23,23,23,24,23,24,24,24,24,24,24,24,24,25,25,25,25,25,25,25,25,25,26,25,25,26,25,25,25,25,24,24,23,23,22,21,19,16,14,11,6,1,0,1,1,1,1,0,0,0,0,0,0,0,0,0,0,0,0,0,0,0,0,0,0,0,0,0,0,0,0,0,0,0,0,0,0,0,0,0,0,0,0,0,0,0,0,0,0,0,0,0,0
0,0,0,0,0,0,0,0,0,0,0,0,0,0,0,0,0,0,0,0,0,0,0,0,0,0,0,0,0,0,0,0,0,0,0,0,0,0,0,0,0,0,0,0,0,1,0,3,3,0,0,4,8,13,17,20,22,23,23,24,24,25,25,25,26,26,26,26,26,26,26,26,26,26,26,26,26,26,26,26,26,26,26,27,26,26,26,26,26,25,25,25,25,25,24,24,24,23,24,24,23,22,22,22,22,22,22,23,23,23,23,23,23,23,23,22,22,23,23,23,23,24,24,24,24,24,24,24,24,24,23,23,22,22,22,22,22,22,22,23,23,24,24,24,24,24,24,25,24,24,25,25,25,26,25,25,26,25,25,26,26,26,26,26,26,26,26,26,26,26,26,26,26,25,25,25,24,24,23,22,21,19,18,15,12,8,2,-1,0,0,1,1,0,0,0,0,0,0,0,0,0,0,0,0,0,0,0,0,0,0,0,0,0,0,0,0,0,0,0,0,0,0,0,0,0,0,0,0,0,0,0,0,0,0,0,0,0,0,0,0
0,0,0,0,0,0,0,0,0,0,0,0,0,0,0,0,0,0,0,0,0,0,0,0,0,0,0,0,0,0,0,0,0,0,0,0,0,0,0,0,0,0,0,0,0,0,0,1,0,0,0,0,1,4,8,13,18,21,21,22,23,23,24,24,25,25,25,25,25,25,26,26,26,26,26,26,26,26,26,26,26,25,26,26,26,26,26,26,26,26,26,26,26,25,25,25,25,25,25,26,25,25,24,24,24,24,25,25,25,25,25,25,25,25,25,24,24,25,25,25,25,26,26,25,25,25,25,25,25,25,25,25,25,25,25,25,24,25,25,25,25,25,25,25,25,25,25,25,25,25,25,25,25,26,26,25,25,26,26,26,26,26,26,26,26,26,25,25,26,26,25,25,25,24,24,23,23,22,21,19,18,16,13,9,4,1,0,2,2,0,0,2,2,1,0,0,0,0,0,0,0,0,0,0,0,0,0,0,0,0,0,0,0,0,0,0,0,0,0,0,0,0,0,0,0,0,0,0,0,0,0,0,0,0,0,0,0,0,0,0
0,0,0,0,0,0,0,0,0,0,0,0,0,0,0,0,0,0,0,0,0,0,0,0,0,0,0,0,0,0,0,0,0,0,0,0,0,0,0,0,0,0,0,0,0,0,1,0,0,0,1,2,3,1,0,3,10,14,18,20,20,21,22,23,23,23,24,24,25,25,25,25,25,25,25,25,25,25,25,25,25,25,25,26,26,26,26,26,26,26,26,26,26,25,25,25,25,25,26,26,26,26,25,25,25,25,25,26,26,26,25,25,25,25,25,25,25,26,26,25,25,26,26,26,25,26,26,26,26,26,26,25,25,25,26,25,25,25,25,25,25,25,25,25,25,25,25,25,25,25,25,25,25,26,26,25,25,25,26,25,25,25,25,25,25,25,25,25,25,25,24,24,24,23,23,22,21,20,19,17,12,7,4,2,1,0,0,2,1,0,0,1,1,0,0,0,0,0,0,0,0,0,0,0,0,0,0,0,0,0,0,0,0,0,0,0,0,0,0,0,0,0,0,0,0,0,0,0,0,0,0,0,0,0,0,0,0,0,0,0
0,0,0,0,0,0,0,0,0,0,0,0,0,0,0,0,0,0,0,0,0,0,0,0,0,0,0,0,0,0,0,0,0,0,0,0,0,0,0,0,0,0,0,0,0,0,0,0,0,0,1,2,3,3,3,0,0,4,9,13,17,18,18,21,22,23,23,24,24,24,24,24,25,25,25,25,25,25,25,25,25,25,25,25,25,25,26,26,26,26,26,25,26,26,26,26,26,26,26,26,26,26,26,26,26,26,26,26,26,26,26,26,26,26,26,26,26,26,26,26,26,26,26,26,26,26,26,26,26,26,26,26,26,26,26,26,26,26,26,26,26,26,26,26,26,26,26,26,26,26,26,25,26,26,26,26,26,26,26,26,26,26,26,26,26,25,25,25,25,24,23,23,22,21,20,19,18,16,14,8,4,0,0,2,2,1,0,0,0,0,0,0,0,0,0,0,0,0,0,0,0,0,0,0,0,0,0,0,0,0,0,0,0,0,0,0,0,0,0,0,0,0,0,0,0,0,0,0,0,0,0,0,0,0,0,0,0,0,0,0
0,0,0,0,0,0,0,0,0,0,0,0,0,0,0,0,0,0,0,0,0,0,0,0,0,0,0,0,0,0,0,0,0,0,0,0,0,0,0,0,0,0,0,0,0,0,0,0,0,0,0,0,0,0,0,3,1,1,2,4,8,12,15,18,19,20,21,22,22,22,22,23,24,24,24,24,24,24,24,24,24,25,25,25,25,25,26,26,26,26,26,26,26,26,26,26,26,26,26,26,26,26,26,26,26,26,26,26,26,26,26,26,26,26,26,26,26,26,26,26,26,26,26,26,26,26,26,26,26,26,26,26,26,26,26,26,26,26,26,26,26,26,26,26,26,26,26,26,26,26,25,25,25,25,25,25,25,25,25,25,25,25,25,25,25,25,24,24,24,23,22,21,20,19,17,16,13,8,3,0,0,0,3,2,0,2,0,0,0,0,0,0,0,0,0,0,0,0,0,0,0,0,0,0,0,0,0,0,0,0,0,0,0,0,0,0,0,0,0,0,0,0,0,0,0,0,0,0,0,0,0,0,0,0,0,0,0,0,0,0
0,0,0,0,0,0,0,0,0,0,0,0,0,0,0,0,0,0,0,0,0,0,0,0,0,0,0,0,0,0,0,0,0,0,0,0,0,0,0,0,0,0,0,0,0,0,0,1,1,1,0,1,1,2,0,1,2,2,1,1,0,3,8,12,15,17,19,19,19,19,19,20,21,21,21,21,21,21,21,22,22,22,23,23,24,24,25,25,25,25,25,26,26,25,25,26,26,26,26,26,26,25,26,26,26,26,26,25,25,25,25,25,25,25,25,25,25,25,25,25,25,25,26,26,26,26,26,25,25,26,26,25,25,25,26,25,25,25,25,25,25,25,25,25,25,25,25,25,25,25,25,25,25,25,25,25,25,25,25,24,24,24,24,24,24,23,23,22,21,20,19,18,17,15,11,6,1,0,0,2,2,1,2,2,0,1,0,0,0,0,0,0,0,0,0,0,0,0,0,0,0,0,0,0,0,0,0,0,0,0,0,0,0,0,0,0,0,0,0,0,0,0,0,0,0,0,0,0,0,0,0,0,0,0,0,0,0,0,0,0
0,0,0,0,0,0,0,0,0,0,0,0,0,0,0,0,0,0,0,0,0,0,0,0,0,0,0,0,0,0,0,0,0,0,0,0,0,0,0,0,0,0,0,0,0,0,0,0,0,0,0,1,1,0,2,0,2,0,1,0,0,0,1,3,5,8,11,15,16,17,17,17,18,18,18,18,18,18,18,19,20,20,20,21,22,23,24,24,24,25,25,25,26,26,26,26,26,26,26,26,26,26,26,26,26,26,26,26,26,26,26,26,26,26,25,25,25,25,25,25,25,25,26,26,25,26,26,25,25,26,26,26,26,26,25,25,25,25,25,25,25,25,25,25,25,25,25,25,25,25,24,24,24,24,24,24,24,24,24,23,23,23,22,22,22,21,20,20,18,17,16,14,12,6,2,0,1,3,2,1,1,0,0,0,0,0,0,0,0,0,0,0,0,0,0,0,0,0,0,0,0,0,0,0,0,0,0,0,0,0,0,0,0,0,0,0,0,0,0,0,0,0,0,0,0,0,0,0,0,0,0,0,0,0,0,0,0,0,0,0
0,0,0,0,0,0,0,0,0,0,0,0,0,0,0,0,0,0,0,0,0,0,0,0,0,0,0,0,0,0,0,0,0,0,0,0,0,0,0,0,0,0,0,0,0,0,0,0,0,0,0,0,0,1,0,1,1,1,1,0,0,1,2,1,0,1,2,4,8,12,14,14,14,15,14,14,14,14,14,15,15,16,17,17,19,20,22,22,22,23,24,24,25,25,25,25,25,25,25,25,25,25,25,25,25,25,25,25,25,25,25,25,25,25,25,25,25,25,25,25,25,25,25,25,25,25,25,25,25,25,25,25,25,25,25,25,25,25,25,25,25,25,25,24,24,24,24,24,24,24,23,22,22,22,22,22,23,23,22,22,21,20,20,19,19,18,17,16,15,13,10,7,3,1,1,2,2,1,1,0,0,0,0,0,1,1,0,0,0,0,0,0,0,0,0,0,0,0,0,0,0,0,0,0,0,0,0,0,0,0,0,0,0,0,0,0,0,0,0,0,0,0,0,0,0,0,0,0,0,0,0,0,0,0,0,0,0,0,0,0
0,0,0,0,0,0,0,0,0,0,0,0,0,0,0,0,0,0,0,0,0,0,0,0,0,0,0,0,0,0,0,0,0,0,0,0,0,0,0,0,0,0,0,0,0,0,0,0,0,0,0,0,0,0,0,1,1,0,0,0,1,1,1,1,0,0,0,0,0,1,3,3,2,0,1,2,1,2,2,4,5,6,9,12,14,15,17,17,19,20,22,23,23,23,23,24,24,25,25,25,25,25,25,25,24,24,24,24,24,23,23,24,24,23,23,24,24,23,23,24,24,24,24,24,24,24,24,24,24,24,24,24,24,24,24,24,24,24,24,24,24,23,23,23,23,24,23,22,22,22,21,21,20,19,19,20,20,20,19,18,18,17,17,16,15,15,11,8,4,1,3,2,0,1,1,0,0,0,0,1,1,0,0,0,0,1,0,0,0,0,0,0,0,0,0,0,0,0,0,0,0,0,0,0,0,0,0,0,0,0,0,0,0,0,0,0,0,0,0,0,0,0,0,0,0,0,0,0,0,0,0,0,0,0,0,0,0,0,0,0
0,0,0,0,0,0,0,0,0,0,0,0,0,0,0,0,0,0,0,0,0,0,0,0,0,0,0,0,0,0,0,0,0,0,0,0,0,0,0,0,0,0,0,0,0,0,0,0,0,0,0,0,0,0,0,0,0,0,0,0,0,0,0,0,0,0,0,1,2,0,0,0,1,2,0,1,0,0,0,1,1,0,2,1,3,5,10,13,16,17,19,19,20,21,22,22,23,23,23,23,23,22,23,23,22,22,22,21,21,20,21,21,21,21,21,21,21,22,22,22,22,22,22,22,22,22,22,22,22,22,22,22,22,22,22,22,21,22,22,22,22,22,22,21,21,20,20,19,18,18,16,16,15,14,14,14,15,15,13,11,10,9,7,5,4,3,2,0,0,0,0,0,0,0,0,0,0,0,0,0,0,0,0,0,0,0,0,0,0,0,0,0,0,0,0,0,0,0,0,0,0,0,0,0,0,0,0,0,0,0,0,0,0,0,0,0,0,0,0,0,0,0,0,0,0,0,0,0,0,0,0,0,0,0,0,0,0,0,0,0
0,0,0,0,0,0,0,0,0,0,0,0,0,0,0,0,0,0,0,0,0,0,0,0,0,0,0,0,0,0,0,0,0,0,0,0,0,0,0,0,0,0,0,0,0,0,0,0,0,0,0,0,0,0,0,0,0,0,0,0,0,0,0,0,1,0,0,0,0,0,1,1,0,0,1,1,0,1,0,2,2,0,0,0,0,0,3,4,6,10,13,16,17,17,18,19,19,20,20,21,21,20,20,20,19,18,18,18,17,16,16,16,17,18,17,17,16,17,18,18,19,19,19,19,20,20,20,20,20,21,20,20,20,19,19,20,19,19,20,19,19,19,18,17,16,16,16,16,15,14,11,9,7,6,5,5,5,6,5,2,0,0,1,0,0,0,2,2,2,0,1,2,0,0,0,0,0,0,0,0,0,0,0,0,0,0,0,0,0,0,0,0,0,0,0,0,0,0,0,0,0,0,0,0,0,0,0,0,0,0,0,0,0,0,0,0,0,0,0,0,0,0,0,0,0,0,0,0,0,0,0,0,0,0,0,0,0,0,0,0
0,0,0,0,0,0,0,0,0,0,0,0,0,0,0,0,0,0,0,0,0,0,0,0,0,0,0,0,0,0,0,0,0,0,0,0,0,0,0,0,0,0,0,0,0,0,0,0,0,0,0,0,0,0,0,0,0,0,0,0,0,1,0,0,0,0,0,1,0,0,0,0,1,1,1,1,0,0,0,1,1,0,0,1,3,3,1,0,0,2,5,8,10,12,13,14,15,16,16,17,17,16,16,15,14,14,13,11,10,7,6,7,9,11,11,10,10,10,11,11,11,12,13,13,14,14,14,14,15,16,15,14,13,14,14,14,15,15,15,14,14,13,12,11,10,9,9,8,7,6,1,0,0,0,0,0,0,2,1,0,1,3,2,0,0,1,0,1,3,1,0,0,0,0,0,0,0,0,0,1,0,0,0,0,0,0,0,0,0,0,0,0,0,0,0,0,0,0,0,0,0,0,0,0,0,0,0,0,0,0,0,0,0,0,0,0,0,0,0,0,0,0,0,0,0,0,0,0,0,0,0,0,0,0,0,0,0,0,0,0
