0,0,0,0,0,0,0,0,0,0,0,0,0,0,0,0,0,0,0,0,0,3,3,3,3,3,3,4,3,3,4,8,12,15,17,17,17,17,17,16,16,16,16,15,15,15,15,14,14,14,15,14,13,13,13,12,10,8,8,9,11,12,13,13,12,10,9,10,10,10,11,13,14,13,13,14,15,14,15,14,14,15,15,14,12,10,11,13,13,13,12,10,9,8,7,7,7,7,8,8,7,7,7,7,7,7,7,7,7,7,7,8,8,8,7,7,7,7,8,8,8,8,7,7,6,5,6,5,5,5,5,5,5,5,5,5,4,5,6,7,8,8,8,8,8,9,9,9,9,7,5,3,1,0,0,0,0,0,0,0,0,0,0,0,0,0,0,0,0,0,0,0,0,0,0,0,0,0,0,0,0,0,0,0,0,0,0,0,0,0,0,0,0,0,0,0,0,0,0,0,0,0,0,0,0,0,0,0,0,0,0,0,0,0,0,0,0,0,0,0,0,0,0,0,0,0,0,0,0,0,0,0,0,0,0,0,0,0,0,0
0,0,0,0,0,0,0,0,0,0,0,0,0,0,0,0,0,0,0,0,0,3,2,3,3,3,3,4,3,4,7,11,14,17,17,17,17,17,17,16,16,15,15,15,16,16,16,15,14,14,14,13,13,13,12,10,8,4,4,6,10,14,16,16,16,15,14,13,12,10,10,12,14,14,14,15,16,16,16,16,16,16,13,11,10,11,12,13,13,12,11,9,8,8,8,8,8,8,8,8,8,8,8,7,7,7,7,7,7,7,7,8,8,7,8,8,8,8,8,8,8,8,8,8,8,7,7,7,6,6,6,6,5,5,5,5,4,4,4,5,5,6,6,7,9,10,10,9,9,9,9,9,9,7,5,2,0,0,0,0,0,0,0,0,0,0,0,0,0,0,0,0,0,0,0,0,0,0,0,0,0,0,0,0,0,0,0,0,0,0,0,0,0,0,0,0,0,0,0,0,0,0,0,0,0,0,0,0,0,0,0,0,0,0,0,0,0,0,0,0,0,0,0,0,0,0,0,0,0,0,0,0,0,0,0,0,0,0,0,0
0,0,0,0,0,0,0,0,0,0,0,0,0,0,0,0,0,0,0,0,0,3,2,3,3,3,3,4,3,4,8,12,15,17,18,17,17,16,16,16,15,15,15,16,16,15,13,12,11,10,9,8,9,9,10,10,7,4,5,7,9,13,14,15,15,15,15,15,15,13,10,11,13,15,15,15,15,15,15,16,16,15,13,10,9,10,11,12,11,10,8,8,8,8,8,8,8,8,8,8,7,7,7,8,7,7,7,7,7,7,8,8,8,9,9,9,8,9,9,9,9,9,8,8,8,8,8,8,8,7,6,6,6,6,6,5,5,5,5,5,6,5,5,5,7,9,10,10,9,9,9,9,10,9,9,9,9,7,4,1,0,0,0,0,0,0,0,0,0,0,0,0,0,0,0,0,0,0,0,0,0,0,0,0,0,0,0,0,0,0,0,0,0,0,0,0,0,0,0,0,0,0,0,0,0,0,0,0,0,0,0,0,0,0,0,0,0,0,0,0,0,0,0,0,0,0,0,0,0,0,0,0,0,0,0,0,0,0,0,0
0,0,0,0,0,0,0,0,0,0,0,0,0,0,0,0,0,0,0,0,0,3,3,3,3,3,3,3,3,5,9,13,16,17,17,17,17,16,15,16,16,17,17,16,14,12,9,8,7,7,8,7,7,8,9,10,9,9,8,8,10,12,12,12,10,9,11,14,15,14,13,11,13,15,15,15,15,15,15,15,14,13,12,11,11,12,12,11,10,8,7,7,8,8,8,8,8,8,8,8,7,7,7,8,7,7,7,7,7,7,7,8,8,8,8,8,8,8,8,9,9,9,8,8,9,9,8,8,8,7,7,7,6,7,6,6,6,6,6,6,6,6,5,5,5,7,8,9,10,10,9,9,9,9,9,9,9,9,9,9,7,4,3,1,0,0,0,0,0,0,0,0,0,0,0,0,0,0,0,0,0,0,0,0,0,0,0,0,0,0,0,0,0,0,0,0,0,0,0,0,0,0,0,0,0,0,0,0,0,0,0,0,0,0,0,0,0,0,0,0,0,0,0,0,0,0,0,0,0,0,0,0,0,0,0,0,0,0,0,0
0,0,0,0,0,0,0,0,0,0,0,0,0,0,0,0,0,0,0,0,0,3,3,4,4,4,4,3,4,7,11,15,16,17,17,17,17,17,17,16,17,18,16,13,10,7,7,8,9,10,10,9,8,8,8,8,9,10,10,9,10,11,11,9,8,8,9,11,13,15,14,13,13,15,15,15,14,14,14,15,15,15,14,12,12,12,11,10,8,8,7,7,8,9,9,8,8,8,8,8,8,8,8,8,8,8,8,8,8,8,8,8,7,7,8,8,8,8,8,9,9,9,8,8,8,8,8,8,8,8,8,8,8,8,7,6,6,6,6,6,6,6,6,6,6,6,6,6,8,9,10,10,10,9,9,9,9,9,9,9,8,7,7,9,7,4,2,0,0,0,0,0,0,0,0,0,0,0,0,0,0,0,0,0,0,0,0,0,0,0,0,0,0,0,0,0,0,0,0,0,0,0,0,0,0,0,0,0,0,0,0,0,0,0,0,0,0,0,0,0,0,0,0,0,0,0,0,0,0,0,0,0,0,0,0,0,0,0,0,0
0,0,0,0,0,0,0,0,0,0,0,0,0,0,0,0,0,0,0,0,1,3,3,4,4,4,3,3,4,7,11,15,17,18,18,17,17,17,17,17,17,16,13,10,8,7,9,9,10,10,10,9,8,8,8,8,8,8,9,9,8,7,7,7,6,6,8,10,11,11,13,13,13,14,14,15,15,15,15,15,15,15,15,13,11,10,10,9,8,7,8,7,7,8,9,9,8,8,8,8,8,8,8,9,9,9,9,9,9,9,9,8,9,8,8,7,8,8,8,8,8,8,7,7,8,8,8,8,8,8,8,8,8,8,8,7,7,6,6,6,6,6,6,6,6,6,6,5,6,8,10,11,10,9,9,9,9,9,9,9,9,8,8,8,9,9,8,8,6,4,2,0,0,0,0,0,0,0,0,0,0,0,0,0,0,0,0,0,0,0,0,0,0,0,0,0,0,0,0,0,0,0,0,0,0,0,0,0,0,0,0,0,0,0,0,0,0,0,0,0,0,0,0,0,0,0,0,0,0,0,0,0,0,0,0,0,0,0,0,0
0,0,0,0,0,0,0,0,0,0,0,0,0,0,0,0,0,0,0,0,1,3,3,4,4,4,3,3,4,7,12,15,17,17,18,17,17,16,17,17,17,15,12,9,8,8,9,10,10,9,9,9,8,8,9,9,9,9,8,7,6,5,6,6,6,5,6,8,10,11,12,14,15,16,15,15,16,15,15,15,15,15,14,13,12,10,10,9,10,10,9,9,9,9,9,10,9,8,8,8,8,8,8,9,9,10,10,9,9,9,9,9,9,9,9,8,7,7,7,8,8,8,7,6,7,8,8,8,7,8,8,7,8,8,8,8,7,6,6,6,6,7,6,6,6,6,7,7,7,7,8,10,11,10,9,9,9,9,9,10,10,10,9,8,9,9,9,9,9,9,9,8,6,3,1,0,0,0,0,0,0,0,0,0,0,0,0,0,0,0,0,0,0,0,0,0,0,0,0,0,0,0,0,0,0,0,0,0,0,0,0,0,0,0,0,0,0,0,0,0,0,0,0,0,0,0,0,0,0,0,0,0,0,0,0,0,0,0,0,0
0,0,0,0,0,0,0,0,0,0,0,0,0,0,0,0,0,0,0,0,1,3,3,3,3,3,3,3,4,7,12,16,18,18,18,18,17,17,17,18,17,14,11,9,8,9,9,9,9,9,9,9,9,8,9,9,8,7,6,5,4,4,6,8,8,7,6,6,7,10,13,15,16,16,16,16,15,15,15,15,15,14,12,10,10,10,10,10,11,11,11,10,10,10,10,10,10,9,8,8,8,9,9,10,11,11,11,10,9,9,9,9,9,9,10,10,9,8,8,8,8,8,7,7,7,7,7,7,6,6,7,8,8,8,8,7,7,7,6,6,6,7,7,6,6,6,6,7,7,6,7,8,9,10,10,10,9,9,9,10,10,10,10,8,7,8,9,9,9,9,8,8,8,8,6,4,2,1,0,0,0,0,0,0,0,0,0,0,0,0,0,0,0,0,0,0,0,0,0,0,0,0,0,0,0,0,0,0,0,0,0,0,0,0,0,0,0,0,0,0,0,0,0,0,0,0,0,0,0,0,0,0,0,0,0,0,0,0,0,0
0,0,0,0,0,0,0,0,0,0,0,0,0,0,0,0,0,0,0,0,2,4,3,3,3,3,4,4,6,9,13,16,18,18,18,17,17,17,18,18,16,12,9,9,9,9,10,9,9,9,9,9,9,9,9,9,8,5,4,5,6,7,8,9,9,8,7,6,6,8,11,14,15,15,16,16,15,15,15,15,15,13,11,9,8,9,9,10,10,10,11,10,9,9,9,9,9,9,9,9,9,9,10,11,11,11,11,11,10,10,10,10,10,10,10,10,10,10,9,9,8,8,7,6,6,6,6,5,6,6,7,7,8,8,8,8,8,8,7,7,6,7,7,7,6,5,5,6,6,6,5,6,7,9,9,9,9,9,9,9,9,10,10,9,8,7,8,9,9,9,9,9,9,9,8,7,5,4,4,3,2,0,0,0,0,0,0,0,0,0,0,0,0,0,0,0,0,0,0,0,0,0,0,0,0,0,0,0,0,0,0,0,0,0,0,0,0,0,0,0,0,0,0,0,0,0,0,0,0,0,0,0,0,0,0,0,0,0,0,0
0,0,0,0,0,0,0,0,0,0,0,0,0,0,0,0,0,0,0,0,2,3,3,4,4,4,4,4,6,9,14,16,18,18,18,17,17,16,16,16,15,12,9,9,10,10,10,10,9,9,8,8,9,9,10,9,7,5,4,6,8,10,10,9,8,9,8,8,8,9,10,11,13,14,15,15,16,16,16,15,15,13,10,9,9,9,9,9,9,9,10,11,10,9,8,8,9,9,9,8,8,9,10,10,10,10,10,10,10,10,10,10,10,11,11,11,11,11,11,11,10,9,8,6,6,6,7,6,6,7,7,7,7,7,8,8,8,8,8,7,6,6,6,7,6,6,6,6,7,6,5,5,6,8,9,9,9,10,10,9,9,9,10,10,9,8,8,9,9,9,8,9,9,9,9,8,6,5,4,4,3,3,3,2,1,0,0,0,0,0,0,0,0,0,0,0,0,0,0,0,0,0,0,0,0,0,0,0,0,0,0,0,0,0,0,0,0,0,0,0,0,0,0,0,0,0,0,0,0,0,0,0,0,0,0,0,0,0,0,0
0,0,0,0,0,0,0,0,0,0,0,0,0,0,0,0,0,0,0,0,1,2,3,3,4,4,4,4,5,9,14,17,18,18,18,18,18,15,13,12,12,12,10,9,9,9,10,10,9,9,8,9,9,10,10,8,5,4,5,7,9,10,10,10,9,9,10,9,8,8,9,11,13,15,16,16,16,15,15,15,14,11,10,10,11,10,10,10,9,8,8,9,10,9,8,8,9,10,10,10,10,9,10,10,11,11,10,10,10,10,10,10,10,11,11,11,11,11,11,11,11,10,10,9,8,8,8,8,7,7,6,7,7,7,7,7,7,7,8,8,7,6,6,6,7,6,6,6,7,6,6,6,6,8,9,9,9,9,10,10,9,9,9,9,9,9,7,7,8,9,9,9,9,9,9,9,8,6,5,4,4,3,3,3,3,3,3,2,1,0,0,0,0,0,0,0,0,0,0,0,0,0,0,0,0,0,0,0,0,0,0,0,0,0,0,0,0,0,0,0,0,0,0,0,0,0,0,0,0,0,0,0,0,0,0,0,0,0,0,0
0,0,0,0,0,0,0,0,0,0,0,0,0,0,0,0,0,0,0,0,2,2,3,3,4,4,4,5,7,11,15,17,18,18,18,17,17,14,11,7,7,9,10,9,9,9,9,9,9,9,9,9,10,10,9,7,4,4,6,8,9,10,10,10,10,10,11,11,10,9,9,10,13,16,16,16,16,15,15,15,13,11,10,11,12,12,12,11,10,10,9,8,8,8,8,9,9,11,12,12,11,11,11,11,11,11,11,10,10,10,11,11,11,11,11,11,11,11,11,12,11,11,10,10,9,9,9,9,9,8,7,6,6,7,7,7,6,6,6,8,8,8,7,7,7,7,6,6,6,6,6,7,7,7,8,8,9,9,9,9,9,9,9,9,9,10,9,8,8,8,9,9,9,9,9,9,9,8,7,6,5,4,3,3,3,3,3,4,4,3,2,1,1,0,0,0,0,0,0,0,0,0,0,0,0,0,0,0,0,0,0,0,0,0,0,0,0,0,0,0,0,0,0,0,0,0,0,0,0,0,0,0,0,0,0,0,0,0,0,0
0,0,0,0,0,0,0,0,0,0,0,0,0,0,0,0,0,0,0,0,3,3,3,3,4,4,4,5,8,12,16,18,18,18,18,17,15,13,11,9,9,9,9,8,9,9,9,9,9,9,9,9,9,10,8,6,4,5,7,8,9,10,10,10,10,11,11,11,11,10,11,12,14,16,17,17,16,16,15,15,13,11,10,11,12,12,13,13,12,11,11,10,9,9,8,8,9,11,12,12,11,11,11,11,11,11,11,11,10,10,9,10,11,11,11,11,11,11,11,12,12,12,11,11,10,10,10,10,10,9,9,8,8,8,7,8,7,7,6,7,8,8,8,7,7,6,6,6,6,6,6,7,7,7,7,8,8,9,9,9,9,9,9,9,9,10,10,10,9,8,8,9,10,10,9,10,10,10,9,8,6,4,3,3,4,4,4,4,4,3,3,4,4,3,2,1,0,0,0,0,0,0,0,0,0,0,0,0,0,0,0,0,0,0,0,0,0,0,0,0,0,0,0,0,0,0,0,0,0,0,0,0,0,0,0,0,0,0,0,0
0,0,0,0,0,0,0,0,0,0,0,0,0,0,0,0,0,0,0,0,3,2,3,3,3,4,4,6,9,13,16,18,18,18,18,18,16,12,11,11,11,11,10,9,9,9,9,8,9,10,11,11,10,10,8,5,5,6,8,9,9,10,10,10,10,11,12,12,12,10,10,11,14,15,16,17,17,17,16,14,12,11,10,10,10,11,11,11,11,11,11,10,10,10,9,9,10,11,12,12,11,10,10,10,11,11,10,10,10,10,9,10,11,11,11,11,11,11,11,12,12,12,12,12,12,11,11,10,10,10,10,9,10,10,10,9,8,7,7,7,7,8,8,8,7,6,6,7,7,7,7,7,7,7,7,7,7,8,8,9,9,10,10,10,10,10,10,10,10,9,8,9,10,10,10,10,10,10,10,9,8,6,5,4,4,4,4,4,4,4,4,4,4,4,4,3,3,2,2,1,0,0,0,0,0,0,0,0,0,0,0,0,0,0,0,0,0,0,0,0,0,0,0,0,0,0,0,0,0,0,0,0,0,0,0,0,0,0,0,0
0,0,0,0,0,0,0,0,0,0,0,0,0,0,0,0,0,0,0,0,3,3,3,3,3,4,5,6,10,14,17,19,19,18,16,16,16,13,11,11,11,11,10,10,10,10,9,8,9,10,11,11,10,10,8,5,4,6,7,9,9,9,10,10,11,12,13,14,13,12,10,10,13,15,15,16,17,17,17,14,11,10,10,10,10,10,10,10,10,10,10,9,9,9,9,10,11,11,12,12,11,10,10,10,10,11,11,10,10,10,10,11,11,11,10,10,10,10,11,11,11,11,11,11,12,12,12,11,10,9,9,10,10,11,11,10,9,9,9,8,7,7,8,8,7,7,6,6,6,6,5,6,7,7,7,7,7,8,8,8,9,10,10,10,10,10,11,11,11,10,8,8,9,10,10,10,9,9,10,10,10,8,7,6,4,4,4,4,3,4,4,4,4,4,4,4,4,4,3,3,3,2,2,1,0,0,0,0,0,0,0,0,0,0,0,0,0,0,0,0,0,0,0,0,0,0,0,0,0,0,0,0,0,0,0,0,0,0,0,0
0,0,0,0,0,0,0,0,0,0,0,0,0,0,0,0,0,0,0,0,3,3,3,3,2,3,5,7,11,15,17,18,19,18,16,14,13,12,11,11,10,10,10,10,10,10,10,10,10,10,11,11,10,9,7,5,5,6,7,8,9,10,10,11,12,13,15,16,14,12,11,11,13,15,15,16,17,17,16,14,12,11,11,11,11,11,12,11,10,10,10,10,9,9,9,11,12,13,13,13,12,11,11,10,10,11,11,11,10,10,10,10,11,11,11,11,11,10,10,11,11,11,11,11,12,12,12,12,11,11,10,10,10,10,10,10,9,9,9,9,9,8,8,7,7,7,7,6,6,6,6,6,7,7,7,7,7,7,8,8,9,10,10,10,10,10,11,11,11,11,10,8,7,8,9,10,10,10,10,10,10,10,8,7,6,5,4,4,4,4,4,4,4,4,4,4,4,4,4,4,3,3,3,3,3,2,1,0,0,0,0,0,0,0,0,0,0,0,0,0,0,0,0,0,0,0,0,0,0,0,0,0,0,0,0,0,0,0,0,0
0,0,0,0,0,0,0,0,0,0,0,0,0,0,0,0,0,0,0,0,3,3,3,3,3,3,5,8,12,16,18,19,18,17,14,12,10,10,10,10,10,10,10,10,10,10,10,10,10,10,11,11,11,10,7,6,6,7,8,8,9,11,12,13,14,15,15,15,14,12,11,12,13,15,15,16,16,16,15,13,12,12,12,12,12,12,12,11,11,10,9,9,9,9,10,11,13,14,14,13,12,12,12,11,10,10,11,11,11,10,10,10,10,11,11,11,12,11,11,11,11,12,12,12,12,12,12,12,12,12,12,11,11,10,10,10,10,10,10,10,10,9,9,8,8,8,7,7,7,7,6,7,8,8,7,7,7,7,8,8,9,9,10,9,9,9,10,11,11,11,11,10,9,9,9,10,10,9,9,10,10,10,10,9,8,6,5,4,3,4,4,4,3,4,4,4,4,4,3,3,3,3,3,3,3,3,3,3,2,1,1,0,0,0,0,0,0,0,0,0,0,0,0,0,0,0,0,0,0,0,0,0,0,0,0,0,0,0,0,0
0,0,0,0,0,0,0,0,0,0,0,0,0,0,0,0,0,0,0,0,3,2,3,3,3,4,7,10,13,15,18,19,19,17,15,13,11,11,11,11,10,10,10,10,10,10,10,11,12,12,11,11,11,11,9,7,6,7,8,8,9,10,12,13,14,15,17,17,14,11,10,11,12,14,15,15,16,16,14,12,11,12,12,13,13,13,12,12,11,10,10,9,10,10,10,12,13,13,14,14,13,12,12,11,11,11,11,12,11,11,11,11,11,10,10,11,11,11,11,11,11,12,12,12,12,12,12,12,12,12,12,12,12,11,10,10,10,10,10,10,9,10,10,9,9,9,8,7,6,6,6,6,7,8,8,7,7,7,8,9,9,10,10,9,8,8,9,10,10,11,11,11,11,10,9,9,10,10,9,9,9,10,10,10,8,7,6,5,4,4,4,4,4,4,4,4,4,4,3,4,3,3,3,3,3,3,3,3,3,3,2,2,2,1,0,0,0,0,0,0,0,0,0,0,0,0,0,0,0,0,0,0,0,0,0,0,0,0,0,0
0,0,0,0,0,0,0,0,0,0,0,0,0,0,0,0,0,0,0,0,3,2,2,3,4,4,8,11,15,16,18,19,19,18,16,13,11,11,11,11,10,10,10,11,11,10,10,11,12,13,12,10,10,11,9,7,7,8,8,9,10,11,11,12,13,14,16,17,15,13,11,11,12,12,13,15,16,15,13,11,10,11,11,12,13,13,13,12,11,10,10,10,10,10,11,12,13,14,14,14,14,14,12,12,12,12,12,12,11,11,10,10,11,11,10,11,11,10,10,10,11,12,12,12,12,12,12,12,12,12,12,12,12,11,10,10,9,9,9,9,9,9,10,10,10,10,9,8,8,7,7,7,7,8,8,8,7,7,7,8,9,10,10,9,8,8,8,9,10,10,10,11,11,11,10,8,9,10,10,10,10,10,10,10,10,8,7,6,5,4,3,3,4,4,4,3,3,3,4,4,4,4,4,4,3,3,3,3,3,3,3,3,3,3,2,2,2,1,0,0,0,0,0,0,0,0,0,0,0,0,0,0,0,0,0,0,0,0,0,0
0,0,0,0,0,0,0,0,0,0,0,0,0,0,0,0,0,0,0,0,3,3,3,3,4,6,8,12,16,18,19,19,19,18,16,13,11,11,11,10,10,11,11,12,12,11,11,11,11,11,10,9,9,10,9,7,6,7,8,9,10,12,13,13,13,14,16,16,14,12,11,11,12,13,13,15,15,15,13,11,11,11,12,12,12,12,12,12,11,10,10,10,10,11,11,12,13,14,14,14,15,14,13,13,12,12,12,12,11,11,10,10,10,10,10,11,11,11,11,10,10,11,12,12,12,12,11,11,11,11,12,12,11,10,10,10,11,11,11,10,10,9,9,9,10,10,9,9,8,7,7,7,6,7,8,8,8,7,7,7,9,9,10,10,9,8,8,9,10,10,10,10,10,11,11,10,9,9,10,11,10,10,10,11,10,9,9,7,6,5,4,4,4,4,3,3,3,3,3,4,3,3,4,4,4,4,3,3,3,3,3,3,2,3,3,3,3,3,3,2,2,1,0,0,0,0,0,0,0,0,0,0,0,0,0,0,0,0,0,0
0,0,0,0,0,0,0,0,0,0,0,0,0,0,0,0,0,0,0,1,3,3,3,3,4,6,9,13,16,19,19,19,18,18,16,13,11,11,10,10,10,11,11,12,12,12,11,11,10,10,10,9,9,10,9,7,6,6,8,8,8,10,13,15,16,17,17,16,13,10,10,11,12,13,13,14,16,15,13,12,12,13,13,12,12,12,12,12,11,11,10,10,9,10,11,12,13,13,13,14,15,15,14,13,13,12,12,12,12,12,12,11,11,11,10,11,11,11,11,10,10,11,11,11,11,12,12,11,10,11,11,11,11,11,10,11,11,12,12,12,12,10,9,9,9,10,9,9,8,7,7,7,7,7,8,8,7,7,7,7,8,9,10,10,10,9,8,8,10,11,11,11,11,10,11,11,11,10,9,9,10,10,10,10,10,10,10,9,8,6,5,3,3,3,3,3,3,3,3,3,3,3,3,3,3,4,4,4,3,3,3,4,3,3,2,3,3,3,3,3,3,2,2,1,1,0,0,0,0,0,0,0,0,0,0,0,0,0,0,0
0,0,0,0,0,0,0,0,0,0,0,0,0,0,0,0,0,0,0,1,3,3,3,3,4,7,11,14,17,19,19,19,18,18,16,13,10,10,10,10,10,11,11,11,11,12,11,11,10,10,9,9,10,10,10,8,6,7,8,9,9,11,13,15,17,17,16,15,13,10,10,11,12,13,13,14,16,15,13,11,13,15,15,13,11,11,11,12,12,11,10,10,10,10,12,13,13,12,13,14,16,15,14,13,12,12,11,11,12,12,12,12,12,12,11,11,12,11,11,11,11,11,12,12,12,12,12,11,11,10,11,11,11,11,11,11,12,11,11,11,12,11,10,9,9,9,9,9,9,9,8,8,8,8,8,8,7,7,7,7,7,8,9,11,11,11,10,10,10,11,11,11,11,11,11,11,12,11,10,9,9,10,10,10,10,10,10,10,9,8,7,5,4,3,3,3,3,3,3,3,3,3,3,3,3,4,4,3,3,3,3,3,3,3,3,4,3,3,3,3,3,3,2,2,2,2,2,1,1,0,0,0,0,0,0,0,0,0,0,0
0,0,0,0,0,0,0,0,0,0,0,0,0,0,0,0,0,0,0,1,3,3,3,3,5,7,11,14,18,19,19,19,18,18,16,12,10,10,10,10,10,10,11,11,11,11,11,10,9,9,9,9,9,10,10,8,5,5,7,8,9,11,13,15,16,16,15,13,12,10,10,11,12,13,13,14,15,14,12,11,11,14,14,14,13,12,11,11,12,11,10,10,11,11,11,13,13,13,13,14,14,15,14,13,12,12,12,11,11,12,12,12,12,12,12,12,11,11,10,10,10,11,12,12,12,12,12,12,12,11,11,11,11,11,12,12,12,12,11,10,11,11,11,10,10,10,9,8,9,9,10,9,7,7,7,6,7,8,7,7,7,7,9,10,11,12,13,12,12,12,11,11,11,11,11,11,11,11,11,11,10,9,10,10,11,11,10,10,10,9,7,6,5,4,4,3,3,3,3,4,4,3,3,3,3,3,3,3,3,3,3,3,3,3,3,3,3,3,3,3,3,3,3,2,2,2,2,2,2,2,2,1,1,0,0,0,0,0,0,0
0,0,0,0,0,0,0,0,0,0,0,0,0,0,0,0,0,0,0,1,2,2,3,3,6,9,12,15,18,19,19,18,18,18,16,12,10,10,11,11,11,11,11,10,10,11,10,10,9,9,9,9,10,10,9,7,4,3,6,8,10,12,14,16,16,16,14,13,11,10,10,11,12,13,14,14,15,14,12,11,13,14,14,13,12,12,12,11,11,11,11,10,10,10,11,12,13,13,14,14,15,14,14,13,13,13,12,12,12,12,12,12,12,12,12,13,12,11,10,11,11,11,11,12,12,12,12,12,12,12,12,11,11,11,12,13,13,13,12,11,11,11,11,10,9,10,10,9,9,9,10,9,7,7,6,6,7,8,8,7,7,7,9,10,10,11,12,12,12,13,12,12,12,12,12,11,11,11,11,11,11,10,9,9,10,11,10,10,10,10,9,7,5,5,4,4,3,3,3,4,4,3,3,3,3,3,4,4,4,4,4,3,3,2,3,3,3,3,3,3,3,4,4,3,2,2,2,3,2,2,2,2,2,0,0,0,0,0,0,0
0,0,0,0,0,0,0,0,0,0,0,0,0,0,0,0,0,0,0,1,2,2,3,4,6,10,13,16,19,20,20,17,17,18,16,13,10,11,11,11,10,11,11,10,10,10,10,10,10,10,9,10,10,11,10,7,6,6,7,9,12,14,15,16,15,14,13,12,10,10,10,10,11,12,13,13,14,13,11,10,12,15,16,14,12,12,12,12,12,12,11,10,10,11,11,12,12,13,14,14,14,14,14,14,14,14,13,13,12,12,12,12,12,12,13,13,13,11,11,11,11,11,11,11,12,12,12,12,11,11,12,12,11,11,11,12,12,13,13,13,12,11,11,10,10,10,10,10,9,10,10,9,8,7,7,7,7,8,9,8,7,7,7,9,10,10,11,11,12,12,12,12,12,12,12,11,10,11,11,11,12,11,10,9,9,11,12,11,10,10,11,10,7,6,5,4,3,3,4,3,3,3,3,3,3,3,3,3,3,3,3,3,3,2,2,3,3,3,3,3,3,3,3,3,3,3,3,3,3,2,2,2,2,0,0,0,0,0,0,0
0,0,0,0,0,0,0,0,0,0,0,0,0,0,0,0,0,0,0,2,3,2,3,4,7,11,14,16,19,20,20,17,16,16,16,14,11,12,12,11,10,11,11,11,11,10,10,10,10,10,9,10,11,11,11,8,6,6,8,9,11,14,16,16,14,12,11,11,10,9,10,10,11,12,12,12,12,13,13,12,14,17,17,15,13,12,12,12,12,12,12,11,11,10,12,13,13,13,13,14,14,14,14,14,14,14,14,13,13,13,12,12,12,13,12,12,12,12,12,12,12,12,12,12,12,13,13,12,11,11,11,11,11,11,11,11,12,13,13,12,12,11,11,10,10,10,10,10,9,10,11,11,9,8,8,8,8,7,8,8,8,7,7,9,10,10,9,10,10,11,12,11,11,11,12,11,10,9,10,11,12,12,12,10,9,9,11,12,11,10,11,11,9,7,6,5,4,3,2,3,3,3,3,3,3,3,3,3,3,3,3,3,3,4,3,3,3,3,3,3,3,3,3,3,3,3,3,3,3,2,2,2,2,0,0,0,0,0,0,0
0,0,0,0,0,0,0,0,0,0,0,0,0,0,0,0,0,0,0,2,3,3,3,4,7,11,14,17,19,20,19,17,17,17,16,14,11,11,11,11,11,11,12,11,10,10,10,10,10,10,9,10,11,11,10,7,4,5,7,10,12,14,15,15,13,11,10,10,10,9,9,10,10,11,11,12,12,12,13,14,15,16,17,16,13,12,12,12,12,12,12,11,11,10,11,12,12,13,13,14,15,15,15,14,14,14,14,13,13,13,12,12,12,12,13,13,12,11,12,12,12,12,13,13,13,13,12,12,11,12,12,12,11,11,11,11,11,12,12,11,11,11,12,12,11,11,11,10,10,10,11,11,10,8,7,8,8,8,8,8,8,8,9,10,12,12,11,9,8,9,10,10,9,9,9,10,9,8,8,9,11,12,12,12,10,9,10,11,11,11,10,11,11,10,7,5,4,4,3,2,3,3,4,3,3,3,3,3,3,3,3,3,3,3,3,3,3,3,3,3,3,3,3,3,3,2,2,3,3,2,2,2,2,0,0,0,0,0,0,0
0,0,0,0,0,0,0,0,0,0,0,0,0,0,0,0,0,0,0,2,4,4,4,5,8,12,15,18,20,20,19,18,17,17,17,15,12,11,12,12,12,12,12,12,12,11,11,11,10,10,10,11,11,11,8,6,5,5,7,10,13,14,13,12,11,11,10,10,10,9,9,10,10,10,10,11,12,11,11,11,13,14,15,15,14,13,12,13,13,12,12,12,11,11,11,12,12,12,13,14,15,15,15,14,14,14,13,13,13,13,13,12,12,12,12,13,12,12,11,11,11,12,12,13,13,13,13,12,11,11,12,12,12,12,11,11,11,12,12,11,11,11,11,12,12,12,11,11,10,10,10,11,11,9,7,7,8,8,8,8,7,7,8,10,13,14,14,11,9,8,9,10,8,7,7,9,9,8,7,8,10,11,12,12,11,10,9,10,12,12,11,11,12,12,10,7,5,5,4,3,3,3,3,4,3,3,3,3,3,3,3,3,4,3,3,3,3,3,3,3,3,3,3,3,3,2,2,3,3,2,2,2,2,0,0,0,0,0,0,0
0,0,0,0,0,0,0,0,0,0,0,0,0,0,0,0,0,0,0,3,4,4,4,6,9,13,16,19,21,20,18,18,17,17,16,15,14,13,12,13,13,13,12,11,11,11,11,11,10,10,10,11,12,11,7,4,5,7,8,10,13,13,12,11,10,10,10,10,9,9,9,9,10,10,10,10,11,11,11,11,12,13,15,15,14,13,12,13,13,13,13,12,12,11,11,12,12,12,12,13,15,15,14,13,14,14,14,14,13,13,13,13,12,12,12,13,13,13,12,12,12,12,13,13,12,13,13,13,12,12,12,12,13,12,12,12,12,12,11,11,11,11,11,11,11,11,11,11,10,10,10,11,11,11,10,9,8,8,8,8,8,7,7,9,11,13,13,13,12,11,11,10,9,8,8,8,9,9,9,9,10,11,11,11,11,11,10,10,11,12,12,12,12,12,12,9,7,6,5,4,3,3,3,3,4,3,3,3,3,3,3,3,4,4,4,3,3,3,3,3,3,3,3,3,3,2,2,3,3,3,3,2,2,0,0,0,0,0,0,0
0,0,0,0,0,0,0,0,0,0,0,0,0,0,0,0,0,0,0,3,3,3,4,6,10,13,16,18,20,20,17,16,16,16,16,16,15,14,12,11,12,13,12,11,10,11,11,11,10,10,10,11,11,11,8,6,5,7,10,12,13,13,12,12,11,10,10,9,9,10,10,10,10,10,10,9,9,10,10,10,11,13,15,16,15,14,13,13,14,14,13,12,12,12,11,11,12,12,12,12,14,15,15,14,14,14,15,15,14,13,12,12,12,12,12,12,13,13,13,13,12,13,13,13,13,12,12,12,12,12,13,13,13,13,13,13,13,12,11,11,11,11,11,11,11,11,11,11,10,10,10,10,12,12,11,10,10,9,9,9,8,7,7,8,10,12,12,12,12,12,12,11,10,9,8,8,8,8,9,10,11,11,11,11,11,11,11,11,11,12,13,12,11,12,12,11,9,7,5,5,4,3,3,3,3,3,3,3,3,3,3,3,3,3,3,3,3,3,3,3,3,3,3,3,3,2,2,2,2,3,3,3,2,0,0,0,0,0,0,0
0,0,0,0,0,0,0,0,0,0,0,0,0,0,0,0,0,0,0,3,4,4,5,8,11,15,17,19,20,19,16,14,15,17,17,16,14,13,11,10,11,11,11,10,10,10,11,11,10,10,10,11,11,10,6,4,5,7,10,13,14,14,12,11,11,11,10,10,10,10,10,9,9,9,9,9,9,9,10,11,10,11,14,16,16,15,14,13,13,14,14,13,12,11,12,12,12,13,13,13,14,14,14,14,14,14,14,15,15,15,14,12,12,13,13,13,12,12,12,13,13,12,12,13,13,13,12,12,11,11,12,12,13,13,13,13,13,13,13,12,12,12,12,12,11,11,11,11,11,10,10,11,11,12,12,11,10,9,9,9,9,8,8,7,8,8,9,11,11,11,11,11,11,10,9,9,8,7,8,10,12,13,12,12,12,11,12,12,11,11,11,12,12,11,12,12,11,9,7,5,4,4,4,3,3,3,3,3,3,3,3,4,4,4,3,3,3,3,3,3,3,3,3,3,3,2,2,3,3,3,3,3,1,0,0,0,0,0,0,0
0,0,0,0,0,0,0,0,0,0,0,0,0,0,0,0,0,0,0,3,3,4,6,9,12,16,19,20,20,19,16,15,15,17,18,17,13,11,10,10,11,11,11,11,11,11,10,10,10,10,10,10,10,9,6,5,5,8,12,15,16,16,13,12,12,12,11,11,10,10,10,10,9,9,10,9,9,9,10,10,10,11,12,14,15,15,15,14,13,13,14,13,12,12,12,12,13,13,14,14,14,14,14,14,13,13,13,14,14,15,15,13,13,13,13,13,12,12,13,13,13,14,13,13,13,13,13,12,11,11,12,12,13,13,12,12,12,12,13,13,12,12,12,12,12,12,11,11,11,11,11,11,11,11,11,11,10,9,9,9,8,8,8,8,8,8,9,10,11,11,11,11,11,10,9,10,10,9,9,10,12,13,13,13,13,13,12,12,12,11,10,11,12,13,12,12,12,12,9,7,4,4,4,4,3,3,3,3,3,3,4,3,3,3,3,3,3,3,3,3,3,3,3,2,2,2,3,3,3,3,3,3,1,0,0,0,0,0,0,0
0,0,0,0,0,0,0,0,0,0,0,0,0,0,0,0,0,0,0,3,3,4,6,9,13,17,19,20,20,18,16,15,16,17,17,14,12,11,11,11,11,11,11,11,11,11,11,10,10,10,11,10,10,8,6,5,6,10,14,15,16,15,14,12,12,12,12,11,11,10,10,11,11,10,9,10,10,10,10,10,10,10,11,13,14,15,15,15,15,14,14,14,13,12,12,12,13,13,14,14,14,14,13,13,13,14,14,14,14,15,15,15,14,14,13,12,12,13,13,13,13,14,14,13,13,13,13,13,12,12,12,13,13,12,12,12,12,13,13,13,13,12,12,12,12,12,11,11,11,11,10,10,11,11,11,10,10,9,9,8,9,8,9,9,9,10,10,10,10,10,10,11,12,12,11,10,10,10,10,10,12,13,13,13,13,13,13,12,12,11,11,11,12,13,13,12,12,12,11,9,7,4,4,4,3,3,4,3,3,3,4,4,4,3,3,2,3,3,3,3,3,3,2,2,2,3,3,2,2,3,3,3,1,0,0,0,0,0,0,0
0,0,0,0,0,0,0,0,0,0,0,0,0,0,0,0,0,0,0,3,3,5,6,10,14,18,19,20,19,17,15,15,16,16,17,15,12,11,11,11,11,11,11,11,12,11,11,10,10,10,11,11,10,8,5,5,8,12,15,15,14,13,12,13,13,13,12,12,11,12,12,11,11,11,10,9,9,9,9,9,9,10,12,14,14,13,14,15,15,15,14,14,14,14,13,13,13,13,13,14,14,14,13,13,13,14,15,15,15,15,14,14,14,13,13,12,12,12,13,13,12,12,13,14,14,13,13,13,13,13,13,13,12,12,12,12,12,13,13,13,13,12,12,12,12,12,12,12,11,11,11,10,11,11,10,10,10,9,9,8,8,8,9,9,9,10,11,11,9,8,9,10,12,12,12,11,11,11,11,11,13,13,13,13,13,13,13,13,13,13,11,10,11,12,13,12,12,12,12,11,9,5,4,4,4,4,4,3,3,3,3,3,3,3,3,2,3,3,3,3,3,3,3,2,2,3,3,3,3,3,3,3,0,0,0,0,0,0,0,0
0,0,0,0,0,0,0,0,0,0,0,0,0,0,0,0,0,0,0,3,3,5,7,11,15,19,20,20,18,16,15,16,16,16,16,15,13,11,11,11,11,10,11,12,12,11,11,11,10,10,10,10,9,7,5,5,8,13,15,15,15,14,14,15,15,15,13,12,11,12,12,11,10,10,10,9,9,9,9,9,9,9,11,14,15,14,13,14,15,16,15,14,14,14,13,13,13,12,13,14,14,14,14,13,13,13,14,14,15,14,14,13,13,13,13,12,12,12,13,13,13,12,13,13,13,13,13,13,13,14,14,13,13,13,13,13,12,12,13,13,12,12,12,12,12,13,13,13,12,11,11,11,11,11,10,10,10,10,10,9,9,9,10,10,10,11,11,10,9,8,9,10,11,11,11,11,11,12,12,12,13,13,13,12,11,12,13,12,13,13,12,11,10,12,13,13,12,12,12,13,12,9,6,4,4,4,4,4,3,3,3,3,3,3,3,3,3,3,3,3,3,3,3,2,3,3,3,3,3,3,2,3,0,0,0,0,0,0,0,0
0,0,0,0,0,0,0,0,0,0,0,0,0,0,0,0,0,0,0,3,4,5,8,11,15,19,20,20,17,16,16,16,17,16,15,14,13,11,11,11,10,10,11,11,11,11,11,10,10,10,11,10,9,6,5,6,9,12,15,15,15,15,16,16,16,15,14,12,11,10,11,10,10,9,9,9,9,9,9,9,9,9,10,12,15,15,13,12,14,14,14,14,14,14,14,13,13,13,13,13,14,15,14,13,13,13,14,14,14,14,14,13,13,12,12,13,13,12,12,13,13,12,12,13,13,13,13,13,13,13,13,13,13,13,13,13,12,12,12,12,11,11,12,12,12,12,13,13,13,12,11,10,10,10,10,10,10,10,10,10,10,10,11,11,11,11,11,10,8,7,9,11,12,11,10,9,10,12,13,14,13,13,13,13,13,13,12,11,9,9,11,12,10,11,13,14,13,12,12,13,12,11,9,6,5,4,4,4,3,3,3,3,3,3,3,3,3,3,3,3,3,3,3,3,3,3,3,3,3,3,2,2,0,0,0,0,0,0,0,0
0,0,0,0,0,0,0,0,0,0,0,0,0,0,0,0,0,0,1,4,4,6,8,13,16,19,20,20,18,16,16,17,17,15,14,13,12,11,10,11,10,10,10,11,11,11,12,12,11,10,10,10,9,5,5,7,11,12,13,15,15,14,14,16,16,15,14,13,11,11,10,10,10,10,10,10,8,7,8,9,9,10,9,10,13,15,14,12,13,13,14,14,14,15,14,14,13,13,13,13,13,14,14,14,13,13,14,14,14,14,14,14,13,13,12,13,13,13,12,12,12,12,12,12,12,12,12,12,13,13,12,12,12,13,13,13,13,13,12,12,12,12,12,13,13,13,13,13,12,11,11,10,10,10,10,10,9,10,10,10,10,10,11,12,12,11,10,9,8,8,9,10,10,10,10,10,10,12,13,13,13,13,13,14,15,14,12,9,7,6,6,8,10,10,11,13,14,13,12,12,12,12,11,7,5,4,3,3,3,3,3,3,3,3,3,3,3,3,3,3,3,3,3,3,3,3,3,3,3,3,2,2,0,0,0,0,0,0,0,0
0,0,0,0,0,0,0,0,0,0,0,0,0,0,0,0,0,0,1,4,4,6,10,14,17,19,20,20,18,16,17,17,17,16,17,16,13,10,10,11,11,10,10,11,11,11,11,12,12,11,9,9,8,6,6,8,12,15,14,15,16,17,17,16,17,17,15,13,11,9,9,9,10,10,11,11,9,8,8,9,9,9,9,10,11,13,14,12,12,13,14,14,14,14,14,14,14,13,13,13,13,14,14,14,14,14,14,14,15,15,14,14,13,13,13,12,12,13,13,13,12,12,12,12,12,12,12,12,12,12,12,12,13,13,14,14,14,14,14,13,13,13,12,12,12,13,13,12,12,11,11,10,10,10,10,11,10,10,10,10,10,10,11,12,12,11,10,9,9,9,10,10,11,10,10,9,10,10,11,11,12,13,13,13,15,15,14,9,5,4,5,8,11,11,10,11,13,13,13,13,13,13,13,11,7,5,4,3,3,3,4,4,3,3,3,3,3,3,3,3,3,3,3,3,3,3,2,3,3,3,2,3,0,0,0,0,0,0,0,0
0,0,0,0,0,0,0,0,0,0,0,0,0,0,0,0,0,0,1,4,5,7,11,15,18,19,20,19,17,16,16,17,17,16,17,18,17,13,10,11,11,11,11,11,11,10,10,11,12,11,9,8,7,6,7,9,11,13,15,15,16,17,17,17,16,15,14,12,10,9,8,9,10,10,10,10,10,9,8,9,10,10,9,10,10,12,13,13,12,13,14,14,14,14,15,15,15,14,13,13,13,13,14,14,14,14,15,15,15,15,14,13,12,12,12,13,12,12,13,12,12,12,12,12,12,12,12,12,12,12,12,13,13,13,13,13,14,14,14,13,13,13,13,12,12,13,13,13,13,12,10,9,10,10,10,10,11,10,10,10,10,10,11,12,12,12,10,9,10,11,11,11,11,10,11,11,11,10,10,11,12,13,13,13,14,15,16,15,10,5,4,8,11,12,11,10,11,13,14,14,13,13,13,12,10,7,4,3,3,4,4,4,4,4,3,3,3,3,3,3,3,3,3,3,3,3,3,3,3,3,2,3,0,0,0,0,0,0,0,0
0,0,0,0,0,0,0,0,0,0,0,0,0,0,0,0,0,0,1,3,5,8,12,16,18,20,20,19,17,16,16,17,17,16,16,17,18,17,14,12,11,11,11,11,12,11,10,11,12,11,9,7,6,5,6,10,13,14,14,15,15,15,16,16,16,15,13,11,10,10,9,10,10,10,9,9,10,9,8,9,10,10,10,10,10,12,13,14,14,14,14,13,13,14,15,15,15,15,14,13,13,14,14,14,14,14,14,15,15,14,14,13,13,13,12,12,12,12,12,13,12,12,12,12,12,12,12,12,12,12,12,12,13,13,13,13,13,14,14,14,13,13,13,13,13,13,14,14,13,12,11,10,10,11,11,11,11,11,10,10,10,11,12,12,12,12,11,11,11,11,11,11,10,10,11,12,11,11,11,12,12,13,13,13,13,13,14,15,14,12,11,12,12,12,11,11,11,12,14,14,14,13,12,13,13,10,6,4,4,3,4,4,4,4,3,3,3,3,3,3,3,2,3,3,3,3,3,3,3,3,2,2,0,0,0,0,0,0,0,0
0,0,0,0,0,0,0,0,0,0,0,0,0,0,0,0,0,0,2,3,5,10,13,17,19,20,20,19,17,16,16,17,16,16,16,16,14,13,13,12,11,11,11,11,11,10,10,11,13,13,10,6,5,4,6,10,14,15,15,15,15,15,14,15,15,14,13,11,10,10,10,10,10,10,10,9,9,9,9,8,9,11,11,10,10,11,13,14,16,16,15,13,12,13,15,16,16,15,14,14,14,14,14,14,14,13,13,14,14,14,13,13,13,13,12,12,12,12,12,13,13,12,12,12,11,11,12,12,12,12,12,12,12,13,13,13,13,14,15,15,14,13,14,14,14,14,14,13,12,12,11,11,11,11,12,12,11,11,11,11,12,13,14,13,12,12,12,12,12,11,11,11,11,11,11,12,12,11,10,11,12,13,12,13,12,12,11,13,14,14,14,12,12,11,12,12,12,12,13,14,14,13,13,13,14,13,11,7,4,3,3,4,4,4,4,3,3,4,3,3,3,3,3,3,3,3,3,3,3,3,2,2,0,0,0,0,0,0,0,0
0,0,0,0,0,0,0,0,0,0,0,0,0,0,0,0,0,0,2,4,6,10,14,17,19,20,20,19,17,15,16,16,16,16,16,16,15,13,12,11,10,9,10,12,12,11,10,11,13,13,9,6,5,6,9,12,14,14,15,16,16,15,14,15,15,14,12,11,11,11,10,10,10,10,10,9,9,9,9,8,9,10,11,10,10,12,13,13,15,16,16,14,12,13,15,16,16,15,15,14,13,14,14,14,13,13,13,13,14,14,13,12,12,13,13,13,13,13,12,12,12,12,12,12,12,11,12,12,12,12,12,12,13,13,13,13,13,14,14,14,14,13,13,14,14,13,13,12,12,12,12,11,11,11,11,11,12,12,12,13,14,16,16,14,12,12,11,12,12,12,12,12,12,12,12,12,11,11,11,12,12,13,12,11,10,10,10,10,11,11,11,10,10,9,10,11,13,13,12,13,14,14,13,13,14,14,13,10,6,3,3,3,4,4,4,3,3,3,3,4,3,3,3,3,3,3,2,3,3,3,2,2,0,0,0,0,0,0,0,0
0,0,0,0,0,0,0,0,0,0,0,0,0,0,0,0,0,0,2,4,7,12,15,17,19,20,20,18,17,16,16,17,17,17,17,17,16,13,12,11,9,9,10,11,11,11,10,11,12,11,7,4,6,9,12,15,16,15,14,15,16,16,14,13,13,13,11,10,11,11,11,10,10,10,10,9,9,9,9,8,8,9,10,10,10,12,13,13,14,15,16,16,13,13,14,15,15,15,15,15,14,14,14,14,14,13,13,14,14,14,13,12,12,13,13,13,13,13,13,13,12,12,12,12,12,12,12,12,12,12,12,12,13,13,13,13,13,13,14,14,14,13,13,13,13,13,12,12,12,12,12,11,11,11,11,11,12,12,12,13,15,17,17,16,14,13,14,13,12,12,13,13,13,12,12,12,12,11,11,12,12,12,9,8,7,7,6,7,7,7,8,9,8,9,9,10,11,12,12,12,13,14,14,14,13,13,14,12,10,7,5,4,3,3,4,3,3,3,3,3,3,3,3,3,3,3,3,3,3,3,3,2,0,0,0,0,0,0,0,0
0,0,0,0,0,0,0,0,0,0,0,0,0,0,0,0,0,0,3,5,8,12,16,18,20,20,20,18,16,16,16,17,17,16,16,17,16,13,11,10,9,9,10,12,11,10,10,11,12,10,6,3,7,12,15,16,16,15,14,15,16,16,15,13,13,12,11,10,10,11,11,11,10,10,11,11,9,8,9,9,9,9,10,11,11,11,12,13,14,15,16,16,15,13,13,14,14,15,15,14,14,14,14,14,14,14,14,14,14,14,13,12,12,13,13,13,13,13,13,13,13,12,12,12,13,13,13,12,13,12,12,12,12,13,14,14,13,13,13,13,14,14,13,13,13,13,13,13,13,13,12,12,11,11,11,12,12,11,10,11,13,16,18,18,16,15,15,15,14,12,13,13,13,12,11,12,12,12,11,10,10,8,7,7,6,7,7,6,6,7,7,8,8,8,8,9,10,11,12,12,13,13,14,14,14,14,14,14,13,9,6,3,3,3,2,4,4,4,4,3,3,3,3,3,3,3,3,3,3,2,3,2,0,0,0,0,0,0,0,0
0,0,0,0,0,0,0,0,0,0,0,0,0,0,0,0,0,0,3,5,8,12,16,19,20,20,20,19,18,17,16,17,17,16,16,16,16,14,11,10,9,9,11,12,11,10,10,11,12,10,5,4,8,13,15,16,16,15,14,15,15,15,14,13,13,12,10,10,11,11,11,11,11,11,11,12,11,9,8,9,9,9,10,10,11,11,12,13,14,15,16,17,16,14,13,14,14,14,14,13,13,13,13,13,14,14,14,14,14,13,13,12,12,12,12,12,12,13,13,13,13,13,13,13,13,13,12,12,12,12,12,12,12,12,13,14,13,13,12,13,13,13,13,13,13,13,12,13,13,13,13,12,11,11,12,12,12,11,11,10,12,16,18,18,18,17,16,16,16,14,14,14,14,13,12,12,12,12,11,10,9,8,7,7,7,7,7,7,7,8,8,8,7,7,7,8,8,9,10,12,12,12,13,14,14,14,14,14,14,13,9,5,3,4,3,3,3,4,3,3,3,3,3,3,3,3,3,3,3,2,2,2,0,0,0,0,0,0,0,0
0,0,0,0,0,0,0,0,0,0,0,0,0,0,0,0,0,0,3,6,9,13,17,19,20,20,20,20,19,17,16,17,16,16,16,17,18,16,13,10,9,10,11,11,11,10,11,12,12,9,5,5,9,14,15,15,14,15,15,15,15,14,14,14,14,12,10,10,12,12,11,11,11,11,11,11,12,11,10,9,9,10,10,11,12,12,12,13,14,15,16,16,16,15,14,14,14,14,13,13,13,13,13,13,13,13,14,14,13,13,13,13,12,12,12,12,12,12,13,14,13,13,14,13,13,12,12,12,12,12,12,12,12,12,13,13,14,13,13,13,12,12,12,13,13,13,13,13,14,14,14,12,12,11,11,12,12,12,11,10,11,14,16,17,18,19,19,18,18,17,15,14,14,14,13,12,11,11,10,9,9,8,8,8,7,7,6,7,7,6,7,7,8,8,8,8,8,8,9,11,12,13,13,14,14,14,14,14,15,15,13,10,5,3,3,4,3,3,3,3,3,3,3,3,3,2,2,3,3,3,3,1,0,0,0,0,0,0,0,0
0,0,0,0,0,0,0,0,0,0,0,0,0,0,0,0,0,0,4,6,9,14,18,19,20,20,19,19,18,17,16,16,16,16,16,18,18,17,13,10,9,11,11,12,10,10,12,13,13,8,4,5,9,14,15,15,14,14,13,13,14,15,15,15,14,12,11,12,14,14,12,10,11,11,11,11,11,11,11,10,10,10,10,11,11,12,13,14,14,14,15,15,16,16,15,14,14,13,13,14,14,13,14,14,13,13,13,14,13,13,13,13,13,13,13,12,12,12,13,13,13,13,12,13,13,12,12,12,12,12,12,12,12,12,13,13,14,14,13,13,13,12,12,12,13,13,14,14,14,14,14,13,12,12,11,11,12,12,11,10,11,13,16,17,17,16,16,16,17,17,17,15,14,14,13,12,11,10,10,9,8,7,8,8,8,7,6,7,9,10,8,7,7,8,9,8,8,9,9,9,12,13,13,13,14,15,14,14,14,15,15,13,10,6,4,4,4,4,3,3,3,3,3,3,3,2,2,2,2,3,3,1,0,0,0,0,0,0,0,0
0,0,0,0,0,0,0,0,0,0,0,0,0,0,0,0,0,0,4,6,10,15,18,19,19,19,20,19,17,16,17,17,16,16,16,18,17,15,12,10,10,11,12,11,9,10,13,15,13,8,4,7,11,14,15,15,14,13,13,13,13,14,14,14,12,11,11,13,15,14,12,10,10,11,11,11,11,11,11,11,10,10,10,10,10,11,13,14,14,14,16,16,16,16,16,15,14,13,14,14,14,14,13,14,14,13,13,14,14,13,13,13,13,13,13,13,13,12,12,12,12,12,12,13,13,13,13,12,12,12,12,12,12,12,12,13,13,13,13,13,13,13,13,13,12,13,14,14,14,14,13,13,12,12,12,11,11,12,12,11,10,11,14,16,16,14,14,14,15,17,18,17,15,13,12,11,10,10,9,9,8,8,8,7,7,7,6,6,9,11,10,7,6,7,9,9,8,8,9,9,10,12,14,13,12,13,14,14,14,14,15,14,12,9,6,5,4,4,4,4,3,3,3,3,3,3,2,2,2,2,3,1,0,0,0,0,0,0,0,0
0,0,0,0,0,0,0,0,0,0,0,0,0,0,0,0,0,0,5,7,11,16,19,20,19,19,20,19,17,16,17,18,17,16,17,18,16,13,11,10,11,12,12,10,9,11,14,16,13,7,4,7,13,16,17,15,13,12,13,13,14,13,13,12,13,13,14,14,14,13,12,11,10,10,10,11,11,11,10,10,10,11,10,10,10,11,13,14,15,14,15,17,18,17,16,15,14,13,13,13,14,14,14,14,14,13,13,13,13,13,13,13,13,14,14,14,13,13,12,12,12,12,13,13,13,13,13,13,12,12,12,12,12,12,12,12,13,13,13,13,13,13,13,13,13,12,13,14,14,14,13,12,11,11,12,11,11,11,11,11,10,10,13,15,15,14,14,14,16,16,16,15,14,13,12,11,10,9,9,8,8,8,8,8,7,8,7,7,8,11,12,10,7,7,8,9,8,8,8,9,10,11,13,14,13,12,13,14,14,14,14,15,14,12,9,5,4,4,4,4,3,3,3,3,3,3,3,3,3,3,3,1,0,0,0,0,0,0,0,0
0,0,0,0,0,0,0,0,0,0,0,0,0,0,0,0,0,0,5,8,12,17,19,20,19,19,20,20,18,17,17,18,17,17,16,16,15,12,11,11,12,12,11,10,10,12,16,17,12,6,5,8,13,15,14,13,12,12,13,14,14,13,12,13,15,17,16,14,12,11,11,11,11,10,10,11,11,11,10,10,10,10,10,10,10,11,12,14,15,15,14,16,18,18,17,16,15,14,13,13,13,13,14,14,14,14,14,13,13,13,13,13,14,15,14,14,13,13,12,12,12,12,12,13,13,13,13,13,13,12,12,12,13,13,12,12,13,14,14,13,13,13,13,13,13,13,13,14,14,14,13,12,11,11,11,12,11,11,11,11,11,10,12,15,15,15,14,15,16,14,12,10,10,10,11,11,10,9,9,8,8,7,8,9,10,10,8,7,7,9,11,11,9,7,8,8,9,8,8,9,10,10,12,14,15,15,14,14,15,14,14,15,15,14,12,7,4,3,3,3,3,3,3,3,3,3,3,3,3,3,3,0,0,0,0,0,0,0,0,0
0,0,0,0,0,0,0,0,0,0,0,0,0,0,0,0,0,1,5,8,13,17,19,20,19,19,19,20,19,17,17,18,17,16,16,16,14,11,10,11,12,12,12,11,11,13,16,17,11,5,4,8,12,12,12,12,12,13,14,14,13,13,13,15,18,19,16,13,10,10,11,11,11,10,10,10,11,11,11,10,9,10,10,11,10,10,11,13,14,15,15,15,17,19,18,17,16,15,14,13,13,13,13,14,15,15,15,14,14,13,13,14,14,15,14,13,13,13,12,12,12,12,12,12,13,13,13,13,13,13,12,12,12,12,12,12,12,13,14,14,14,13,13,13,13,13,13,14,14,13,13,12,12,11,12,13,12,11,11,11,11,9,11,15,16,16,15,14,13,12,9,8,8,9,10,10,9,9,9,8,8,8,7,8,10,11,10,8,7,9,11,11,10,8,8,8,8,9,9,10,10,11,12,13,15,16,15,15,14,14,15,15,15,15,14,10,7,4,3,3,3,3,3,3,3,3,3,3,3,3,3,0,0,0,0,0,0,0,0,0
0,0,0,0,0,0,0,0,0,0,0,0,0,0,0,0,0,1,6,9,14,18,19,19,19,19,20,20,20,18,18,18,18,17,16,16,14,11,10,11,12,11,11,11,12,14,16,16,10,4,4,8,11,12,13,14,14,14,13,12,12,11,12,15,17,18,17,13,11,10,11,11,11,11,10,10,10,11,11,11,10,10,10,11,11,11,10,11,13,15,15,15,16,16,17,17,16,15,14,14,13,13,13,14,14,15,15,15,15,15,14,14,14,14,13,12,12,12,12,13,13,13,13,13,13,13,13,13,13,13,12,12,12,12,13,13,12,13,14,14,14,14,14,13,13,13,14,14,13,13,12,12,12,11,12,14,16,15,12,10,10,10,12,15,17,16,15,13,12,10,9,9,10,10,10,9,9,9,9,9,9,8,8,8,10,13,13,10,7,8,11,12,11,9,7,6,6,8,9,10,10,10,11,12,13,14,16,16,15,15,15,15,15,15,15,12,9,5,3,3,3,3,3,3,3,3,3,3,3,3,3,0,0,0,0,0,0,0,0,0
0,0,0,0,0,0,0,0,0,0,0,0,0,0,0,0,0,2,7,10,15,18,20,19,19,20,20,20,19,17,17,17,18,18,17,16,14,10,10,12,13,12,11,11,13,15,16,15,10,4,4,7,10,12,14,15,15,14,12,10,11,12,15,17,18,18,17,15,12,11,11,11,11,11,11,10,10,10,11,11,11,10,10,10,11,11,11,11,11,13,14,15,16,17,17,16,15,16,15,15,14,13,13,13,13,14,14,15,15,15,15,14,14,13,13,12,12,12,13,13,14,14,14,13,13,13,13,13,13,12,12,12,12,12,12,13,13,13,13,13,13,13,14,13,13,13,14,14,13,13,12,12,12,12,12,13,16,18,15,11,10,11,13,15,15,14,13,11,9,9,9,9,9,10,9,9,9,9,9,8,8,8,9,9,11,14,14,12,8,8,10,11,10,8,5,5,7,8,9,10,10,10,9,9,10,12,14,15,15,15,15,15,15,15,15,14,11,7,4,3,3,3,3,3,3,3,3,3,3,3,3,0,0,0,0,0,0,0,0,0
0,0,0,0,0,0,0,0,0,0,0,0,0,0,0,0,0,2,7,10,15,19,20,19,19,20,20,20,19,17,17,17,17,16,15,15,14,12,11,12,12,11,11,13,16,17,16,14,9,4,4,7,10,12,15,16,15,12,9,9,12,16,19,20,22,22,19,16,13,11,11,11,11,10,10,10,10,10,10,11,11,11,10,10,11,11,11,10,11,12,13,14,16,17,17,16,16,16,16,16,15,14,14,13,13,13,13,14,14,14,14,14,13,13,13,13,14,14,14,14,14,15,14,14,13,13,14,13,13,13,13,12,12,12,12,12,13,13,14,14,14,14,13,14,14,13,14,13,13,12,12,12,12,12,12,14,16,18,18,16,13,13,15,15,14,11,10,9,10,9,9,9,9,9,9,9,9,9,9,8,8,8,9,10,12,14,15,12,8,8,10,11,10,7,6,6,8,10,10,10,10,9,9,9,10,11,12,12,13,14,15,15,15,15,15,15,13,9,5,3,3,3,3,3,3,2,2,3,3,3,3,0,0,0,0,0,0,0,0,0
0,0,0,0,0,0,0,0,0,0,0,0,0,0,0,0,0,2,7,11,16,19,20,20,20,20,20,20,19,18,18,18,18,18,17,16,15,13,13,13,12,11,13,16,18,18,16,13,10,6,5,7,10,13,15,15,13,10,9,11,14,18,20,21,21,22,21,19,16,14,13,11,11,11,10,10,11,11,11,11,11,11,11,10,11,11,10,10,10,11,13,13,14,15,17,17,16,15,16,16,16,15,15,14,13,13,13,14,14,14,13,13,13,13,14,15,16,15,15,15,15,15,15,15,15,14,14,14,13,13,13,14,14,13,13,12,12,13,13,13,14,14,14,13,13,14,14,14,13,12,12,12,12,12,13,15,17,18,18,18,16,15,15,15,13,11,9,9,10,10,9,9,9,9,9,8,8,9,9,10,9,8,9,11,13,15,15,13,9,8,9,10,8,7,8,9,10,10,10,9,9,9,9,9,10,12,14,13,12,12,14,15,15,15,15,15,14,10,6,4,3,3,3,3,3,2,3,3,3,3,3,0,0,0,0,0,0,0,0,0
0,0,0,0,0,0,0,0,0,0,0,0,0,0,0,0,0,3,8,12,16,19,20,20,20,20,20,20,19,18,18,18,19,18,17,16,16,15,14,15,14,15,15,17,18,17,15,13,9,5,4,7,10,12,13,12,9,9,12,16,18,19,20,20,19,19,20,20,20,19,17,13,11,11,10,10,11,12,12,11,11,11,11,11,11,11,10,11,12,13,13,12,11,12,15,16,16,15,15,15,16,16,16,15,14,14,14,14,14,14,14,14,15,15,15,16,16,15,15,15,15,15,15,15,16,15,14,13,13,14,14,14,14,14,13,13,12,12,12,12,13,13,14,13,13,13,13,13,13,12,11,11,11,12,13,15,17,18,17,17,16,15,15,14,13,11,10,10,10,10,9,9,9,9,9,9,9,9,10,10,9,8,9,12,14,15,15,14,12,9,8,8,7,7,9,10,10,10,9,9,9,9,9,8,9,11,14,14,13,13,14,16,15,14,15,15,14,11,8,5,3,3,3,4,4,3,3,2,3,3,2,0,0,0,0,0,0,0,0,0
0,0,0,0,0,0,0,0,0,0,0,0,0,0,0,0,0,4,8,13,17,19,20,20,20,20,20,20,20,18,17,18,18,18,16,15,15,16,17,17,16,15,14,14,14,13,13,12,9,4,4,8,12,12,11,10,10,11,15,19,20,19,19,20,20,19,19,18,17,18,18,17,13,11,10,10,11,12,12,11,12,12,11,11,11,11,10,12,15,16,14,12,12,12,13,15,16,16,16,15,15,16,17,17,16,15,15,14,14,15,15,15,16,16,16,16,15,15,14,15,15,15,14,15,15,16,15,14,13,13,14,14,14,14,14,13,13,12,12,12,12,12,13,13,12,13,13,13,12,12,12,12,12,12,13,15,18,18,17,16,14,14,13,13,13,11,10,10,10,10,10,9,9,8,8,8,9,9,10,10,10,8,8,12,15,15,15,15,13,10,7,7,8,8,10,11,10,10,10,9,9,9,9,9,9,11,14,14,13,13,14,16,16,15,15,16,15,12,9,6,4,2,3,3,4,4,4,3,3,3,3,0,0,0,0,0,0,0,0,0
0,0,0,0,0,0,0,0,0,0,0,0,0,0,0,0,0,5,10,14,17,19,20,19,19,20,20,20,20,18,17,17,16,16,16,15,16,18,18,17,15,12,11,11,10,11,12,12,9,5,5,8,12,11,9,10,12,14,16,18,18,19,18,18,19,19,19,19,20,18,18,18,16,13,10,9,11,11,11,11,12,12,12,11,11,11,10,11,15,17,16,12,12,13,13,13,14,15,16,17,16,16,16,17,16,16,16,16,15,15,15,15,15,15,15,14,14,14,15,15,15,15,15,15,15,15,15,15,14,14,14,14,14,14,14,15,15,14,13,11,11,11,12,11,12,12,13,13,12,12,12,12,12,12,13,15,17,18,17,16,15,14,13,13,13,11,10,9,10,10,9,9,8,8,8,8,8,9,10,10,9,8,8,11,14,16,16,15,14,11,6,6,8,10,10,10,10,9,9,9,9,9,9,9,9,10,13,14,14,13,14,15,16,16,16,16,15,12,10,7,4,3,3,3,2,3,3,3,3,3,2,0,0,0,0,0,0,0,0,0
0,0,0,0,0,0,0,0,0,0,0,0,0,0,0,0,0,6,11,15,19,20,19,19,19,20,20,21,20,19,17,16,15,15,15,16,16,17,17,15,12,10,11,12,12,11,11,12,9,6,5,7,7,7,9,12,14,15,17,19,21,20,19,18,17,16,16,16,15,14,15,16,16,14,11,9,9,11,11,11,10,11,12,11,11,11,10,10,14,17,18,16,15,14,13,13,13,14,16,18,17,16,16,16,16,15,15,16,16,16,16,15,15,15,15,14,14,14,15,15,15,15,14,15,15,15,15,15,15,15,14,14,14,14,14,15,16,16,15,14,13,12,12,12,12,12,13,13,12,12,12,12,12,12,13,16,18,18,16,16,17,17,16,14,13,11,9,9,9,9,8,8,8,8,8,8,8,9,10,10,9,9,9,11,14,16,16,16,15,12,8,6,8,11,11,10,9,9,9,9,9,9,9,10,10,10,10,13,14,14,14,15,16,16,16,16,16,13,10,7,5,2,2,3,2,2,3,3,3,3,2,0,0,0,0,0,0,0,0,0
0,0,0,0,0,0,0,0,0,0,0,0,0,0,0,0,0,6,11,16,19,20,20,19,20,20,20,20,20,19,17,15,15,15,16,16,16,15,14,12,11,10,12,12,11,11,11,11,9,5,4,5,6,9,12,15,17,17,17,20,20,19,17,14,12,11,11,10,11,11,10,11,14,14,12,10,9,9,11,11,10,10,11,12,11,11,11,12,15,17,17,17,17,15,14,13,12,12,13,15,16,17,16,15,16,15,15,15,15,15,15,15,14,14,14,14,14,15,15,15,15,15,15,15,15,15,15,14,15,15,15,14,14,14,14,14,15,16,16,16,15,15,14,14,13,13,13,14,13,13,13,13,12,12,13,17,19,21,21,20,18,17,16,14,12,11,10,9,9,9,8,8,8,8,8,8,9,8,9,10,10,9,9,12,14,16,16,16,15,12,8,6,8,11,11,10,9,9,10,10,9,9,10,10,10,9,10,12,14,14,15,15,16,16,16,16,15,13,10,7,5,3,3,3,2,2,3,3,3,3,2,0,0,0,0,0,0,0,0,0
0,0,0,0,0,0,0,0,0,0,0,0,0,0,0,0,0,7,11,16,19,21,20,19,20,20,20,20,20,19,17,16,16,16,16,16,15,14,12,11,11,11,12,12,11,11,12,11,8,4,3,4,8,11,15,18,18,17,17,18,16,14,12,10,11,10,10,10,11,11,11,11,12,13,12,11,9,9,10,11,11,10,10,11,11,12,13,13,16,17,18,17,17,16,15,12,12,12,12,12,14,16,16,15,15,15,15,15,15,14,14,14,13,13,14,14,15,15,15,16,15,14,13,14,15,15,15,15,15,15,15,15,15,14,14,14,14,15,15,16,16,15,15,14,14,13,13,15,15,14,13,13,13,13,14,17,19,20,19,18,18,16,15,13,12,11,10,10,9,9,9,9,9,8,8,9,9,9,9,10,11,10,9,11,13,14,16,16,16,12,8,6,7,10,11,10,9,10,10,10,10,10,10,10,10,10,11,13,14,14,14,15,16,17,17,16,15,12,10,7,5,3,3,2,2,2,2,3,3,3,1,0,0,0,0,0,0,0,0,0
0,0,0,0,0,0,0,0,0,0,0,0,0,0,0,0,0,8,12,17,20,21,20,19,20,20,20,20,19,18,17,17,17,16,16,16,15,13,11,10,10,11,11,10,11,11,12,11,6,3,4,8,12,15,16,17,17,17,18,17,14,11,10,11,12,11,12,11,11,11,11,11,12,13,12,10,10,10,10,11,12,11,10,11,12,13,16,17,18,19,20,20,18,16,15,12,11,12,13,12,13,14,15,15,15,15,15,15,15,14,14,13,13,13,14,14,15,15,16,16,16,15,15,14,15,15,15,14,15,15,16,16,16,15,15,15,14,15,15,15,15,14,14,15,15,16,16,16,16,15,14,13,12,13,14,17,18,18,17,15,14,13,12,12,12,11,10,10,9,9,9,9,9,9,8,9,9,9,9,11,12,11,10,10,13,14,16,16,16,13,8,6,7,10,10,9,9,9,9,10,10,9,10,10,11,13,13,13,13,14,13,14,16,17,17,16,14,12,10,8,5,3,3,3,3,3,2,3,3,3,1,0,0,0,0,0,0,0,0,0
0,0,0,0,0,0,0,0,0,0,0,0,0,0,0,0,0,8,12,16,20,20,20,20,20,20,20,19,17,16,16,16,16,16,16,16,14,12,10,10,10,11,11,10,10,11,12,10,4,3,5,9,13,15,17,17,17,17,16,13,11,10,10,11,11,11,11,11,11,11,11,11,11,13,15,13,10,10,11,11,12,12,12,11,12,15,18,20,20,19,21,22,21,18,14,13,13,12,12,12,12,13,13,14,14,14,14,15,14,14,13,13,13,13,14,15,15,16,16,15,15,14,15,15,15,15,15,15,14,14,15,16,16,16,16,15,15,15,15,15,15,15,15,15,15,16,17,17,16,15,13,12,12,14,16,17,18,18,17,15,13,11,11,11,10,10,9,9,9,10,9,9,9,9,9,9,9,9,10,12,12,10,9,11,14,16,16,16,17,15,9,5,7,10,10,9,8,9,9,9,9,9,9,10,11,13,15,15,14,14,13,14,16,17,17,16,14,12,10,7,4,3,3,3,3,3,3,3,3,3,1,0,0,0,0,0,0,0,0,0
0,0,0,0,0,0,0,0,0,0,0,0,0,0,0,0,0,8,12,16,19,20,20,19,20,20,20,19,17,16,16,16,15,15,15,15,13,11,10,11,11,11,11,10,11,11,12,9,3,3,8,10,10,12,15,18,18,17,14,11,10,10,10,11,11,11,11,11,11,11,11,11,10,11,14,15,12,9,10,12,12,12,12,12,13,16,20,21,21,18,18,19,20,19,17,15,16,16,15,13,12,12,13,13,14,14,14,14,14,13,13,12,13,13,14,15,15,16,15,15,15,14,14,15,16,16,15,15,15,14,14,14,15,15,15,15,15,15,15,15,16,15,15,14,14,15,16,16,15,13,12,12,13,15,17,18,17,17,16,15,13,11,11,10,10,10,9,9,10,10,9,9,10,10,9,9,9,10,11,12,12,11,10,10,14,15,15,15,16,16,11,6,7,10,10,9,9,9,9,9,9,10,10,10,9,10,13,16,16,15,14,14,16,17,17,15,13,11,9,7,4,3,3,3,3,3,3,3,3,3,1,0,0,0,0,0,0,0,0,0
0,0,0,0,0,0,0,0,0,0,0,0,0,0,0,0,0,8,13,16,19,19,19,20,20,20,20,19,17,16,16,16,15,15,14,14,13,11,11,11,11,11,11,11,11,11,10,6,3,6,9,9,7,8,13,18,17,15,12,10,10,10,11,11,11,11,11,11,11,11,10,11,10,10,13,16,14,11,10,12,13,13,13,11,12,16,20,21,20,17,15,17,18,18,16,15,17,18,16,13,11,12,13,13,13,13,12,12,12,13,13,12,13,14,15,16,16,16,16,15,14,14,14,15,16,16,16,15,15,14,13,13,14,15,15,15,15,14,15,15,15,15,15,14,14,15,15,15,14,13,11,12,14,16,17,17,17,16,15,14,14,13,12,11,10,9,9,9,9,9,9,9,9,9,9,9,10,10,11,12,11,11,10,11,14,15,15,15,16,16,13,8,7,10,10,9,9,9,10,10,10,10,10,11,14,14,13,14,15,14,14,14,15,17,17,16,13,11,8,5,3,3,3,3,3,3,3,3,3,3,1,0,0,0,0,0,0,0,0,0
0,0,0,0,0,0,0,0,0,0,0,0,0,0,0,0,1,8,13,17,19,19,19,20,20,20,20,20,18,16,16,16,15,15,15,14,13,11,11,11,11,11,11,11,11,12,10,5,3,9,13,12,8,8,12,16,16,13,11,10,10,10,11,11,11,11,10,11,11,11,11,11,11,10,12,15,16,13,11,12,13,13,13,11,11,14,19,21,19,18,18,19,20,21,20,17,17,18,18,15,12,11,13,13,12,12,12,12,12,12,13,13,13,14,15,16,16,16,16,15,14,14,15,15,16,16,16,16,15,14,13,13,14,15,16,15,15,15,15,14,14,15,16,16,15,16,15,14,13,11,12,13,16,18,18,17,16,16,16,15,15,13,12,10,10,9,9,9,9,9,9,9,9,9,9,10,10,10,10,11,11,11,10,11,14,15,15,15,15,15,12,7,7,9,11,10,9,9,10,10,10,10,10,11,13,15,16,15,14,14,14,14,15,17,17,16,13,10,7,4,3,3,2,3,3,3,3,3,3,3,0,0,0,0,0,0,0,0,0,0
0,0,0,0,0,0,0,0,0,0,0,0,0,0,0,0,2,9,13,18,20,19,19,19,20,20,20,20,19,16,15,16,15,15,15,14,12,11,10,11,11,11,10,11,11,11,9,5,3,11,16,16,12,10,12,14,13,11,10,10,11,11,11,11,11,11,11,11,11,12,11,11,13,14,12,13,16,15,12,12,14,14,12,10,11,13,17,20,20,18,17,19,20,21,21,20,19,18,17,15,12,11,12,13,12,11,12,12,12,12,13,13,13,14,15,16,16,15,15,14,14,15,16,16,16,16,16,16,15,15,14,14,14,14,15,15,15,15,15,15,15,15,16,16,15,13,13,13,13,13,14,16,18,18,18,18,18,17,16,15,13,11,10,10,10,10,9,9,10,9,9,9,9,9,10,10,10,10,10,11,11,11,11,13,15,15,15,15,15,14,10,7,7,9,10,10,9,9,9,10,10,11,10,9,10,13,15,15,15,15,15,14,15,17,17,17,14,10,6,4,3,3,2,3,3,3,3,3,3,3,0,0,0,0,0,0,0,0,0,0
0,0,0,0,0,0,0,0,0,0,0,0,0,0,0,0,2,9,13,18,19,19,18,19,20,20,20,20,18,16,15,16,15,15,15,14,12,10,11,10,11,11,10,11,11,11,9,6,5,9,14,18,16,14,13,13,12,11,11,11,11,10,10,10,11,11,11,11,11,11,12,12,14,16,13,11,15,18,15,12,14,15,13,10,11,12,13,15,18,20,19,18,18,20,20,19,19,18,16,14,12,11,11,12,12,11,11,11,11,12,12,13,14,14,15,16,15,13,12,13,14,14,14,15,15,14,16,16,16,15,14,13,13,14,14,14,14,14,15,15,15,15,15,15,15,14,12,12,12,14,16,18,19,19,18,19,19,17,15,13,11,10,10,10,10,10,9,9,9,9,10,10,10,10,10,10,10,10,10,11,12,11,11,13,15,15,15,16,16,15,11,7,7,8,10,9,9,9,9,9,11,12,12,11,10,11,13,13,15,16,15,14,14,16,18,17,14,10,7,4,4,3,2,3,3,3,3,3,3,3,0,0,0,0,0,0,0,0,0,0
0,0,0,0,0,0,0,0,0,0,0,0,0,0,0,0,3,10,13,18,20,19,19,20,20,20,19,19,18,16,15,16,15,15,15,15,12,10,10,11,11,11,11,11,11,11,8,8,8,10,13,17,18,16,12,11,12,11,11,11,11,10,10,10,10,10,11,10,10,10,11,12,12,12,12,10,12,19,19,15,13,15,14,11,10,11,12,11,13,16,19,19,19,18,18,16,16,15,13,12,11,11,11,11,12,12,11,11,11,12,12,12,13,14,14,14,13,11,9,10,12,12,13,13,13,13,15,16,16,15,14,13,13,13,14,14,14,14,14,14,14,14,14,14,13,13,13,13,14,16,18,19,19,19,18,19,19,17,14,12,12,11,10,10,10,9,9,9,9,9,10,10,10,10,10,10,10,10,10,11,13,12,11,11,13,15,15,15,16,16,11,7,6,8,10,10,9,9,9,10,11,12,13,12,10,11,13,15,16,16,15,14,14,16,17,17,15,10,6,4,3,3,2,3,2,3,3,3,3,3,0,0,0,0,0,0,0,0,0,0
0,0,0,0,0,0,0,0,0,0,0,0,0,0,0,0,3,10,14,18,20,19,19,20,21,20,20,19,18,16,15,15,15,16,16,15,12,11,11,11,11,11,11,11,11,10,10,11,13,15,15,16,17,16,14,12,12,13,12,11,10,10,10,10,10,10,10,10,10,10,10,11,11,11,12,11,10,15,18,18,15,15,15,12,10,11,12,11,11,13,15,18,20,19,17,14,11,12,12,12,11,11,11,11,12,12,11,11,12,13,13,12,12,12,11,9,8,7,6,6,7,9,10,11,11,11,12,14,14,14,13,13,13,13,13,14,14,14,14,14,13,13,14,14,14,13,12,13,16,19,19,19,19,18,18,19,18,16,14,13,12,11,10,10,9,9,9,9,10,10,10,10,10,10,10,9,10,10,10,10,13,13,12,11,13,14,15,15,16,16,12,7,5,8,10,10,10,10,10,10,10,11,12,11,10,11,14,16,17,16,15,13,13,16,17,17,15,12,7,3,2,2,2,2,3,3,3,3,3,3,0,0,0,0,0,0,0,0,0,0
0,0,0,0,0,0,0,0,0,0,0,0,0,0,0,0,4,10,14,18,19,18,18,20,21,20,19,19,19,17,15,15,15,16,16,15,12,10,11,11,11,11,11,11,11,10,11,14,18,19,17,16,17,17,16,14,14,14,12,11,11,10,10,10,11,11,10,10,10,10,10,10,11,11,12,12,11,11,16,18,18,17,15,12,9,11,12,11,11,12,14,16,17,18,16,14,12,12,12,12,12,11,11,11,11,12,12,12,12,13,13,12,11,9,7,4,3,4,4,3,4,6,7,7,6,7,9,11,13,13,13,12,13,13,13,14,15,15,14,14,13,12,13,14,14,13,12,14,17,19,20,19,19,19,19,18,17,14,11,9,9,9,9,9,10,9,9,10,10,10,10,10,10,10,10,10,10,10,10,11,13,14,14,12,12,14,15,15,15,15,12,7,5,7,10,10,10,10,10,10,10,11,11,11,11,11,12,13,14,15,15,14,13,15,18,17,16,12,8,5,2,2,2,3,3,3,3,3,3,3,0,0,0,0,0,0,0,0,0,0
0,0,0,0,0,0,0,0,0,0,0,0,0,0,0,0,5,10,15,19,18,17,18,20,20,20,18,18,17,16,15,14,15,15,15,14,11,10,11,11,11,11,11,11,10,11,13,15,17,18,18,18,18,18,15,13,13,12,12,12,12,11,10,10,11,11,11,10,10,10,10,10,11,11,11,11,12,14,16,17,17,16,15,13,10,11,12,12,12,13,16,18,18,17,15,13,14,13,13,12,12,12,11,12,11,12,13,13,13,12,11,9,7,5,4,3,2,3,4,3,3,4,5,4,4,5,6,9,11,12,13,13,13,13,13,14,14,14,14,13,12,12,13,13,13,13,13,15,18,20,19,19,19,19,18,16,14,12,11,10,9,9,10,10,10,10,9,9,10,10,11,11,10,10,10,9,9,10,11,11,13,15,15,12,11,13,14,14,14,15,13,9,5,6,10,10,10,9,10,11,10,10,11,11,11,12,13,12,13,14,15,14,13,14,17,18,16,13,8,5,3,3,3,3,3,3,3,3,3,3,0,0,0,0,0,0,0,0,0,0
0,0,0,0,0,0,0,0,0,0,0,0,0,0,0,0,6,10,15,19,18,17,17,19,20,19,19,18,16,14,14,15,15,15,14,12,12,12,12,12,11,11,11,10,10,12,15,17,17,16,17,17,17,16,13,11,11,12,12,12,12,11,11,11,11,11,11,11,11,11,10,11,11,12,11,11,13,16,17,17,17,17,17,15,12,11,12,12,12,13,17,19,17,15,14,12,13,13,13,13,13,13,13,12,13,14,15,14,12,10,8,5,4,3,4,4,4,3,4,4,4,4,4,3,3,4,5,7,9,11,12,12,13,13,13,13,13,13,13,12,12,12,13,13,12,12,13,16,19,20,19,19,19,19,17,14,11,10,10,9,9,10,11,11,10,10,9,9,9,10,10,10,9,9,10,10,9,10,12,12,12,15,16,13,11,12,14,15,15,15,14,10,5,5,8,10,10,9,10,11,10,10,12,13,12,12,13,14,14,15,16,14,13,14,16,18,17,14,9,5,3,3,3,3,3,3,3,2,2,2,0,0,0,0,0,0,0,0,0,0
0,0,0,0,0,0,0,0,0,0,0,0,0,0,0,0,7,12,16,19,18,16,17,19,20,19,19,18,16,14,14,15,15,14,13,12,13,13,13,12,12,12,11,10,10,13,16,18,18,15,15,16,15,13,12,12,13,13,13,12,11,11,11,10,10,10,11,11,11,11,11,11,12,13,13,13,14,16,17,19,19,18,19,19,15,12,11,12,11,12,15,17,17,15,13,12,12,12,12,12,13,13,14,15,16,16,15,14,10,7,5,3,3,3,4,4,4,4,4,4,4,4,4,4,3,3,4,6,7,9,10,12,13,13,13,13,13,13,13,12,12,12,13,12,12,12,14,17,19,20,19,19,19,18,16,13,11,10,10,10,10,11,12,12,10,9,9,9,9,10,10,10,9,9,10,10,10,11,13,13,12,14,16,15,12,12,15,16,16,15,14,11,6,5,8,11,10,9,10,11,11,10,12,15,15,14,14,15,15,15,16,15,13,13,16,17,17,14,10,6,3,3,3,3,3,3,3,3,2,2,0,0,0,0,0,0,0,0,0,0
0,0,0,0,0,0,0,0,0,0,0,0,0,0,0,0,8,12,16,19,19,17,17,19,21,20,18,16,13,11,12,13,12,11,12,13,13,12,12,12,11,11,11,12,13,16,17,18,17,17,16,16,17,16,15,13,14,13,12,12,11,11,10,10,10,10,11,11,12,12,11,11,11,12,12,12,12,14,15,16,16,17,19,18,16,13,11,11,11,12,15,17,17,15,13,12,12,12,12,13,14,15,16,16,17,16,13,10,6,4,4,3,3,3,3,3,4,3,3,3,4,4,4,4,4,3,3,4,4,6,8,12,14,14,14,14,14,14,13,12,12,12,12,11,11,12,16,19,20,20,19,19,19,18,15,12,11,10,10,10,11,12,12,12,10,9,9,10,10,10,10,10,10,10,11,11,10,11,14,14,13,13,16,16,13,11,14,16,16,15,14,12,7,5,8,10,10,9,9,11,11,10,11,15,18,17,15,15,15,15,15,16,14,13,15,17,17,15,10,6,3,3,3,3,3,3,3,3,3,2,0,0,0,0,0,0,0,0,0,0
0,0,0,0,0,0,0,0,0,0,0,0,0,0,0,0,9,13,16,19,19,17,18,20,21,18,16,14,11,9,8,8,6,7,10,12,13,13,13,12,11,12,13,15,17,17,18,20,20,19,19,19,20,18,17,16,15,13,11,11,11,10,10,10,10,10,11,12,12,12,11,11,11,11,11,11,12,14,15,14,14,15,19,20,19,15,12,11,11,13,16,18,17,15,13,13,12,12,13,14,15,17,18,18,16,13,9,6,4,2,3,3,3,3,3,3,3,3,3,3,3,3,3,3,3,3,3,3,3,4,6,10,13,14,14,14,15,14,13,13,13,12,12,12,12,13,17,19,20,20,20,19,18,17,15,14,13,12,12,12,12,12,11,10,9,9,10,11,10,10,10,10,10,10,11,11,10,11,13,14,13,12,14,16,14,11,14,16,16,16,15,13,7,4,6,9,10,9,9,10,11,10,10,13,17,17,15,15,16,16,16,15,14,13,15,17,18,16,11,6,3,4,3,3,3,3,3,3,3,1,0,0,0,0,0,0,0,0,0,0
0,0,0,0,0,0,0,0,0,0,0,0,0,0,0,0,10,13,17,20,20,18,18,20,20,16,13,11,8,5,5,5,5,6,7,9,11,13,16,17,18,17,17,17,16,16,17,18,19,19,18,16,15,13,12,12,11,11,11,10,10,10,10,10,10,11,11,11,11,11,12,12,12,12,12,13,16,18,18,18,16,16,18,19,18,15,12,11,13,15,17,18,17,14,12,12,12,12,12,13,14,16,18,18,16,12,8,7,4,3,2,2,3,3,2,3,3,3,3,4,4,4,3,3,3,3,3,3,3,4,6,8,12,14,14,14,14,13,13,14,15,13,12,12,14,13,13,16,18,20,20,20,18,17,16,16,15,14,13,12,11,11,10,9,10,10,11,11,10,10,10,10,10,11,10,10,10,11,13,13,12,12,14,15,14,13,13,15,16,15,15,13,8,5,6,9,10,9,9,9,10,10,10,12,16,17,15,15,15,16,16,16,15,14,15,17,18,16,11,7,4,3,3,3,3,3,3,3,3,1,0,0,0,0,0,0,0,0,0,0
0,0,0,0,0,0,0,0,0,0,0,0,0,0,0,0,12,14,17,19,20,19,19,19,18,15,12,9,6,4,4,7,9,9,7,4,6,10,14,17,19,20,19,17,16,16,16,17,18,18,17,15,13,11,8,8,10,10,11,11,11,11,11,11,11,11,11,11,11,11,12,12,13,13,13,16,18,20,20,20,19,19,19,19,17,14,12,12,15,17,17,17,15,14,12,12,12,12,12,12,13,15,17,16,15,13,10,8,5,3,3,2,3,3,2,2,3,3,3,3,4,4,4,3,3,3,3,3,3,3,3,6,12,15,16,15,14,13,13,14,16,15,13,13,15,16,15,15,17,19,20,20,19,18,18,17,15,13,11,11,10,10,10,10,11,12,11,10,10,9,10,10,10,11,10,10,10,11,12,13,12,11,13,15,14,11,12,13,14,15,15,14,9,4,5,9,10,10,8,9,10,11,11,12,14,15,16,15,15,16,16,16,15,14,15,17,18,16,11,7,4,3,3,3,2,2,2,3,3,1,0,0,0,0,0,0,0,0,0,0
0,0,0,0,0,0,0,0,0,0,0,0,0,0,0,0,11,13,16,18,19,18,18,18,17,14,12,9,5,4,6,9,11,11,10,6,4,6,9,11,14,17,19,19,18,17,16,17,18,18,17,16,14,12,12,12,12,11,11,11,11,11,11,11,10,10,11,11,11,11,12,12,12,13,16,18,20,20,19,18,19,20,21,20,17,14,13,13,14,15,14,12,12,12,12,12,11,10,10,10,11,14,16,16,15,14,12,9,5,3,3,3,3,3,2,2,2,3,3,3,3,3,3,3,3,3,3,3,3,3,3,5,10,14,16,15,14,13,12,12,14,17,17,16,16,18,18,17,18,20,20,19,18,18,18,17,14,12,11,10,9,10,11,11,12,12,10,10,9,10,10,10,10,11,10,10,10,10,12,13,12,10,12,15,14,11,12,14,16,15,15,14,9,3,4,9,10,10,9,8,9,10,12,13,14,15,15,16,16,16,16,16,15,14,15,17,18,17,12,8,4,3,3,3,3,2,2,2,2,0,0,0,0,0,0,0,0,0,0,0
0,0,0,0,0,0,0,0,0,0,0,0,0,0,0,0,11,13,16,19,19,19,18,18,17,13,11,7,4,4,7,10,10,11,11,9,5,3,5,8,10,12,14,15,18,18,17,15,17,18,17,15,14,13,12,12,12,12,11,11,11,11,11,11,11,10,10,11,10,10,11,11,12,13,15,17,19,20,18,16,18,19,18,17,15,14,13,12,12,12,12,12,11,11,13,13,11,9,9,10,10,11,15,16,15,15,13,10,5,3,3,3,3,3,3,3,3,3,3,3,3,3,3,3,3,3,3,3,3,3,4,5,8,13,16,16,15,13,12,12,11,12,15,17,18,17,17,18,18,17,17,17,17,18,18,17,14,12,11,10,10,10,11,11,11,10,9,9,10,10,10,10,10,10,10,10,10,10,11,13,12,10,12,16,16,13,11,14,18,17,15,14,10,4,4,8,10,10,9,8,9,10,13,14,15,15,15,15,15,16,16,16,15,14,15,18,19,17,14,9,5,2,3,3,3,2,2,2,2,0,0,0,0,0,0,0,0,0,0,0
0,0,0,0,0,0,0,0,0,0,0,0,0,0,0,1,10,13,17,20,20,18,17,18,17,13,9,6,3,4,8,10,10,10,12,11,7,3,3,4,7,10,11,12,14,18,19,17,16,17,18,18,16,13,11,11,11,11,10,11,11,11,11,11,11,11,11,11,11,10,11,11,11,11,11,13,16,19,19,16,16,17,17,15,14,14,13,13,13,12,13,13,12,12,12,12,11,10,8,8,9,9,11,14,15,15,15,11,6,4,3,3,3,3,3,4,3,3,3,3,3,3,3,3,3,3,3,3,3,3,4,5,8,13,17,17,16,14,12,11,11,11,12,15,19,20,19,19,20,19,17,16,17,18,19,18,15,12,10,10,11,11,11,10,9,9,9,9,10,11,10,10,10,10,10,9,9,11,12,13,13,11,12,16,16,13,11,13,15,16,15,14,11,6,4,8,10,10,10,9,9,10,13,15,16,16,16,15,15,16,16,16,15,14,15,17,18,17,14,10,6,3,3,3,3,2,2,2,3,0,0,0,0,0,0,0,0,0,0,0
0,0,0,0,0,0,0,0,0,0,0,0,0,0,0,2,10,13,17,21,20,18,17,18,17,12,7,4,3,3,6,8,7,7,7,6,5,4,3,4,5,7,10,12,13,15,18,18,17,16,18,19,19,17,14,12,12,12,12,12,12,12,12,11,11,11,12,11,11,11,11,11,11,11,11,12,14,16,18,16,15,16,16,15,14,15,16,15,16,16,15,14,12,11,10,10,9,8,7,8,9,10,11,13,15,16,15,12,7,4,3,3,3,3,3,3,4,4,4,4,4,3,3,3,3,3,3,3,3,3,4,5,8,13,17,18,17,15,13,12,12,12,12,13,15,17,18,19,20,20,17,16,18,19,18,15,13,10,10,11,11,11,10,9,9,9,10,10,10,10,10,10,10,10,10,9,10,12,13,14,14,12,12,16,17,14,11,12,15,16,16,15,12,6,4,7,10,11,10,9,9,10,13,15,15,16,16,16,16,16,17,16,14,13,14,17,18,17,14,11,7,3,3,2,3,3,3,3,2,0,0,0,0,0,0,0,0,0,0,0
0,0,0,0,0,0,0,0,0,0,0,0,0,0,0,2,10,13,18,20,20,18,19,19,17,12,6,3,2,3,5,5,5,5,3,5,5,5,5,5,5,5,5,7,10,13,14,14,15,15,15,16,18,19,19,15,13,12,13,13,12,13,13,12,11,11,12,12,11,11,11,11,12,12,12,13,14,14,16,18,16,15,16,16,15,15,16,17,17,17,16,15,13,10,9,9,8,7,8,10,11,12,13,13,15,16,15,11,6,3,3,3,3,3,3,3,3,3,3,4,4,3,3,3,3,3,4,4,3,4,5,6,9,13,17,18,18,16,15,14,12,12,12,12,13,14,16,18,19,20,17,16,17,18,16,12,10,10,11,11,11,10,10,9,9,9,10,10,10,10,10,10,10,10,10,9,9,12,14,15,15,13,13,16,17,15,11,12,15,17,16,15,12,6,4,7,10,11,10,10,9,10,14,16,16,16,16,15,16,16,17,17,15,14,15,17,18,17,15,12,7,3,2,2,3,3,3,2,3,0,0,0,0,0,0,0,0,0,0,0
0,0,0,0,0,0,0,0,0,0,0,0,0,0,0,3,11,14,18,21,20,18,19,20,19,16,14,10,5,3,4,5,6,7,9,9,9,9,8,8,6,5,5,6,7,9,9,9,10,12,12,12,13,15,16,15,13,12,11,11,11,10,10,11,11,11,11,12,11,11,11,12,13,13,13,14,16,15,15,17,19,18,16,16,16,16,17,18,18,17,16,14,13,11,9,9,10,12,13,14,15,16,15,15,16,16,14,10,4,2,3,3,3,3,3,3,3,3,3,4,4,4,3,3,3,4,5,5,5,4,6,8,10,14,17,18,18,17,15,14,13,12,12,12,13,14,16,18,20,20,18,18,18,18,14,11,11,13,13,12,11,10,10,10,10,9,10,10,11,10,10,9,9,10,10,10,11,13,15,15,15,13,13,16,17,15,11,12,15,17,16,15,12,6,4,7,10,11,11,10,10,10,13,16,16,15,15,16,16,16,16,16,15,14,15,17,18,18,16,13,8,3,2,2,3,3,3,2,2,0,0,0,0,0,0,0,0,0,0,0
0,0,0,0,0,0,0,0,0,0,0,0,0,0,0,4,11,15,19,21,20,19,19,20,20,19,20,19,13,7,6,9,11,13,14,14,14,14,14,12,10,8,7,8,6,5,5,6,6,7,7,8,8,10,11,13,13,12,11,11,11,10,10,10,11,12,12,12,11,11,11,11,13,14,14,15,17,17,16,17,20,21,19,16,16,17,17,17,17,17,15,13,11,10,10,11,13,14,14,15,15,15,16,16,16,14,11,7,3,3,3,4,4,4,3,3,3,3,3,4,4,4,3,3,3,4,4,5,5,4,6,9,13,16,17,18,18,17,15,13,11,12,12,12,12,13,15,17,18,18,18,18,19,17,14,12,13,14,13,11,9,9,10,10,10,10,10,11,10,9,10,11,11,11,10,10,12,14,14,14,15,15,15,17,17,15,11,11,14,16,15,14,12,7,4,6,11,12,11,10,10,11,13,16,16,15,15,16,16,16,16,16,15,14,14,17,18,18,16,13,8,3,2,2,3,3,3,2,2,0,0,0,0,0,0,0,0,0,0,0
0,0,0,0,0,0,0,0,0,0,0,0,0,0,0,5,11,15,19,22,20,18,19,20,20,19,19,21,20,18,14,13,13,14,14,15,18,19,18,14,11,10,10,10,8,6,5,5,5,4,5,6,6,6,8,10,12,13,12,11,11,11,11,11,12,12,12,12,12,12,12,11,11,12,13,15,17,19,18,17,17,20,20,18,17,17,16,14,14,13,12,11,9,11,13,14,14,14,14,14,16,18,19,18,16,11,6,4,3,3,3,3,3,4,3,3,3,2,3,3,3,3,3,3,4,4,4,3,3,4,6,10,15,16,17,17,16,16,15,15,13,12,12,12,12,11,13,15,18,18,16,16,17,16,14,14,15,15,13,10,9,10,10,11,11,11,11,11,11,12,13,15,15,14,13,14,16,16,16,16,16,16,16,17,17,15,11,10,12,15,14,14,12,8,5,7,11,12,11,10,10,12,14,16,16,15,15,16,16,16,17,17,15,14,15,17,18,18,17,14,9,4,3,3,3,3,3,2,3,0,0,0,0,0,0,0,0,0,0,0
0,0,0,0,0,0,0,0,0,0,0,0,0,0,0,5,11,14,18,21,21,19,19,20,20,19,19,20,21,19,16,13,11,12,13,15,19,20,18,14,11,12,13,12,10,6,4,5,6,7,8,9,10,10,11,10,8,9,10,11,12,12,12,12,12,12,12,13,12,12,13,14,14,14,15,16,16,17,18,18,17,18,20,20,18,16,15,14,13,13,13,12,13,14,15,15,14,13,13,14,17,18,17,16,13,7,3,3,3,4,4,3,3,3,3,3,3,2,2,2,3,3,3,2,2,3,3,3,4,5,7,12,15,16,16,16,16,15,15,14,13,12,11,11,11,11,12,13,16,17,16,14,14,15,14,15,16,16,13,10,10,10,11,11,11,11,12,13,15,17,18,19,18,17,16,17,18,18,17,17,17,17,16,17,18,16,11,9,12,14,14,14,13,9,4,6,11,12,11,10,11,12,13,15,16,15,15,16,17,16,16,16,15,14,15,17,18,18,17,15,10,4,2,3,3,2,3,3,3,0,0,0,0,0,0,0,0,0,0,0
0,0,0,0,0,0,0,0,0,0,0,0,0,0,0,6,11,14,18,21,21,19,19,20,20,19,19,19,20,20,17,12,10,11,12,16,19,19,17,13,11,13,13,13,9,5,4,6,8,11,12,13,14,13,13,12,10,7,7,8,11,12,13,14,15,16,15,15,16,17,16,17,18,18,18,18,19,19,18,17,17,18,19,19,19,18,17,15,15,15,14,15,16,16,16,15,13,12,13,14,13,12,10,8,5,3,2,4,6,7,7,6,4,3,3,3,2,2,2,2,2,3,3,3,3,3,3,4,5,5,7,12,15,15,15,16,15,15,15,14,13,12,11,11,11,12,12,12,13,15,14,12,12,15,15,16,16,16,12,9,10,10,11,11,10,12,15,19,20,20,20,19,19,19,19,19,19,18,17,17,18,18,16,17,19,17,12,8,11,15,15,14,13,10,4,5,10,13,12,11,11,12,13,15,16,16,16,16,17,17,17,17,16,15,15,17,18,18,18,16,11,5,3,3,3,2,2,3,3,0,0,0,0,0,0,0,0,0,0,0
0,0,0,0,0,0,0,0,0,0,0,0,0,0,0,6,11,14,19,21,21,19,19,19,20,20,19,19,20,20,17,13,11,11,12,15,19,19,16,11,10,10,12,11,8,4,4,7,11,13,14,14,14,14,13,13,13,12,9,6,6,9,13,14,15,17,17,17,17,18,18,18,19,19,19,19,18,18,18,18,19,19,19,19,19,18,17,16,15,15,15,16,16,16,15,14,13,12,14,15,13,10,6,2,2,3,4,6,9,9,9,8,4,2,4,3,3,3,2,2,3,3,3,3,3,3,3,4,5,5,6,11,14,15,14,14,14,14,15,17,16,14,12,12,12,11,11,12,13,13,12,11,12,15,19,20,18,15,11,9,9,10,10,10,11,12,16,18,18,17,18,18,18,19,19,19,19,19,19,19,19,18,16,15,17,17,14,9,10,14,14,13,13,12,6,4,9,13,12,11,12,13,14,16,16,16,16,16,17,17,17,17,17,15,15,17,19,18,18,16,12,6,2,3,3,3,3,3,2,0,0,0,0,0,0,0,0,0,0,0
0,0,0,0,0,0,0,0,0,0,0,0,0,0,0,7,11,14,19,22,21,19,18,19,20,19,19,19,20,21,18,14,11,11,12,15,19,19,15,11,11,12,12,10,6,4,5,9,13,14,14,14,13,13,13,13,13,13,11,8,7,9,12,14,13,13,15,15,15,15,16,17,17,15,15,17,18,17,17,19,21,21,19,18,18,18,16,14,13,14,15,15,16,15,14,12,12,13,15,17,17,15,11,7,5,5,6,7,10,11,10,8,5,2,3,3,3,3,3,2,3,3,3,3,3,3,4,4,4,5,6,11,14,14,14,14,13,13,13,15,17,16,13,11,12,11,11,11,13,13,12,12,13,16,17,17,16,15,12,10,10,11,10,11,13,15,15,15,15,13,12,14,16,17,16,15,16,17,17,18,19,19,17,14,15,15,12,8,9,13,14,13,13,13,9,5,9,14,15,13,13,14,16,17,17,16,16,16,16,16,16,17,17,16,15,17,18,18,17,16,13,8,3,2,3,3,3,2,2,0,0,0,0,0,0,0,0,0,0,0
0,0,0,0,0,0,0,0,0,0,0,0,0,0,0,7,10,14,19,21,20,18,18,19,21,20,20,20,21,21,18,14,11,10,13,17,19,18,14,10,11,13,13,12,8,4,6,11,14,15,14,13,12,12,13,13,13,13,10,7,7,9,11,14,15,13,12,12,13,14,13,13,12,12,11,12,15,17,18,20,21,21,18,16,17,18,16,14,13,15,15,15,15,14,12,12,13,15,15,16,16,17,17,15,10,6,7,10,12,12,12,10,5,2,3,3,3,3,3,3,3,3,2,2,3,3,4,4,4,5,5,9,12,13,14,15,14,13,11,12,15,16,15,13,12,12,12,12,13,13,12,11,14,16,15,15,15,14,13,12,13,14,15,16,17,19,20,19,18,16,17,17,17,18,19,18,17,16,17,17,18,20,19,14,11,11,11,8,7,11,13,13,13,13,10,6,9,15,17,15,15,16,17,17,17,16,16,16,16,17,17,17,16,16,15,17,19,19,17,16,14,8,3,2,3,3,3,2,1,0,0,0,0,0,0,0,0,0,0,0
0,0,0,0,0,0,0,0,0,0,0,0,0,0,0,7,10,14,18,21,21,19,18,19,20,21,20,20,20,19,18,14,10,10,14,18,18,16,12,10,12,14,13,10,7,5,6,13,17,16,14,13,14,14,14,14,15,14,11,8,8,9,10,15,20,19,15,11,10,11,12,14,14,14,13,13,15,17,18,18,18,18,17,16,16,16,16,15,13,14,14,13,13,13,14,15,16,17,17,15,14,15,17,16,13,10,9,11,12,13,13,11,6,2,3,4,4,3,3,3,3,3,2,2,3,3,4,4,4,4,4,5,11,13,14,16,17,14,11,11,14,16,16,14,12,12,12,12,13,13,12,11,13,16,15,14,14,14,14,15,16,16,16,15,18,20,21,21,20,20,19,17,17,18,18,17,18,19,21,20,19,19,18,13,8,6,7,7,7,10,13,14,14,13,9,5,7,13,17,17,15,15,17,17,17,16,16,16,16,16,16,17,16,16,16,17,18,19,19,17,15,10,4,2,3,4,3,3,1,0,0,0,0,0,0,0,0,0,0,0
0,0,0,0,0,0,0,0,0,0,0,0,0,0,0,8,11,14,19,21,21,19,18,19,20,20,20,20,20,20,18,14,10,12,17,19,18,14,10,10,13,14,12,9,6,6,8,11,14,15,14,14,15,16,16,16,17,15,12,8,7,8,9,11,15,19,19,15,11,10,10,11,14,16,16,17,17,18,18,17,17,17,16,14,14,14,13,13,14,14,14,15,15,15,17,18,17,17,17,17,15,14,16,17,16,13,11,12,12,12,13,12,7,3,4,7,7,5,5,4,4,3,3,3,3,4,4,4,5,4,5,4,9,13,15,17,17,17,15,14,15,17,17,15,12,12,13,13,13,13,13,12,13,16,17,15,14,13,12,13,16,16,13,12,15,20,21,20,16,13,12,12,12,11,11,13,15,17,20,21,20,18,17,14,11,11,12,9,7,9,13,14,14,14,10,5,6,12,17,18,17,18,17,17,17,17,16,16,17,16,17,17,17,16,16,18,18,19,19,18,16,11,5,3,3,4,4,3,1,0,0,0,0,0,0,0,0,0,0,0
0,0,0,0,0,0,0,0,0,0,0,0,0,0,0,8,11,14,19,22,22,20,18,19,20,20,20,20,21,21,19,14,12,15,19,20,16,12,11,13,15,14,12,9,6,7,12,15,15,15,15,16,16,16,15,15,15,15,12,8,7,8,8,8,10,13,15,16,14,13,12,11,12,15,17,17,16,17,17,18,17,18,19,18,14,12,13,15,16,17,18,19,18,17,18,17,17,17,17,17,16,14,14,15,15,15,13,11,12,12,12,12,10,7,8,10,10,9,7,6,5,3,4,5,5,5,5,6,7,6,5,4,6,11,16,17,17,17,18,17,16,17,18,17,14,12,12,13,14,14,13,11,12,16,18,16,14,15,16,15,16,16,15,14,16,19,20,18,14,10,9,9,10,10,9,10,12,13,16,18,20,20,18,15,15,18,18,14,7,7,12,15,14,14,11,6,5,11,16,18,18,18,17,17,16,16,17,17,17,17,16,16,16,16,16,17,18,18,18,18,16,11,5,3,3,4,4,3,1,0,0,0,0,0,0,0,0,0,0,0
0,0,0,0,0,0,0,0,0,0,0,0,0,0,0,8,11,14,18,21,21,20,18,19,20,21,21,21,22,21,18,13,13,18,21,20,14,11,12,15,16,14,10,7,7,10,13,16,16,16,16,16,15,15,13,11,10,11,11,10,9,9,10,10,10,11,12,14,15,14,13,13,14,15,15,16,16,16,15,15,16,17,18,17,13,10,10,13,16,19,19,19,18,17,16,16,17,17,16,17,16,16,14,13,12,12,11,11,10,11,11,12,12,12,13,13,13,12,11,10,9,7,6,8,8,8,9,9,10,9,7,6,5,8,14,17,17,17,17,18,17,15,16,17,16,14,13,13,15,16,15,12,12,15,18,16,15,16,19,19,17,16,16,17,19,21,20,16,13,11,10,10,11,11,10,10,10,10,11,14,18,19,17,14,12,12,14,14,9,6,10,14,14,13,11,6,3,9,15,17,17,17,17,16,16,17,17,17,17,17,16,16,16,16,16,17,18,18,18,18,16,12,6,3,3,4,4,3,1,0,0,0,0,0,0,0,0,0,0,0
0,0,0,0,0,0,0,0,0,0,0,0,0,0,1,8,11,14,19,21,22,19,18,18,20,21,21,21,22,21,17,14,15,20,21,17,12,10,14,16,15,11,8,7,9,12,14,15,16,17,16,15,13,12,11,10,9,9,10,10,10,9,9,9,10,11,11,11,13,14,14,13,14,17,18,17,17,18,19,19,17,16,16,17,15,11,9,11,14,17,19,18,17,16,17,18,18,18,18,17,17,17,17,16,13,11,9,10,9,9,9,10,12,14,15,14,14,14,13,13,12,14,14,13,11,10,11,12,12,11,9,7,5,5,10,15,18,17,17,17,17,14,12,15,17,16,13,13,15,18,17,14,12,14,17,17,15,16,19,20,18,16,17,18,20,21,20,17,13,11,10,10,11,11,11,11,11,11,11,12,13,13,12,12,13,14,14,13,9,5,7,12,14,14,12,9,3,6,14,17,15,14,16,16,16,16,17,17,16,16,17,16,16,16,16,17,18,18,18,18,17,13,7,2,3,3,3,3,1,0,0,0,0,0,0,0,0,0,0,0
0,0,0,0,0,0,0,0,0,0,0,0,0,0,1,9,11,14,19,22,22,20,18,18,19,21,22,22,22,21,18,17,19,21,20,15,11,12,15,16,13,10,8,10,13,15,16,15,16,17,16,14,11,10,10,10,10,10,10,10,10,9,9,9,10,10,11,11,12,13,16,16,16,16,17,18,18,19,21,21,20,19,18,18,17,14,11,10,12,15,17,17,17,16,17,18,18,17,17,17,18,17,16,16,15,14,12,11,9,7,7,8,10,11,12,13,13,14,15,12,11,12,14,15,14,13,13,14,14,13,11,8,6,3,5,11,17,19,19,18,18,18,15,13,15,17,15,13,13,17,19,17,13,12,15,18,17,18,20,20,19,18,18,18,18,18,18,16,14,12,10,10,11,11,10,10,10,11,11,11,9,8,8,9,11,13,14,14,10,5,5,10,13,14,14,12,6,5,12,16,15,12,13,16,16,16,17,17,16,16,17,16,16,16,16,17,18,19,19,19,18,14,7,3,3,3,3,2,0,0,0,0,0,0,0,0,0,0,0,0
0,0,0,0,0,0,0,0,0,0,0,0,0,0,2,9,11,14,18,21,22,20,18,18,19,21,22,22,21,20,18,17,20,21,18,12,11,14,15,13,10,9,11,14,16,16,16,16,16,16,14,12,10,9,10,10,10,10,10,10,10,10,10,10,10,11,11,11,11,10,11,14,16,17,16,17,18,19,19,19,20,20,19,19,18,16,13,10,11,12,15,16,16,15,14,15,16,16,15,16,17,16,16,15,14,14,13,11,8,7,7,8,8,9,10,10,11,13,14,13,10,8,12,14,14,14,14,15,15,14,12,10,8,5,4,6,12,18,19,19,18,18,17,15,14,14,15,14,12,13,17,19,17,14,15,17,18,18,20,20,20,19,19,17,13,14,16,16,14,12,11,11,12,12,11,10,10,11,11,10,9,7,7,7,8,10,12,14,12,7,5,9,13,14,13,12,9,6,9,16,18,15,13,15,17,17,17,17,17,17,17,16,16,16,17,17,18,19,18,19,18,15,9,4,3,4,3,3,0,0,0,0,0,0,0,0,0,0,0,0
0,0,0,0,0,0,0,0,0,0,0,0,0,0,2,9,12,14,19,22,22,19,17,18,20,21,21,22,21,19,17,18,20,21,16,12,12,15,14,11,8,9,13,16,16,15,15,17,16,15,12,10,9,9,9,10,10,10,10,9,10,10,10,10,11,11,11,10,10,10,9,10,13,16,17,16,16,16,17,17,18,19,19,19,19,18,15,12,11,12,13,14,15,15,14,14,15,15,15,14,15,16,16,15,13,13,11,10,7,7,8,9,9,10,10,9,9,10,12,14,13,12,11,13,14,13,13,13,14,13,12,11,9,7,5,4,4,8,14,17,19,19,18,18,16,15,14,14,14,13,14,17,18,17,14,15,17,18,19,20,19,18,19,19,17,16,16,17,17,14,12,10,11,12,12,11,11,12,11,11,11,10,10,10,12,12,11,12,12,8,5,8,13,14,13,12,9,7,9,15,19,18,16,15,16,18,18,18,17,16,17,16,16,16,18,18,18,19,18,18,18,16,10,4,3,4,4,3,0,0,0,0,0,0,0,0,0,0,0,0
0,0,0,0,0,0,0,0,0,0,0,0,0,0,2,8,11,14,18,22,22,19,17,18,20,20,21,22,21,19,18,19,21,20,15,11,12,14,13,10,8,11,14,16,16,16,15,16,15,13,10,9,9,9,9,10,10,10,10,10,10,10,10,10,10,10,10,9,9,9,9,9,9,11,13,14,13,13,14,15,16,18,19,18,19,19,18,15,13,11,11,12,15,17,16,14,14,16,15,14,14,15,15,14,12,10,9,9,8,7,9,10,10,9,10,10,11,12,12,13,12,11,10,11,11,11,10,11,11,11,11,11,11,9,7,7,6,7,8,12,16,17,18,18,17,16,14,14,15,14,13,14,15,16,15,13,15,19,20,19,17,16,16,18,20,18,17,16,14,12,12,12,11,12,12,12,11,12,12,11,11,12,13,13,14,14,13,12,11,9,6,8,12,14,14,13,10,8,9,14,18,19,17,15,16,19,19,19,17,16,16,16,16,16,18,18,18,19,18,18,18,16,11,5,3,4,4,3,0,0,0,0,0,0,0,0,0,0,0,0
0,0,0,0,0,0,0,0,0,0,0,0,0,0,2,8,12,14,17,21,22,19,17,18,20,21,22,23,21,17,16,19,21,19,13,11,13,13,12,10,10,13,15,16,16,17,16,14,12,9,7,7,9,10,10,10,10,10,10,10,11,11,11,10,10,10,10,9,10,10,9,8,8,9,9,10,10,9,9,10,12,14,16,17,18,19,18,18,16,14,12,11,13,15,16,15,14,14,15,14,14,15,15,13,11,10,10,10,10,11,12,12,13,13,13,13,12,13,14,14,13,12,10,10,8,9,8,8,9,11,11,11,11,10,9,12,15,14,12,10,9,13,15,17,17,16,14,13,14,15,14,13,12,13,14,14,16,19,21,19,16,15,15,14,15,17,17,16,14,12,11,11,11,11,12,11,11,12,13,12,11,12,13,13,13,14,14,13,12,9,6,6,10,13,13,13,11,9,9,13,17,19,18,16,16,18,19,18,16,17,17,17,16,16,18,19,19,18,18,18,18,17,12,5,2,4,4,3,0,0,0,0,0,0,0,0,0,0,0,0
0,0,0,0,0,0,0,0,0,0,0,0,0,0,4,9,12,14,18,21,22,20,17,18,20,21,22,22,20,17,18,21,21,17,12,12,13,13,12,12,13,14,15,16,15,14,13,11,9,7,8,8,8,8,9,9,10,10,10,10,11,11,11,11,10,10,10,10,10,10,9,8,8,9,9,9,7,7,7,7,7,9,11,13,15,16,17,18,18,16,13,12,13,14,16,15,14,14,15,15,15,15,15,13,11,12,13,13,13,14,14,15,17,17,16,15,14,14,15,15,14,12,11,10,10,9,7,7,8,11,11,11,11,11,11,13,17,19,18,17,16,15,15,15,17,17,15,12,12,14,15,14,12,12,12,12,13,17,20,19,17,16,16,15,14,15,18,17,14,12,12,11,11,11,12,11,11,12,13,14,13,12,12,12,12,13,13,13,11,8,5,6,10,13,14,14,11,8,8,12,17,19,18,17,16,18,19,18,16,17,18,18,17,17,18,19,19,18,18,18,18,17,12,6,2,3,4,3,0,0,0,0,0,0,0,0,0,0,0,0
0,0,0,0,0,0,0,0,0,0,0,0,0,0,4,9,11,13,18,22,22,20,17,18,20,21,22,21,20,19,20,22,20,15,11,12,13,12,12,14,15,16,15,15,14,12,10,9,8,9,9,9,9,10,10,9,10,10,10,10,10,11,11,11,11,11,10,10,10,10,10,9,8,9,10,10,10,9,8,7,7,8,9,9,11,13,14,16,17,16,14,14,15,16,16,16,15,15,15,15,15,15,15,13,12,13,15,16,16,16,16,17,18,19,18,17,17,17,17,16,15,14,12,10,9,10,9,7,7,10,11,12,12,12,13,14,17,19,20,20,20,19,18,17,17,18,16,13,11,13,15,15,13,12,12,11,12,14,17,20,18,16,16,17,15,15,17,19,16,12,11,12,12,11,11,11,11,11,13,15,15,14,12,11,12,12,12,11,10,9,5,4,8,13,14,12,10,7,7,13,17,18,17,16,16,18,19,18,17,17,17,17,17,17,19,19,19,19,19,19,18,17,13,6,3,3,4,3,0,0,0,0,0,0,0,0,0,0,0,0
0,0,0,0,0,0,0,0,0,0,0,0,0,0,3,8,12,13,16,22,23,20,17,18,21,22,21,20,19,19,21,21,17,13,11,12,12,11,11,14,16,16,16,14,11,8,8,8,8,9,8,9,9,10,10,10,10,9,10,10,10,10,11,11,12,11,10,10,10,10,10,10,10,10,10,10,9,10,9,9,9,10,11,9,7,8,10,12,15,15,14,15,16,17,17,16,15,15,15,15,15,15,15,14,14,15,16,16,16,16,17,18,18,18,18,19,19,19,19,19,17,16,15,13,13,12,11,9,7,8,10,12,11,11,12,14,15,16,18,18,18,18,18,18,17,17,17,15,12,12,14,16,15,14,14,14,14,14,15,17,19,17,14,12,13,14,16,19,18,15,11,11,12,12,11,11,11,11,11,13,15,15,13,11,11,12,12,13,14,13,8,4,6,12,13,12,8,6,8,14,17,18,15,14,15,17,18,18,17,17,18,17,17,17,18,19,18,18,18,19,18,18,13,7,4,4,4,3,0,0,0,0,0,0,0,0,0,0,0,0
0,0,0,0,0,0,0,0,0,0,0,0,0,0,4,7,12,14,17,21,23,20,16,17,21,22,21,19,19,20,21,19,15,11,12,12,11,11,12,15,16,16,15,12,10,8,8,9,9,8,8,9,9,10,10,10,11,10,10,10,10,10,10,11,12,11,11,10,10,10,10,10,10,10,9,10,9,9,10,9,9,10,12,12,11,10,9,7,6,9,11,14,17,17,16,17,19,18,16,15,15,15,15,15,14,15,15,16,17,17,17,17,17,17,18,17,18,19,20,20,19,18,18,18,16,16,14,12,10,8,9,11,11,11,11,11,13,14,15,16,17,16,16,16,17,16,16,17,15,13,14,16,17,15,14,15,15,15,14,16,19,20,17,14,13,13,13,15,17,17,13,11,11,12,12,12,12,12,12,12,14,15,15,12,11,11,10,11,14,16,14,7,5,11,14,12,8,7,9,14,17,18,16,15,15,17,18,17,17,17,17,17,17,17,18,19,18,18,18,18,19,18,14,7,4,4,4,3,0,0,0,0,0,0,0,0,0,0,0,0
0,0,0,0,0,0,0,0,0,0,0,0,0,0,4,8,11,15,18,21,22,20,17,16,21,23,21,18,20,21,20,16,12,11,13,12,11,11,13,15,16,15,14,11,9,9,10,10,9,9,9,10,11,11,10,10,10,11,10,10,10,10,10,11,12,11,11,10,10,10,10,10,9,9,10,10,10,10,10,10,10,10,11,13,13,12,12,12,10,8,8,9,11,12,13,14,16,17,17,16,15,15,15,15,14,15,14,13,14,16,17,18,18,18,18,18,18,19,19,20,20,19,19,19,18,18,15,12,10,10,10,11,12,12,13,15,15,14,12,11,12,14,15,15,15,15,14,16,16,15,14,16,17,16,15,15,15,15,15,15,17,19,17,13,11,13,15,15,16,16,14,12,12,12,12,12,12,13,13,14,14,14,15,14,12,12,12,12,14,15,14,10,7,10,12,11,9,8,9,13,17,18,17,17,17,18,18,17,17,18,18,17,16,17,19,19,18,18,18,18,19,18,15,8,3,4,4,2,0,0,0,0,0,0,0,0,0,0,0,0
0,0,0,0,0,0,0,0,0,0,0,0,0,0,4,8,11,14,18,22,22,20,17,17,21,23,20,17,19,20,19,14,11,11,12,12,11,13,15,16,15,14,12,10,9,10,11,11,10,10,10,10,10,10,10,11,11,11,11,11,11,10,10,11,11,11,11,11,10,9,10,10,10,10,10,11,10,10,9,10,10,11,12,12,13,13,14,15,15,13,10,8,9,10,9,8,9,12,14,15,14,14,14,14,14,15,17,18,16,15,16,17,17,18,18,18,18,18,18,18,18,19,19,19,18,18,17,14,11,10,12,14,14,14,15,14,15,14,12,11,10,10,10,9,11,12,13,13,15,16,15,14,14,16,17,16,16,15,15,15,15,16,15,13,11,12,15,15,16,15,12,12,12,12,12,12,12,12,13,15,15,14,13,14,13,13,12,12,13,14,14,10,8,10,12,12,10,9,10,12,16,18,17,16,16,18,18,18,17,17,18,17,16,16,19,19,18,18,19,19,19,18,15,9,3,2,4,2,0,0,0,0,0,0,0,0,0,0,0,0
0,0,0,0,0,0,0,0,0,0,0,0,0,0,4,7,10,14,18,21,22,20,17,18,22,23,20,17,19,20,17,11,10,12,12,11,11,13,15,16,15,13,11,9,10,11,11,11,11,11,10,10,10,10,11,11,12,11,11,10,10,10,11,11,11,11,11,11,10,9,9,10,10,11,11,11,11,10,9,9,10,11,13,13,14,15,16,17,18,18,18,18,16,15,13,13,12,12,11,10,11,11,12,14,15,16,18,20,19,17,15,16,17,17,18,18,18,18,19,19,18,18,18,18,18,18,18,16,13,11,11,12,14,16,17,15,15,15,14,12,10,10,9,9,9,10,12,13,14,17,19,16,13,13,16,17,16,15,15,15,14,12,12,13,12,12,14,16,16,15,13,12,11,12,12,12,12,13,13,15,15,15,14,13,13,13,13,13,13,14,13,10,8,8,10,12,11,10,10,11,15,17,17,16,15,17,18,18,17,17,18,17,16,17,18,19,19,18,18,19,19,19,16,10,3,2,4,2,0,0,0,0,0,0,0,0,0,0,0,0
0,0,0,0,0,0,0,0,0,0,0,0,0,0,5,7,11,14,18,21,22,20,17,18,22,22,19,17,20,20,15,10,11,13,12,11,12,14,15,14,13,11,10,10,11,11,11,11,11,11,11,10,10,11,11,12,12,11,11,10,10,10,10,11,11,11,11,11,10,9,10,10,10,11,11,10,10,10,10,10,10,12,14,17,18,18,19,20,19,19,19,19,19,19,19,19,18,17,17,15,13,11,10,10,12,14,17,18,18,19,18,18,18,17,16,16,17,18,19,19,19,19,19,19,18,19,19,17,15,13,11,11,12,15,17,17,16,15,14,13,11,10,10,10,10,11,12,12,13,16,19,19,16,13,13,15,16,15,14,15,14,12,12,12,13,13,13,15,16,14,12,11,11,11,12,12,12,13,14,15,16,16,15,13,12,12,13,13,14,14,14,11,9,9,10,11,11,9,9,10,14,16,17,16,16,17,18,18,17,17,17,17,17,17,18,19,19,19,19,19,19,19,17,11,4,3,4,2,0,0,0,0,0,0,0,0,0,0,0,0
0,0,0,0,0,0,0,0,0,0,0,0,0,0,5,7,10,14,18,21,22,19,16,18,22,21,18,17,20,19,13,9,11,13,12,11,13,15,14,12,11,10,9,9,11,11,11,12,12,12,11,10,10,11,11,11,11,11,11,11,11,11,11,11,11,11,11,11,11,10,10,10,10,10,11,11,11,10,10,10,10,13,17,19,20,20,20,20,20,19,19,19,19,19,19,19,20,21,21,20,18,16,14,12,11,12,14,16,17,17,18,18,19,19,18,17,17,17,18,19,19,19,19,19,19,19,20,19,17,15,13,12,11,13,15,16,17,16,14,12,11,10,11,10,9,9,11,12,12,14,16,19,19,17,14,15,15,16,15,13,13,12,11,11,12,13,14,15,15,15,12,11,10,11,11,12,13,13,13,14,15,16,16,15,13,12,12,13,14,15,14,11,9,8,9,10,10,9,8,9,13,15,17,17,16,16,18,18,17,17,18,18,17,17,18,19,19,19,19,19,19,19,18,12,5,3,4,1,0,0,0,0,0,0,0,0,0,0,0,0
0,0,0,0,0,0,0,0,0,0,0,0,0,0,5,8,11,14,18,22,24,20,17,18,21,20,18,18,20,18,12,9,12,12,11,11,15,14,12,10,10,10,9,10,11,11,11,12,12,12,12,11,11,11,11,11,11,12,12,12,12,12,12,11,11,11,11,11,11,10,10,10,10,10,11,11,11,10,10,10,11,15,18,20,20,20,20,20,19,19,19,19,19,19,19,19,20,20,20,20,20,19,18,16,14,12,10,12,15,17,17,18,18,19,21,21,21,19,19,19,19,19,19,19,19,19,19,19,19,17,16,14,13,15,18,18,17,15,14,13,11,9,9,9,9,8,10,11,12,11,11,15,18,19,17,16,15,15,14,12,11,11,11,11,12,15,17,17,15,14,12,11,11,11,11,12,13,14,14,14,14,15,16,16,14,13,12,13,13,14,14,11,9,8,9,9,9,8,8,8,11,14,16,17,17,16,17,18,18,17,18,18,17,17,19,19,19,19,19,19,19,19,18,13,5,2,4,1,0,0,0,0,0,0,0,0,0,0,0,0
0,0,0,0,0,0,0,0,0,0,0,0,0,0,5,8,11,14,18,22,23,20,17,19,22,21,19,20,21,17,11,10,12,12,10,12,15,14,11,9,10,11,10,10,11,11,11,12,12,12,12,12,12,11,12,12,12,12,12,12,12,12,12,12,12,11,11,11,11,10,10,10,11,11,11,11,11,10,10,10,12,16,19,21,21,21,20,20,19,19,19,19,19,19,20,20,20,19,19,20,20,20,19,17,16,15,13,11,12,16,18,18,18,19,19,21,22,22,19,18,18,19,20,20,20,19,18,19,19,18,16,15,14,17,19,19,18,17,17,16,13,11,11,10,9,9,8,9,11,12,11,12,14,19,19,18,17,16,15,13,12,11,11,11,12,16,18,18,16,13,11,11,11,11,11,12,13,15,15,14,13,13,15,16,15,14,13,13,13,14,14,12,10,9,9,9,9,8,7,8,10,13,15,17,17,16,16,18,18,18,17,17,17,18,19,20,19,19,19,19,18,19,18,14,7,3,4,1,0,0,0,0,0,0,0,0,0,0,0,0
0,0,0,0,0,0,0,0,0,0,0,0,0,0,5,8,11,14,19,22,21,18,16,19,21,21,20,21,20,16,11,10,12,12,11,12,14,12,9,9,11,11,10,10,11,11,11,11,12,12,12,12,12,12,12,12,12,12,12,12,12,12,12,12,12,11,11,11,10,11,11,11,11,12,11,11,10,11,11,11,13,17,20,21,22,21,21,20,19,19,19,19,20,20,20,20,20,20,19,19,19,19,19,18,16,16,15,12,11,14,18,18,18,19,20,20,20,20,20,19,18,18,18,19,19,19,18,18,18,19,17,15,14,17,19,18,17,16,16,15,14,12,10,10,11,12,10,9,9,10,11,11,11,13,16,18,19,18,16,14,14,13,12,12,14,17,19,18,15,15,14,12,10,10,11,11,13,14,15,15,13,13,14,15,15,15,14,13,13,13,14,13,11,10,10,10,10,9,9,9,10,12,15,16,16,16,15,17,19,18,17,17,18,18,19,20,19,19,19,19,18,19,19,14,7,3,4,0,0,0,0,0,0,0,0,0,0,0,0,0
0,0,0,0,0,0,0,0,0,0,0,0,0,1,5,8,11,15,19,21,18,15,15,19,21,19,19,20,19,14,10,11,12,12,11,13,14,12,10,10,11,11,10,10,11,11,11,11,12,12,13,13,13,12,12,12,12,12,13,13,12,13,13,12,12,12,11,11,11,11,11,11,12,13,12,11,10,11,11,12,14,18,21,21,22,21,20,20,19,19,19,20,20,20,20,20,20,20,20,20,20,19,20,19,17,16,16,15,12,12,16,18,18,19,19,20,20,21,21,21,20,18,17,17,18,19,18,18,18,19,18,16,14,16,17,17,14,12,11,10,8,5,5,6,7,8,9,9,10,10,10,11,11,10,11,15,18,18,16,14,14,14,14,15,17,18,18,16,15,16,18,16,11,10,11,12,12,13,14,14,14,13,13,14,16,16,15,14,14,14,14,13,11,10,10,11,11,10,10,10,11,12,14,16,17,17,17,18,18,19,18,19,20,19,19,19,19,19,19,19,18,18,19,16,9,4,3,0,0,0,0,0,0,0,0,0,0,0,0,0
0,0,0,0,0,0,0,0,0,0,0,0,0,1,6,9,11,15,20,21,17,12,14,20,22,19,18,19,18,13,11,12,13,11,11,14,14,11,10,11,11,11,11,11,11,11,11,11,12,12,13,13,13,13,13,13,13,13,13,13,13,13,13,12,12,12,12,11,11,12,12,12,12,12,12,11,10,10,10,12,15,18,21,21,21,21,20,20,19,19,19,19,20,20,20,20,21,21,21,20,20,20,21,21,19,17,16,17,15,12,12,16,19,19,19,19,19,20,20,20,20,20,19,17,17,18,19,18,19,19,19,17,15,16,16,14,11,7,6,5,4,4,4,4,4,5,6,7,8,9,9,10,11,11,10,10,13,15,15,13,12,13,14,16,18,18,16,14,13,15,18,19,15,12,11,13,13,13,14,14,13,13,13,14,14,16,16,14,14,15,15,13,11,10,10,10,11,11,11,10,10,12,13,14,16,17,18,19,19,19,19,20,20,20,20,19,19,19,19,19,19,19,19,16,10,4,4,0,0,0,0,0,0,0,0,0,0,0,0,0
0,0,0,0,0,0,0,0,0,0,0,0,0,1,6,9,12,15,20,22,19,12,13,20,23,20,18,19,17,13,11,13,13,11,12,15,14,11,10,11,11,11,11,12,11,11,11,11,12,12,13,13,13,13,13,13,13,13,13,13,13,13,13,13,13,13,12,12,12,12,12,12,12,12,12,11,11,11,11,11,15,20,22,22,21,22,21,20,20,20,19,20,20,20,20,20,21,21,21,20,20,19,20,21,21,19,16,17,17,15,11,12,17,19,19,19,20,19,19,18,18,19,19,18,17,17,19,19,19,19,19,17,16,15,13,10,8,5,4,4,5,5,5,5,6,7,7,7,8,9,9,10,13,12,10,8,8,10,12,12,12,12,13,14,14,14,13,12,11,13,15,17,17,15,13,14,14,13,14,14,13,13,14,14,13,14,16,16,15,15,16,14,11,10,10,10,10,11,11,11,11,11,11,12,14,15,15,16,18,18,18,19,19,19,20,20,19,19,19,19,19,20,20,17,10,4,3,0,0,0,0,0,0,0,0,0,0,0,0,0
0,0,0,0,0,0,0,0,0,0,0,0,0,2,5,9,12,14,19,23,21,16,16,20,22,20,18,18,16,12,11,13,13,11,13,15,15,11,10,11,11,11,11,12,11,11,12,12,12,12,13,13,12,12,12,12,13,13,12,12,12,13,13,13,13,13,13,12,13,13,13,12,12,12,12,11,11,11,11,11,14,19,22,22,21,21,21,21,20,20,21,20,21,21,21,21,21,21,21,20,20,20,20,20,20,20,18,15,15,15,13,11,14,17,19,19,19,19,18,18,18,18,19,19,18,17,18,19,19,18,18,17,15,12,9,6,4,4,4,4,3,5,6,6,6,7,9,10,12,11,10,9,10,11,10,8,7,8,9,10,12,12,12,13,13,12,12,12,13,14,14,14,14,14,14,14,13,13,13,14,14,14,14,14,14,14,14,16,15,14,16,18,16,13,11,10,11,11,11,10,10,10,10,11,12,13,13,13,15,18,18,18,18,19,19,20,19,19,19,19,18,19,20,17,10,3,3,0,0,0,0,0,0,0,0,0,0,0,0,0
0,0,0,0,0,0,0,0,0,0,0,0,0,2,5,10,12,14,18,23,22,18,18,21,21,18,18,18,15,12,11,14,13,12,13,16,15,12,11,11,11,11,12,12,12,12,12,12,12,13,13,12,12,12,12,12,12,12,12,12,12,12,13,13,13,13,13,13,13,13,13,12,12,12,11,11,11,11,11,11,14,18,22,22,20,20,21,22,21,20,21,21,20,20,21,21,21,21,21,20,20,21,21,20,20,20,19,15,12,11,12,12,12,16,18,19,17,17,18,18,19,19,19,19,18,18,19,19,18,16,16,16,15,11,7,5,4,4,5,7,9,11,12,12,12,13,12,13,13,13,12,10,8,9,9,8,7,7,8,9,10,11,10,11,12,13,14,15,16,16,15,13,12,11,10,10,9,8,11,14,15,15,14,14,14,13,13,14,16,15,14,15,15,14,13,12,11,11,11,11,10,9,9,10,11,12,12,12,13,16,19,19,19,19,19,19,19,19,19,19,18,18,19,18,11,3,2,0,0,0,0,0,0,0,0,0,0,0,0,0
0,0,0,0,0,0,0,0,0,0,0,0,0,2,6,10,12,14,18,22,21,18,18,21,21,18,17,17,14,11,12,14,13,12,14,16,15,12,11,11,11,11,12,12,12,12,12,12,12,12,13,12,12,12,12,11,12,12,12,12,12,12,13,13,13,13,13,12,13,13,13,12,12,12,12,11,10,10,10,11,13,17,20,21,20,20,21,22,22,20,20,21,21,21,21,21,21,22,22,21,21,20,20,19,19,19,19,17,11,8,9,11,12,14,18,20,19,17,17,18,18,18,18,19,19,20,20,19,17,15,13,14,14,10,7,5,5,5,7,10,15,18,19,19,17,16,15,15,13,12,12,12,11,9,9,9,8,8,8,8,9,10,9,10,13,15,16,17,17,16,14,14,11,9,7,7,6,4,6,11,13,13,14,15,14,14,14,15,16,15,14,13,13,13,12,12,12,11,11,10,11,10,9,9,10,11,11,11,11,13,18,19,19,19,19,20,19,19,19,19,19,19,19,17,11,4,3,0,0,0,0,0,0,0,0,0,0,0,0,0
0,0,0,0,0,0,0,0,0,0,0,0,0,3,7,11,13,14,19,22,20,17,18,22,21,17,16,16,13,10,13,14,12,11,14,16,15,13,12,11,11,12,12,12,12,12,12,12,12,12,12,12,12,12,12,11,11,11,12,12,13,13,13,13,13,13,13,13,13,13,13,12,12,13,12,11,10,10,11,11,12,15,19,21,21,21,21,22,22,21,20,21,21,21,21,21,21,21,21,22,22,21,20,19,18,18,19,18,12,6,5,8,10,12,15,19,20,18,17,17,17,17,18,19,21,21,21,19,17,16,14,11,10,8,6,6,6,7,11,16,19,20,19,18,15,14,14,13,12,11,11,11,11,11,10,9,10,9,9,9,9,9,9,10,12,15,16,16,15,13,11,9,9,9,8,7,5,5,5,8,11,11,10,11,12,13,13,13,14,15,14,13,13,13,12,12,11,10,9,9,11,10,9,9,10,10,11,12,11,11,15,19,19,18,20,20,20,19,19,19,19,19,19,17,11,4,2,0,0,0,0,0,0,0,0,0,0,0,0,0
0,0,0,0,0,0,0,0,0,0,0,0,0,3,6,11,13,15,19,22,21,17,19,22,20,16,14,13,11,11,13,14,12,11,15,16,14,11,10,11,11,12,12,12,11,11,12,11,11,12,12,12,11,12,12,12,11,12,12,12,12,13,13,13,13,13,13,13,13,13,13,12,12,13,12,11,10,10,11,11,11,13,17,20,21,21,21,22,22,21,20,20,21,21,21,20,20,20,21,22,23,22,20,20,19,18,19,19,15,8,4,6,9,11,13,15,17,17,17,17,18,18,17,18,20,21,21,19,18,18,17,14,11,7,6,8,9,10,14,18,20,18,16,16,16,14,14,14,13,13,12,12,12,12,12,11,11,10,9,9,9,9,10,11,11,12,14,14,13,11,10,9,9,9,9,8,5,4,5,7,9,10,9,8,10,11,12,12,12,13,13,13,13,13,12,11,10,9,7,8,10,10,9,10,11,11,11,12,11,11,13,17,19,18,18,20,20,19,19,19,18,19,20,17,11,4,2,0,0,0,0,0,0,0,0,0,0,0,0,0
0,0,0,0,0,0,0,0,0,0,0,0,0,3,6,11,13,15,20,23,21,18,19,22,19,14,12,11,10,11,14,14,11,11,15,17,14,11,10,11,11,11,12,12,11,12,12,12,11,12,12,12,12,12,11,11,11,12,12,12,12,13,13,13,13,13,13,13,13,13,13,12,12,13,12,12,11,10,10,11,11,11,14,18,22,22,21,21,21,21,20,20,20,20,20,20,20,20,20,22,23,22,21,20,20,19,19,20,19,13,7,4,7,11,12,11,12,13,14,15,16,16,17,18,19,20,21,20,20,19,19,16,12,7,7,7,9,11,15,18,19,18,16,16,15,14,13,13,14,15,15,13,12,12,11,11,11,11,11,11,10,9,8,9,11,11,12,15,15,13,11,10,10,10,8,7,6,4,5,7,9,9,8,8,8,9,11,12,11,11,12,12,12,11,11,11,10,9,9,9,11,11,10,11,12,13,13,13,12,10,11,15,18,18,18,20,19,19,19,19,19,19,20,17,11,4,2,0,0,0,0,0,0,0,0,0,0,0,0,0
0,0,0,0,0,0,0,0,0,0,0,0,0,4,7,11,13,15,20,23,22,18,20,22,19,14,11,11,11,12,15,12,8,9,15,17,15,12,12,12,12,11,11,11,11,11,12,12,12,12,12,12,12,12,11,11,11,11,12,12,12,13,13,13,13,13,13,13,12,12,12,12,13,13,13,12,12,11,11,10,11,11,11,14,18,21,22,22,21,21,20,20,20,20,20,20,21,21,21,20,20,21,21,20,20,19,19,19,19,17,13,9,8,11,15,18,16,14,12,10,11,13,15,18,19,20,20,22,21,19,17,15,11,7,7,8,9,11,14,17,18,16,14,12,12,11,10,11,14,17,18,16,14,12,12,12,12,12,12,12,12,11,10,9,11,12,13,14,15,15,13,11,10,10,10,8,7,8,10,10,9,9,9,9,8,8,9,10,10,10,10,11,12,11,11,10,9,9,8,10,11,11,11,11,13,14,15,15,13,11,11,15,18,18,18,19,20,19,19,18,18,19,20,18,10,4,1,0,0,0,0,0,0,0,0,0,0,0,0,0
0,0,0,0,0,0,0,0,0,0,0,0,0,4,7,11,13,16,21,23,21,19,20,21,18,13,12,11,10,12,14,12,9,11,15,16,14,11,11,12,12,11,11,11,11,11,11,11,11,12,12,12,12,12,12,12,11,12,12,12,13,13,13,13,13,13,13,13,13,12,12,12,12,12,13,13,12,12,11,11,11,11,11,11,13,17,21,24,23,22,21,22,21,20,20,21,21,21,21,20,20,20,19,19,20,19,19,19,20,19,17,14,12,12,15,18,19,19,18,17,14,12,11,11,14,16,17,16,15,15,14,12,10,7,8,9,10,11,16,18,18,14,11,9,9,10,11,13,15,16,17,15,13,12,13,12,12,12,12,9,8,8,10,9,10,12,12,14,16,17,15,13,10,9,10,11,10,10,11,11,10,9,9,9,9,8,7,8,8,9,9,10,11,11,10,10,9,8,8,9,10,11,11,11,13,15,16,16,15,13,12,15,18,18,18,18,19,19,19,18,18,18,20,17,10,4,1,0,0,0,0,0,0,0,0,0,0,0,0,0
0,0,0,0,0,0,0,0,0,0,0,0,0,4,6,10,13,16,21,23,21,19,20,20,17,14,13,11,10,12,13,11,9,12,15,15,12,9,9,9,9,10,10,10,10,11,11,11,12,12,12,12,12,11,11,12,11,12,12,13,13,13,13,13,13,13,13,12,12,12,12,12,12,12,12,12,13,12,12,11,11,11,11,11,12,13,15,19,22,23,22,23,23,21,20,21,21,21,21,21,21,20,20,20,20,20,20,20,20,21,19,17,15,15,17,19,20,19,19,17,16,16,15,14,14,13,12,12,12,12,13,14,11,6,6,8,10,11,15,18,18,13,10,10,12,13,15,16,15,14,13,11,10,9,8,9,10,10,10,9,6,2,2,5,8,11,11,13,16,20,20,16,13,9,6,9,12,14,14,13,11,9,9,8,8,7,7,7,7,7,8,9,10,11,11,10,10,8,7,7,9,10,10,10,12,14,15,15,14,12,12,15,18,18,18,18,19,19,18,18,18,19,20,17,10,5,1,0,0,0,0,0,0,0,0,0,0,0,0,0
0,0,0,0,0,0,0,0,0,0,0,0,0,4,6,10,12,15,21,24,22,18,19,19,17,15,14,13,11,12,13,10,8,11,13,12,8,7,9,9,8,8,8,9,10,10,10,11,11,12,12,12,12,12,12,12,12,12,12,13,13,13,13,13,13,13,12,12,12,12,12,12,12,12,12,12,12,12,12,12,11,11,11,11,11,11,11,13,17,20,22,24,24,23,22,21,21,21,21,21,21,21,21,21,21,21,21,21,20,21,22,20,18,17,18,19,19,19,19,19,17,16,16,18,18,19,18,15,13,14,18,16,11,5,6,8,9,10,14,17,17,12,10,13,15,16,14,13,12,11,10,9,8,8,9,9,9,10,10,10,10,10,9,8,8,7,11,12,13,17,17,14,14,15,15,12,11,14,15,15,14,13,12,9,8,8,7,8,8,8,7,8,9,10,10,10,9,8,7,7,7,7,7,7,9,10,10,11,10,9,11,16,19,19,18,19,20,19,17,17,17,19,20,16,10,4,1,0,0,0,0,0,0,0,0,0,0,0,0,0
0,0,0,0,0,0,0,0,0,0,0,0,0,4,7,11,13,16,20,22,22,19,19,19,17,16,15,13,10,13,13,11,9,11,12,7,5,7,9,9,9,8,7,7,8,9,10,10,10,11,12,12,12,12,12,12,12,13,13,14,13,13,13,14,13,12,12,12,12,12,12,12,12,12,12,11,12,12,12,12,12,12,11,11,11,11,11,12,13,14,16,18,20,23,24,22,21,21,21,22,22,21,20,20,21,21,21,21,20,21,21,20,19,18,18,18,18,19,19,19,19,18,17,17,19,22,22,17,13,13,14,13,8,6,9,9,8,8,11,16,17,15,13,14,15,14,12,11,10,10,10,10,9,9,9,10,10,11,11,10,10,11,11,11,11,11,10,11,11,10,11,11,11,16,18,16,12,9,12,15,15,14,14,12,9,8,8,8,8,7,7,7,8,8,8,8,8,7,6,6,6,6,5,5,7,8,7,8,9,9,12,16,19,18,18,19,20,18,16,15,17,19,19,16,10,4,1,0,0,0,0,0,0,0,0,0,0,0,0,0
0,0,0,0,0,0,0,0,0,0,0,0,0,5,7,11,13,17,21,23,22,19,18,18,18,17,16,12,10,13,13,11,10,13,13,8,6,9,11,11,10,9,8,6,6,7,8,9,10,11,11,11,11,12,12,12,12,13,13,14,13,12,12,12,13,12,12,12,12,12,11,11,12,12,12,11,12,12,12,12,12,12,11,11,11,11,11,11,11,11,10,12,14,17,19,20,21,21,22,22,22,21,20,20,20,21,21,21,21,21,21,20,19,18,18,18,18,19,19,19,19,19,19,18,18,19,21,20,15,11,11,11,6,9,10,9,8,8,10,15,17,16,14,13,13,11,11,11,11,11,10,10,10,9,9,10,10,11,11,11,11,11,11,12,12,12,11,11,11,10,10,10,9,8,11,14,15,11,10,13,16,16,15,14,13,10,9,9,8,9,8,7,8,9,9,8,7,7,7,6,6,6,6,6,7,8,8,9,9,10,13,17,19,17,16,19,20,18,15,14,17,20,19,15,8,3,0,0,0,0,0,0,0,0,0,0,0,0,0,0
0,0,0,0,0,0,0,0,0,0,0,0,1,5,7,11,14,17,21,23,22,19,17,18,19,18,15,12,11,13,13,10,10,14,14,9,7,9,11,10,11,10,9,7,7,8,8,10,11,11,11,11,11,11,12,12,13,13,13,13,12,12,12,12,12,12,12,12,12,12,11,11,12,12,11,11,12,12,12,12,12,12,12,11,11,11,11,12,11,10,9,10,11,12,11,13,16,18,20,21,21,21,21,20,20,20,21,21,21,22,21,20,18,19,18,18,18,19,19,20,20,20,20,19,18,16,16,19,21,20,16,11,6,9,9,9,9,10,13,16,15,14,11,10,10,11,11,11,11,10,10,10,10,10,10,10,11,11,11,11,11,11,12,12,12,12,12,11,11,11,10,11,11,11,10,9,11,12,10,11,15,17,16,15,14,13,12,11,11,11,10,9,10,10,11,10,11,11,10,9,9,9,8,7,9,10,11,10,11,10,13,18,19,17,15,18,21,19,14,13,17,20,19,15,8,3,0,0,0,0,0,0,0,0,0,0,0,0,0,0
0,0,0,0,0,0,0,0,0,0,0,0,1,4,7,11,14,17,21,24,22,19,17,17,19,18,15,12,12,14,13,11,11,14,14,8,6,9,11,11,11,12,11,10,10,11,11,12,12,12,12,12,12,12,12,13,14,14,14,13,12,12,12,12,12,12,12,12,12,12,12,12,12,12,12,11,11,12,12,11,11,11,11,11,11,11,11,12,11,11,10,9,10,11,12,11,12,13,15,17,18,19,20,21,21,21,21,21,21,21,20,19,18,18,19,19,19,20,20,21,21,21,20,19,19,18,16,16,20,22,19,12,7,5,6,8,8,11,16,17,14,10,9,9,9,10,12,11,10,10,11,11,10,10,11,11,11,11,12,12,12,12,12,12,12,12,12,12,11,11,11,11,11,11,11,11,10,10,10,9,9,13,15,15,14,15,15,13,11,10,10,10,11,12,12,12,12,11,11,11,9,10,10,10,10,11,12,11,10,10,14,18,19,18,16,18,21,20,16,14,18,20,19,14,7,3,0,0,0,0,0,0,0,0,0,0,0,0,0,0
0,0,0,0,0,0,0,0,0,0,0,0,1,4,7,12,14,17,21,25,23,18,16,17,18,17,14,13,14,13,12,11,12,14,11,7,6,8,10,11,12,12,12,12,12,13,12,12,12,12,12,13,13,13,13,13,13,14,14,13,12,12,12,11,12,12,11,11,12,12,13,13,13,12,12,11,12,12,12,12,11,11,11,11,11,11,11,12,12,11,11,9,9,9,9,10,10,10,11,11,12,12,13,15,17,20,20,20,20,21,20,19,18,20,19,18,17,17,17,19,21,22,21,20,20,19,16,16,18,20,19,16,11,6,5,7,9,13,16,15,12,9,9,10,11,11,11,11,11,11,11,11,11,11,10,11,11,11,11,11,12,12,13,13,12,12,11,11,11,11,12,12,12,12,11,11,11,10,10,9,8,10,13,15,15,16,16,14,12,11,11,12,13,13,13,12,12,12,12,13,15,13,12,12,11,11,11,9,8,11,15,17,18,18,18,20,21,20,17,17,18,20,19,13,7,3,0,0,0,0,0,0,0,0,0,0,0,0,0,0
0,0,0,0,0,0,0,0,0,0,0,0,1,4,7,12,14,16,21,24,22,17,15,17,19,16,13,13,14,13,11,11,13,14,8,4,5,8,11,12,12,12,12,12,12,12,12,12,12,12,13,13,13,14,14,13,13,13,13,13,12,12,10,9,10,12,13,12,12,13,13,12,12,11,11,12,12,13,12,12,12,12,12,12,11,12,12,12,13,13,12,10,10,9,8,8,6,5,6,7,7,7,7,8,8,9,11,14,14,14,13,13,13,13,12,12,9,7,9,14,16,17,16,18,20,18,16,17,22,25,23,20,17,14,10,10,13,15,15,12,10,9,10,11,12,11,11,11,10,11,11,12,11,10,10,10,11,11,11,11,11,12,13,13,12,12,11,11,11,12,12,13,13,12,12,11,10,10,10,10,9,9,11,14,16,16,16,15,13,12,13,14,15,14,14,12,13,13,12,13,15,15,14,14,14,12,10,8,6,11,16,18,17,17,17,20,21,20,18,18,20,20,18,13,7,3,0,0,0,0,0,0,0,0,0,0,0,0,0,0
0,0,0,0,0,0,0,0,0,0,0,0,1,4,8,13,15,16,20,24,22,16,15,18,19,16,13,13,14,13,12,11,13,13,8,4,6,10,12,12,12,12,12,12,12,12,12,13,13,13,14,14,13,13,13,13,12,12,12,12,12,12,11,9,7,9,11,12,12,12,12,11,11,10,11,12,13,13,12,12,12,12,12,11,11,10,9,10,12,13,13,11,10,9,8,7,7,7,6,5,6,7,7,6,5,6,7,7,6,6,7,6,4,5,6,6,3,6,9,12,12,11,9,12,17,19,18,18,23,27,24,19,16,13,12,14,16,15,12,10,8,10,11,12,11,11,11,11,11,11,12,12,12,11,10,10,11,12,12,12,11,12,13,13,13,12,11,11,11,12,13,13,13,13,12,11,11,10,10,10,10,10,9,9,10,13,16,17,16,15,13,13,13,14,14,13,12,11,11,9,9,10,11,11,12,11,9,7,5,10,15,18,17,16,17,19,20,20,19,19,20,20,18,14,6,3,0,0,0,0,0,0,0,0,0,0,0,0,0,0
0,0,0,0,0,0,0,0,0,0,0,0,1,4,7,12,15,17,22,25,22,16,15,19,19,15,12,13,15,13,12,12,13,11,7,5,8,12,13,12,12,12,12,12,12,12,12,13,14,13,13,13,13,12,12,12,12,12,12,12,12,12,11,8,7,7,9,10,11,12,11,10,10,11,11,12,12,13,13,13,13,12,11,11,10,10,9,8,10,13,13,12,10,9,8,7,6,6,6,6,6,6,6,7,6,6,7,6,6,5,5,5,6,5,5,7,7,8,10,12,11,9,9,12,17,20,21,20,21,22,20,14,10,10,11,11,11,11,10,9,9,11,12,12,12,11,11,11,11,11,12,12,12,11,10,10,11,11,11,11,11,11,13,14,13,12,12,11,11,12,13,13,13,13,12,11,11,11,11,11,11,11,9,8,7,9,11,14,16,16,15,12,12,12,12,11,9,9,8,7,7,7,7,7,7,7,6,5,5,8,14,17,17,16,17,19,20,19,19,19,20,20,18,13,5,3,0,0,0,0,0,0,0,0,0,0,0,0,0,0
0,0,0,0,0,0,0,0,0,0,0,0,2,4,7,12,15,18,22,25,22,16,16,20,20,14,12,14,15,13,11,12,13,10,6,5,8,11,12,12,12,12,12,12,12,13,13,14,14,14,13,13,12,12,13,12,11,12,11,11,10,10,8,7,7,8,7,9,11,11,11,11,12,12,12,12,12,13,14,14,14,12,11,10,10,10,10,9,11,12,13,12,12,10,8,7,7,8,8,6,6,8,7,6,6,6,6,7,6,4,4,5,6,6,6,6,7,8,10,11,9,8,10,16,19,19,20,20,20,18,14,11,11,11,11,11,10,10,10,10,11,11,11,11,11,11,11,11,11,12,12,12,12,11,11,11,11,11,11,11,10,10,12,14,13,12,12,11,11,12,13,13,13,13,12,12,11,11,11,11,11,11,11,9,9,9,8,7,11,15,16,16,14,13,13,11,8,7,7,6,6,7,6,5,5,4,4,5,5,8,13,16,17,17,18,20,20,18,18,19,20,19,17,12,5,3,0,0,0,0,0,0,0,0,0,0,0,0,0,0
0,0,0,0,0,0,0,0,0,0,0,0,2,5,8,13,15,18,22,25,22,16,16,20,19,14,13,15,16,12,11,12,12,9,6,7,10,12,13,12,12,12,12,12,13,13,13,14,13,13,12,12,12,11,10,9,8,8,8,8,8,7,6,6,6,8,8,9,11,12,12,12,13,13,12,12,12,13,13,13,13,12,11,10,9,9,9,9,8,9,10,10,9,9,8,7,5,8,9,8,6,7,7,7,7,7,6,6,6,5,4,4,6,7,7,6,7,9,9,8,7,7,8,12,14,15,15,17,18,15,11,8,7,9,11,11,10,10,10,10,11,11,11,11,12,12,12,12,12,12,12,13,12,12,11,12,12,11,10,10,11,10,11,12,13,13,12,12,11,12,12,12,13,13,12,12,11,11,11,11,11,11,11,11,10,11,11,10,10,12,15,16,16,15,13,10,7,7,6,6,6,7,6,5,4,4,5,5,5,7,11,14,16,18,20,20,19,18,19,20,20,20,16,10,5,2,0,0,0,0,0,0,0,0,0,0,0,0,0,0
0,0,0,0,0,0,0,0,0,0,0,0,3,4,8,13,16,18,22,25,22,17,17,21,19,13,12,16,17,12,10,11,10,8,8,11,14,14,13,12,12,12,12,13,13,13,13,14,13,13,12,12,12,11,9,6,4,5,7,7,6,5,7,7,7,7,8,10,11,12,12,12,13,13,13,13,13,14,13,13,13,13,12,11,11,10,9,8,8,8,9,9,7,6,6,6,5,6,9,10,8,6,6,6,5,6,6,6,7,6,6,4,5,6,6,7,9,9,9,7,6,6,8,9,10,12,12,11,11,10,9,7,6,6,7,8,10,10,10,11,11,11,11,12,12,12,12,12,12,12,12,13,13,12,12,12,12,12,11,11,12,11,11,11,13,13,13,13,13,12,12,12,12,13,13,13,12,11,12,12,11,11,11,11,11,10,10,10,10,11,13,15,16,16,13,9,6,6,6,6,6,8,10,9,7,6,6,7,7,9,11,13,15,17,21,20,18,18,19,20,20,19,15,9,5,2,0,0,0,0,0,0,0,0,0,0,0,0,0,0
0,0,0,0,0,0,0,0,0,0,0,0,4,4,8,12,15,18,22,25,21,15,15,19,18,12,11,15,16,13,10,10,8,7,11,15,17,13,11,12,12,12,13,13,13,13,13,14,14,13,13,12,12,12,11,8,7,7,7,7,6,7,7,9,9,8,8,10,12,12,12,12,13,13,13,13,13,14,13,13,13,13,13,12,12,12,10,9,8,7,7,10,11,8,6,5,5,5,7,8,7,5,5,5,6,6,6,6,8,9,9,8,6,5,5,6,9,10,9,8,6,6,7,7,8,9,11,10,9,7,6,6,6,5,6,8,10,10,11,11,11,11,12,12,12,12,12,12,13,12,12,13,13,13,13,13,13,12,12,12,12,12,12,13,13,14,14,15,14,13,13,12,12,13,13,13,12,12,12,12,11,11,11,11,11,11,11,11,10,10,11,14,16,16,14,10,6,6,7,7,7,9,12,12,11,11,12,11,11,13,16,15,14,16,20,20,18,18,20,21,20,18,14,9,4,1,0,0,0,0,0,0,0,0,0,0,0,0,0,0
0,0,0,0,0,0,0,0,0,0,0,0,5,5,8,12,15,18,23,25,21,13,13,17,16,12,11,15,16,13,10,9,7,7,13,17,17,13,10,11,13,13,13,13,12,13,13,13,14,13,13,12,13,13,11,9,7,6,6,6,6,7,8,9,9,9,10,11,12,12,12,12,13,14,13,14,14,14,14,14,14,14,13,12,12,12,12,10,8,7,6,6,9,9,8,6,5,6,6,6,6,5,5,6,6,6,7,10,12,12,13,12,11,8,7,9,12,12,9,5,5,6,6,6,6,7,9,9,8,7,7,6,6,6,7,9,10,11,11,11,11,11,12,12,12,12,12,13,13,13,13,13,13,13,13,13,13,12,12,12,12,12,13,13,14,14,14,14,14,13,12,13,13,13,13,13,12,12,12,12,12,12,11,11,11,12,11,11,11,10,9,12,15,16,15,11,7,5,7,9,9,9,11,13,13,13,13,13,13,16,17,16,14,16,20,20,18,18,20,21,19,17,14,8,4,1,0,0,0,0,0,0,0,0,0,0,0,0,0,0
0,0,0,0,0,0,0,0,0,0,0,0,5,6,10,13,16,19,24,26,22,15,15,18,16,12,12,16,16,12,10,9,7,9,15,18,16,12,11,11,12,12,12,13,12,12,13,13,13,13,12,12,13,13,11,8,7,6,6,6,8,9,10,10,11,11,12,12,12,12,12,12,13,13,14,14,14,15,14,14,13,14,14,13,12,12,12,12,10,9,7,6,6,8,9,9,8,7,7,7,7,7,6,6,6,6,6,7,11,13,14,14,13,11,10,10,12,13,10,6,5,6,7,7,7,7,7,7,6,6,7,7,7,7,8,9,11,11,12,12,12,12,12,12,12,12,13,13,13,13,13,13,13,14,14,14,14,13,13,13,13,13,13,13,14,14,14,13,13,13,12,13,13,13,12,12,12,12,12,12,12,12,12,12,12,12,11,11,11,10,10,11,13,15,16,14,9,7,8,10,11,11,12,13,13,12,12,13,14,15,16,15,14,17,20,20,18,18,20,21,19,17,13,8,4,1,0,0,0,0,0,0,0,0,0,0,0,0,0,0
0,0,0,0,0,0,0,0,0,0,0,0,3,6,10,14,16,18,24,26,22,16,16,18,17,12,12,16,15,12,11,9,8,11,16,18,17,15,13,13,13,12,12,12,13,13,13,13,13,13,12,13,13,13,11,8,6,6,7,7,10,11,12,12,12,12,13,13,12,12,12,12,13,13,14,14,14,14,14,14,14,14,14,13,13,13,12,12,11,11,10,7,6,5,6,7,8,8,7,6,7,7,7,7,6,6,6,6,7,9,11,13,13,13,13,13,13,13,11,8,7,6,7,7,7,7,8,7,5,4,5,6,7,8,8,8,10,11,11,12,12,12,13,13,12,12,12,13,13,13,13,13,13,13,13,13,14,14,14,14,13,14,14,13,13,14,14,14,13,13,13,12,13,13,12,12,12,12,12,12,12,12,12,12,12,12,11,11,11,11,10,11,12,15,16,16,11,7,8,11,12,12,12,12,12,13,12,13,14,15,15,14,14,17,20,20,18,19,21,21,18,15,12,8,4,1,0,0,0,0,0,0,0,0,0,0,0,0,0,0
0,0,0,0,0,0,0,0,0,0,0,0,3,6,10,14,15,19,24,25,21,16,16,18,16,12,12,15,15,13,12,11,10,12,18,19,17,15,15,13,11,10,11,12,13,13,13,13,13,12,12,13,13,11,9,8,6,6,6,8,10,12,13,12,12,13,13,13,12,12,12,13,13,14,14,15,14,14,14,14,14,14,14,13,13,13,13,13,12,12,13,13,10,8,6,7,8,8,7,8,7,6,6,6,6,5,5,5,6,6,7,9,11,12,13,14,14,14,13,12,11,9,7,7,7,7,8,7,5,4,4,5,6,8,8,8,9,11,12,12,12,12,12,12,12,12,12,13,13,13,13,13,13,13,13,13,14,14,14,14,13,13,14,14,13,13,13,14,14,14,13,13,12,12,12,11,12,12,12,12,11,11,11,11,11,11,11,11,11,11,11,11,11,13,16,16,13,9,9,11,13,14,14,13,11,12,13,14,15,14,14,13,15,19,21,20,20,21,21,20,17,14,12,8,5,1,0,0,0,0,0,0,0,0,0,0,0,0,0,0
0,0,0,0,0,0,0,0,0,0,0,0,3,5,10,14,16,19,24,24,20,16,17,18,15,12,13,15,15,14,14,14,11,14,18,19,17,14,13,11,10,9,10,10,10,12,12,12,12,11,11,11,10,9,7,6,6,6,7,9,11,13,13,12,13,13,13,12,13,12,13,13,14,14,14,14,14,14,14,14,14,14,14,14,13,13,13,13,13,13,13,13,13,12,12,11,10,10,8,8,7,6,5,6,6,6,6,5,6,6,7,8,9,10,10,9,10,13,15,14,13,13,13,11,9,7,8,7,5,4,4,4,5,6,7,8,9,10,11,12,12,12,12,12,12,12,12,13,13,13,13,13,13,13,13,13,14,14,14,14,13,13,14,14,14,14,13,14,14,13,13,13,12,12,12,12,11,11,11,11,11,11,11,11,10,10,11,11,11,11,11,11,12,14,16,17,14,10,9,11,13,14,15,13,11,13,16,17,16,16,16,14,16,19,20,19,19,21,22,20,17,15,12,8,4,0,0,0,0,0,0,0,0,0,0,0,0,0,0,0
0,0,0,0,0,0,0,0,0,0,0,0,4,5,10,13,15,19,23,24,20,15,16,17,15,13,15,16,15,14,13,12,11,14,18,17,15,14,15,14,12,10,10,10,10,10,11,10,10,9,8,8,8,7,7,6,6,6,8,11,12,13,13,13,13,13,13,13,13,13,14,14,14,14,14,14,13,13,14,14,14,14,14,14,14,14,13,13,13,13,14,14,13,14,14,13,12,12,12,11,10,9,8,7,7,7,7,7,6,6,6,7,7,7,7,7,7,9,12,14,13,13,13,13,11,8,7,6,6,6,6,5,4,4,6,7,8,9,10,11,12,12,12,12,12,12,12,12,12,13,13,13,13,13,14,14,14,14,14,14,13,13,14,14,14,14,14,14,14,14,13,13,12,12,12,12,12,11,11,11,11,11,11,11,11,11,11,11,11,11,11,10,10,13,15,17,16,14,11,10,11,14,15,14,11,15,19,20,18,17,17,16,16,19,19,18,18,20,22,20,17,15,12,7,4,0,0,0,0,0,0,0,0,0,0,0,0,0,0,0
0,0,0,0,0,0,0,0,0,0,0,1,4,6,11,15,16,20,24,24,20,15,16,18,17,14,14,15,13,13,13,11,10,14,18,18,15,15,17,16,12,10,12,13,12,12,12,11,10,8,7,7,7,7,8,8,8,7,9,12,13,13,13,13,13,13,13,13,13,13,14,14,14,14,14,14,14,14,14,14,14,14,15,15,15,14,14,14,14,14,14,14,13,14,14,13,13,13,13,13,13,13,14,12,10,8,7,7,8,8,7,6,6,6,6,7,7,7,8,10,11,12,12,12,11,9,7,6,6,5,5,5,5,4,5,6,7,8,9,11,12,12,12,12,12,12,12,12,11,12,13,13,13,13,13,13,14,14,14,14,14,14,14,14,14,14,14,14,13,13,13,13,12,12,12,12,12,11,11,11,11,11,11,11,11,11,11,11,11,11,11,10,10,12,14,16,16,16,14,11,11,14,16,15,13,16,21,21,19,17,17,17,17,19,19,18,18,20,22,19,16,14,11,7,4,0,0,0,0,0,0,0,0,0,0,0,0,0,0,0
0,0,0,0,0,0,0,0,0,0,0,1,4,7,11,15,17,20,25,25,20,14,15,16,15,14,14,14,13,13,13,11,9,12,16,18,17,17,19,17,12,10,12,13,12,12,11,9,7,5,4,5,6,7,8,8,8,10,12,13,13,12,12,13,13,13,13,13,13,14,14,14,14,14,14,14,14,14,14,14,14,15,15,15,14,14,14,14,14,14,14,13,13,13,13,13,13,13,14,14,14,13,13,13,13,13,12,10,9,10,9,7,6,6,7,7,7,7,7,7,8,7,7,7,9,9,8,7,6,6,6,5,5,6,6,6,6,7,8,9,10,11,11,12,12,12,12,12,12,12,12,13,13,13,13,13,14,14,14,14,14,14,14,14,13,13,14,14,14,13,13,13,12,12,12,12,12,11,11,11,12,11,11,11,11,10,10,10,11,11,11,10,9,9,12,15,16,16,14,11,10,14,17,16,15,18,22,21,18,16,17,17,17,18,18,17,18,21,21,19,16,14,10,5,3,0,0,0,0,0,0,0,0,0,0,0,0,0,0,0
0,0,0,0,0,0,0,0,0,0,0,1,4,7,11,15,16,20,23,24,20,15,14,16,14,13,14,15,13,13,14,12,9,10,14,16,15,15,17,16,12,9,9,10,10,9,7,6,5,4,4,6,7,6,6,7,7,9,12,12,12,12,12,12,13,13,13,14,14,14,14,14,14,14,14,14,14,14,14,14,14,14,15,14,14,14,13,14,14,14,14,14,13,13,13,13,13,13,14,14,14,13,13,13,13,13,13,12,11,9,9,9,7,7,7,7,6,5,6,7,9,9,7,5,5,5,7,7,7,6,6,5,5,6,6,6,6,6,6,7,8,9,10,11,12,12,12,13,13,12,12,12,13,13,13,13,14,14,14,14,14,14,14,14,14,14,14,14,14,14,13,13,12,12,12,12,12,12,12,12,12,12,12,11,11,11,10,10,10,10,10,10,8,7,8,11,15,16,15,12,10,14,17,17,16,18,22,21,17,15,17,18,17,17,16,15,18,21,22,20,17,14,11,6,3,0,0,0,0,0,0,0,0,0,0,0,0,0,0,0
0,0,0,0,0,0,0,0,0,0,0,1,4,7,12,15,17,20,23,24,20,16,15,16,15,13,14,15,14,14,14,12,9,10,13,14,12,11,11,13,11,9,9,9,9,7,7,7,7,8,9,9,9,9,8,7,7,7,8,11,12,12,12,12,13,13,13,13,14,14,14,14,14,14,14,14,14,14,14,14,14,14,14,14,14,14,14,14,14,14,14,14,13,13,13,13,13,13,13,13,13,13,13,13,13,13,13,13,13,12,11,11,10,8,6,6,6,6,6,7,9,10,9,7,6,5,6,7,8,8,7,6,5,5,5,5,4,4,5,6,7,8,9,10,10,11,12,12,12,12,12,12,13,13,13,13,13,14,14,14,14,14,14,14,13,14,14,14,14,14,13,13,13,13,13,12,12,13,12,12,12,12,12,12,11,11,11,10,10,10,10,10,11,9,7,8,13,16,17,13,11,13,17,17,16,18,21,21,17,16,18,19,18,16,14,14,17,21,22,20,16,14,10,6,3,0,0,0,0,0,0,0,0,0,0,0,0,0,0,0
0,0,0,0,0,0,0,0,0,0,0,2,4,7,12,15,17,21,24,24,20,16,14,16,16,14,14,14,14,14,14,12,9,10,13,12,11,10,11,12,12,11,9,8,8,8,8,10,11,11,11,11,11,10,9,8,8,7,7,9,12,12,12,13,13,13,13,13,14,14,14,14,14,14,14,14,14,14,15,14,14,14,14,14,14,14,14,14,14,14,14,14,13,13,13,13,13,13,13,13,13,13,14,13,13,13,13,13,13,13,12,11,11,10,8,7,7,8,8,8,8,9,9,9,9,8,7,7,7,7,7,7,6,4,5,6,6,5,5,5,5,7,8,9,9,10,11,13,13,13,12,12,13,13,12,12,13,13,13,13,13,14,14,14,13,13,13,13,13,14,14,13,13,13,13,13,13,13,13,13,12,12,12,12,12,11,11,11,11,11,11,11,11,11,9,8,11,15,17,14,11,12,16,16,15,17,21,21,18,17,18,19,18,15,12,12,17,21,22,20,16,13,9,5,3,0,0,0,0,0,0,0,0,0,0,0,0,0,0,0
0,0,0,0,0,0,0,0,0,0,0,2,3,7,12,15,16,19,23,24,20,15,14,17,18,17,15,14,14,14,14,12,9,9,10,11,10,10,10,10,11,11,10,8,8,8,9,10,11,11,11,11,11,11,9,8,9,11,10,9,10,11,11,12,13,13,14,14,14,14,14,14,14,15,15,15,14,14,14,15,14,14,14,14,14,14,14,14,14,14,14,14,14,13,13,13,13,13,14,14,13,14,14,14,13,13,13,13,13,13,13,12,12,12,11,8,8,9,10,11,12,12,11,11,11,12,10,7,5,8,9,8,7,6,5,7,8,8,7,6,6,6,7,9,10,10,11,12,13,13,12,12,12,13,12,12,13,13,13,13,13,13,14,14,13,13,13,13,14,14,14,14,13,13,14,14,14,13,13,13,13,13,12,12,12,11,11,12,11,11,11,11,11,11,11,10,10,14,16,14,11,11,15,16,13,15,20,22,18,16,17,18,18,15,11,11,17,21,22,19,16,14,9,5,2,0,0,0,0,0,0,0,0,0,0,0,0,0,0,0
0,0,0,0,0,0,0,0,0,0,0,2,3,5,11,15,16,18,23,25,20,16,16,19,19,18,17,16,15,15,14,12,9,9,12,13,10,10,11,11,9,8,8,9,8,7,8,9,10,10,11,11,11,11,10,9,8,8,9,9,9,11,12,12,12,13,13,14,14,14,14,14,15,15,15,15,14,15,15,15,14,14,14,14,14,14,14,14,14,14,14,14,14,13,13,13,13,14,14,14,14,13,14,14,14,14,14,14,14,14,13,13,13,13,12,10,8,9,10,11,12,13,13,13,13,13,12,12,12,12,12,13,14,13,10,9,9,11,12,12,10,8,7,7,8,9,10,11,12,13,13,13,13,13,12,12,13,13,13,13,13,13,14,14,14,14,13,13,13,14,14,13,13,13,13,14,14,14,14,14,13,13,13,13,12,12,12,12,12,12,12,11,11,11,11,10,10,12,16,16,12,10,13,16,14,12,17,21,19,16,17,19,19,16,12,12,17,22,22,19,16,14,10,5,2,0,0,0,0,0,0,0,0,0,0,0,0,0,0,0
0,0,0,0,0,0,0,0,0,0,0,3,5,7,11,15,17,21,24,25,21,17,18,20,19,17,16,16,15,15,15,13,9,8,11,13,12,11,13,13,11,8,7,8,9,9,9,9,10,11,12,12,12,11,10,10,8,8,8,8,8,9,11,12,12,13,13,13,13,14,14,15,15,15,14,14,15,15,15,15,14,14,14,14,15,14,14,14,14,14,14,14,14,14,14,13,13,14,14,14,14,13,13,14,13,13,14,14,14,13,13,13,13,13,13,12,12,11,11,12,12,13,13,13,13,13,13,13,13,13,13,13,13,14,14,14,13,13,13,13,12,11,10,9,8,8,9,10,11,13,14,14,13,13,12,12,13,13,13,13,13,13,14,14,14,14,14,13,13,14,14,13,13,13,14,14,14,14,13,13,14,13,13,13,13,12,12,12,12,12,12,12,11,11,11,11,10,10,15,17,13,10,12,15,14,10,13,19,19,16,16,19,19,17,13,14,18,22,22,18,15,12,8,5,2,0,0,0,0,0,0,0,0,0,0,0,0,0,0,0
0,0,0,0,0,0,0,0,0,0,0,3,4,7,11,15,17,21,25,25,21,17,18,20,18,16,16,16,13,13,14,13,10,8,9,10,9,10,12,13,11,8,7,8,10,11,11,11,11,11,11,12,13,12,10,9,9,9,9,8,7,7,10,12,13,12,13,13,13,13,14,15,15,15,14,15,15,15,15,15,14,14,14,14,14,15,14,14,14,14,14,14,14,14,14,14,14,14,14,14,14,13,13,13,14,14,14,14,14,13,13,13,13,13,13,11,12,12,12,12,13,13,13,13,13,13,13,13,13,13,13,13,13,13,13,14,14,14,13,13,13,13,13,13,11,10,9,9,11,13,13,13,13,13,13,13,13,13,13,14,14,14,13,13,13,13,13,13,13,14,14,14,14,14,14,14,14,14,13,12,13,13,13,13,13,13,12,13,13,13,12,12,11,11,11,11,10,10,13,16,14,11,11,15,14,10,11,17,19,16,16,19,19,17,15,16,19,22,22,18,15,14,10,5,2,0,0,0,0,0,0,0,0,0,0,0,0,0,0,0
0,0,0,0,0,0,0,0,0,0,0,3,4,6,11,15,17,19,23,25,22,17,16,18,17,14,15,16,14,14,14,13,8,6,8,8,7,9,12,12,11,8,7,8,10,11,11,11,11,10,10,11,11,11,10,10,9,10,10,9,8,7,8,10,12,13,13,13,13,13,14,15,15,15,15,15,15,16,15,15,15,14,14,14,15,15,15,14,14,14,14,14,14,14,14,14,14,14,14,14,14,14,14,14,14,14,13,13,13,13,13,13,13,13,13,11,10,11,13,13,13,13,14,14,14,14,14,14,13,13,13,14,13,13,13,13,14,14,14,13,13,13,13,13,12,12,12,12,12,13,13,12,13,13,13,13,13,14,14,14,14,14,14,13,12,12,12,12,12,13,14,14,14,14,13,14,14,13,13,12,12,12,12,12,12,12,12,12,12,13,13,12,12,11,11,11,10,9,11,15,15,11,11,14,15,12,12,17,19,16,16,19,20,18,16,18,21,22,22,18,15,12,8,4,1,0,0,0,0,0,0,0,0,0,0,0,0,0,0,0
0,0,0,0,0,0,0,0,0,0,0,3,4,5,10,14,17,19,22,25,23,17,14,16,16,14,15,15,14,13,14,13,8,6,8,9,9,10,12,12,11,9,8,9,11,12,12,12,11,10,11,11,10,10,10,11,11,12,11,10,9,9,8,8,9,11,12,13,12,13,13,14,14,14,14,15,15,16,15,15,15,14,14,14,14,15,15,14,14,14,14,14,14,14,14,14,14,14,14,14,14,14,14,14,14,14,13,13,13,13,13,13,13,13,13,12,10,11,13,14,14,13,13,14,14,14,14,13,13,13,13,13,13,13,13,14,14,15,15,14,13,13,13,13,12,12,12,12,13,13,13,12,12,13,13,13,14,14,13,13,14,14,13,13,12,12,12,12,12,12,13,13,14,13,13,13,13,13,12,12,11,11,11,11,11,11,11,11,12,12,13,12,12,11,10,11,11,9,9,14,16,13,11,13,15,13,12,16,19,17,17,19,20,18,16,18,21,22,21,18,15,11,7,3,1,0,0,0,0,0,0,0,0,0,0,0,0,0,0,0
0,0,0,0,0,0,0,0,0,0,0,3,4,5,9,14,16,19,22,24,23,18,14,14,15,14,14,14,13,13,14,12,9,7,8,9,9,10,12,12,11,9,9,9,10,12,13,13,12,12,11,11,11,10,10,10,11,12,13,12,12,11,11,10,10,10,10,10,11,13,13,14,14,13,13,14,15,15,15,15,15,14,14,14,14,15,15,14,14,14,14,14,14,14,14,14,14,14,14,14,14,14,14,14,14,14,13,12,12,13,13,13,13,14,14,12,11,11,13,14,14,14,14,14,14,13,14,13,13,14,14,14,14,14,13,14,14,14,14,14,13,13,13,13,13,13,13,13,13,13,13,13,13,13,13,14,14,14,13,13,13,13,13,12,12,12,11,11,12,12,12,13,13,14,13,14,14,13,12,12,12,12,11,11,11,11,11,11,11,12,12,12,12,12,11,11,11,9,8,11,15,14,11,12,14,13,12,16,19,17,16,18,20,18,17,19,22,22,21,18,15,12,7,4,1,0,0,0,0,0,0,0,0,0,0,0,0,0,0,0
0,0,0,0,0,0,0,0,0,0,0,3,3,5,9,13,15,18,21,24,24,19,15,14,14,14,14,14,13,13,14,13,8,6,7,8,8,9,11,11,10,9,9,10,11,12,13,13,13,12,12,11,11,11,11,10,10,11,12,13,13,12,12,12,12,12,11,9,9,11,13,14,14,13,13,13,14,15,15,15,15,15,14,14,15,15,15,14,14,14,14,15,14,14,14,14,14,15,15,15,14,14,14,13,14,14,13,12,10,10,12,13,13,13,14,12,12,12,14,14,14,14,13,13,13,13,13,13,14,14,14,14,14,14,14,14,14,14,14,14,14,13,13,13,13,13,13,13,13,13,13,13,13,14,14,14,14,14,14,13,13,13,13,12,11,12,11,10,10,12,11,12,13,14,14,14,14,14,13,12,12,12,11,11,11,11,11,10,11,11,11,12,12,12,11,11,11,10,9,10,14,15,11,12,14,13,13,16,18,16,15,18,19,18,17,19,22,24,22,18,15,11,7,3,1,0,0,0,0,0,0,0,0,0,0,0,0,0,0,0
0,0,0,0,0,0,0,0,0,0,0,3,3,5,8,12,15,16,20,24,25,21,15,14,14,14,14,13,13,13,14,13,9,6,7,9,9,9,11,11,9,8,9,11,12,12,13,12,12,13,13,12,12,12,12,12,11,10,11,11,12,12,12,12,12,12,13,12,10,9,10,12,13,14,13,13,14,15,15,15,15,15,14,14,14,14,14,14,14,14,14,14,15,15,14,14,14,14,14,14,14,14,14,14,14,14,13,10,8,7,9,12,13,13,13,12,12,12,13,14,13,13,13,13,13,14,14,14,14,14,14,14,14,14,14,14,14,14,14,14,14,14,14,14,14,14,14,14,14,13,13,14,14,15,14,14,14,14,14,13,13,12,12,12,12,10,9,7,8,10,11,12,13,14,14,14,14,14,13,13,13,13,12,12,12,12,11,10,10,11,11,11,11,11,11,11,11,11,9,10,14,15,12,12,14,14,14,17,19,18,16,17,19,18,17,19,22,22,20,18,15,12,7,3,0,0,0,0,0,0,0,0,0,0,0,0,0,0,0,0
0,0,0,0,0,0,0,0,0,0,0,3,4,4,7,12,15,16,18,23,25,22,17,14,14,14,14,14,13,13,14,12,8,7,8,10,10,10,11,10,8,7,9,12,13,12,13,13,12,12,13,13,13,12,12,12,11,11,11,12,12,12,13,13,13,12,13,13,12,10,9,8,11,13,13,13,13,14,15,15,15,15,15,14,14,14,14,15,15,14,14,14,15,15,15,15,15,15,14,14,14,14,14,14,14,14,12,9,6,5,5,9,13,14,14,13,12,13,14,14,14,13,13,13,13,14,14,14,14,14,14,14,14,14,14,14,14,14,14,13,13,14,14,14,14,14,14,14,15,14,13,14,14,15,14,14,14,14,14,14,13,12,12,12,12,10,9,7,7,7,10,12,12,13,14,14,13,13,14,13,13,13,13,12,12,11,11,11,10,10,10,11,11,11,11,11,11,10,9,11,15,16,13,12,14,14,13,17,20,20,18,18,19,18,18,20,22,22,19,17,15,11,7,4,0,0,0,0,0,0,0,0,0,0,0,0,0,0,0,0
0,0,0,0,0,0,0,0,0,0,0,3,4,4,6,11,15,16,17,21,24,23,18,14,14,14,14,14,13,13,14,13,9,7,8,10,10,10,10,10,8,9,10,11,12,12,12,12,12,12,12,13,13,12,12,12,12,11,11,12,13,13,13,13,13,13,14,13,13,12,12,11,10,11,13,13,13,14,14,14,15,15,15,14,14,14,14,15,15,15,14,14,15,15,15,15,15,15,15,15,14,14,14,14,14,14,13,9,6,5,5,7,11,13,14,13,13,13,14,14,14,13,13,13,13,14,14,14,14,15,15,14,14,14,14,13,13,13,14,14,14,14,14,15,15,14,14,14,15,14,14,14,14,14,14,14,14,14,14,14,14,13,12,11,11,10,8,7,7,5,7,10,12,13,13,13,14,14,14,13,13,13,12,12,12,12,11,11,11,10,9,10,11,11,11,11,11,10,10,12,16,17,14,12,14,14,12,14,19,21,19,20,20,18,18,20,22,23,21,18,15,11,7,4,0,0,0,0,0,0,0,0,0,0,0,0,0,0,0,0
0,0,0,0,0,0,0,0,0,0,1,3,3,3,4,9,14,16,16,18,23,24,19,15,14,15,14,13,13,13,14,13,10,7,7,9,10,10,10,10,9,10,11,12,12,12,12,11,12,12,12,12,12,12,12,12,12,12,12,12,12,13,13,13,13,13,13,13,13,13,13,14,12,10,11,13,14,14,14,14,15,16,15,15,14,14,14,14,15,15,16,15,15,15,15,15,15,15,15,15,14,14,14,13,13,13,12,8,6,5,6,6,7,11,13,13,13,13,14,14,12,10,11,13,13,13,14,14,14,14,14,14,14,14,14,14,13,14,14,14,14,14,14,14,15,15,14,14,14,14,14,14,14,14,14,14,14,14,14,14,14,13,11,10,9,8,7,6,7,7,6,8,11,12,12,13,14,14,14,13,13,13,12,12,12,12,12,11,11,11,10,9,9,10,10,10,10,10,10,13,16,16,13,11,12,14,12,11,16,19,19,19,19,17,16,19,23,23,22,18,15,11,7,4,0,0,0,0,0,0,0,0,0,0,0,0,0,0,0,0
0,0,0,0,0,0,0,0,0,0,1,3,3,3,3,8,13,16,16,17,21,24,21,16,14,15,15,14,13,13,14,13,10,6,7,10,11,10,11,11,11,11,12,12,12,12,12,12,11,12,12,12,12,12,12,12,12,12,12,12,12,13,13,13,13,13,13,14,14,13,13,13,13,11,9,11,13,13,13,14,15,15,15,15,14,14,15,14,14,15,16,16,15,15,15,15,15,15,15,15,14,14,14,13,13,12,10,7,5,5,6,6,5,7,11,13,13,13,13,14,11,9,8,12,13,14,14,14,14,14,14,14,14,14,14,14,14,14,14,14,14,14,14,14,14,14,14,14,14,14,14,14,14,14,14,14,14,14,14,14,14,13,12,10,8,8,7,6,6,6,7,7,9,11,12,12,13,14,14,13,13,13,12,12,12,12,12,12,12,12,11,10,8,7,7,7,8,8,10,13,16,16,13,10,12,14,12,10,12,16,18,19,19,16,13,15,22,23,22,19,16,12,7,3,0,0,0,0,0,0,0,0,0,0,0,0,0,0,0,0
0,0,0,0,0,0,0,0,0,0,1,3,3,3,3,6,11,14,16,17,20,23,23,19,15,14,15,14,13,13,14,12,9,6,8,11,11,10,10,11,12,12,12,12,12,12,12,12,12,12,12,12,12,12,12,12,12,12,13,13,13,13,13,13,13,14,14,14,13,13,13,13,13,13,12,11,12,13,13,14,15,15,15,15,15,14,14,14,15,15,16,16,15,15,15,15,15,15,15,14,14,14,14,13,13,13,10,6,4,5,4,5,5,5,8,12,14,13,12,12,9,6,7,11,13,14,14,14,14,14,14,14,14,14,14,14,14,14,13,14,14,14,14,14,14,14,14,14,14,13,13,14,14,14,14,14,15,15,14,14,13,13,12,12,9,6,7,8,7,7,7,7,7,10,13,12,13,14,14,14,13,13,12,12,12,12,12,12,12,12,11,11,11,9,7,6,7,8,9,12,16,17,13,11,13,14,12,10,11,14,17,19,19,17,13,13,20,23,21,18,15,12,7,4,0,0,0,0,0,0,0,0,0,0,0,0,0,0,0,0
0,0,0,0,0,0,0,0,0,0,1,2,3,4,3,5,9,13,15,17,21,24,24,21,16,14,14,14,13,13,15,14,10,6,7,9,10,10,10,11,12,12,13,13,13,12,12,12,12,12,12,12,13,13,12,12,13,13,13,13,13,13,14,14,14,14,14,14,14,13,13,14,13,13,13,12,12,12,13,14,14,15,15,15,15,15,14,14,14,15,15,15,16,16,15,15,15,15,15,14,14,14,13,13,14,14,11,6,4,5,5,4,5,5,6,10,13,13,11,8,6,6,6,10,13,13,14,14,14,14,14,14,14,14,14,14,15,14,14,14,14,14,14,13,13,14,14,14,14,13,13,14,14,14,14,14,14,14,14,14,13,13,13,13,12,9,7,7,8,6,6,7,6,8,12,12,12,13,14,14,14,13,13,12,12,12,12,13,13,12,11,10,11,10,8,7,8,9,9,10,14,16,14,11,12,14,13,10,11,15,16,17,19,18,16,17,21,23,21,17,14,12,7,3,0,0,0,0,0,0,0,0,0,0,0,0,0,0,0,0
0,0,0,0,0,0,0,0,0,0,2,3,3,4,3,4,7,13,15,16,18,23,25,22,17,14,14,14,13,13,15,15,12,8,7,8,9,9,11,11,12,13,13,13,13,12,12,12,12,12,12,12,13,13,13,13,13,13,13,13,13,13,14,14,14,14,14,14,14,14,14,14,14,13,13,12,12,12,13,14,14,15,15,15,15,15,15,15,15,15,15,15,15,15,15,15,15,15,15,14,14,14,14,13,14,13,11,6,5,5,5,5,5,6,5,9,12,12,9,6,4,5,6,9,12,13,14,14,14,14,14,14,15,15,14,14,14,14,14,14,14,14,14,14,14,14,14,14,14,13,13,14,14,14,14,14,14,14,15,14,14,13,13,13,12,11,9,7,7,6,6,7,7,7,9,12,13,13,13,14,14,13,13,13,13,12,13,13,13,12,11,11,11,11,9,8,8,9,10,10,14,16,14,11,12,14,13,11,13,16,17,18,18,18,18,19,22,23,21,17,14,11,7,3,0,0,0,0,0,0,0,0,0,0,0,0,0,0,0,0
0,0,0,0,0,0,0,0,0,0,2,3,3,3,3,3,5,11,15,16,16,18,23,23,19,14,13,14,13,12,14,15,12,8,6,7,9,10,11,11,12,12,13,13,13,13,12,13,13,13,13,13,12,13,13,13,14,14,14,14,14,15,15,14,14,14,14,14,14,15,15,15,14,13,13,13,13,13,13,14,14,14,15,15,15,15,15,15,15,15,15,14,14,14,15,15,14,14,14,14,14,14,14,14,14,13,10,6,4,5,5,5,4,4,5,8,12,12,9,5,6,6,6,8,11,13,14,14,14,15,15,15,15,15,15,15,14,14,14,14,13,14,14,14,14,14,14,14,14,14,13,14,14,14,14,14,14,14,14,14,14,13,13,13,12,12,11,10,9,7,6,7,7,7,7,9,12,13,13,13,14,14,14,14,14,13,13,13,13,12,11,11,11,11,10,9,8,9,10,12,14,16,14,12,12,14,12,12,15,17,17,17,18,19,18,19,22,23,21,18,15,12,6,2,0,0,0,0,0,0,0,0,0,0,0,0,0,0,0,0
0,0,0,0,0,0,0,0,0,0,2,3,3,3,3,3,3,8,13,15,16,17,22,24,22,16,13,14,14,12,13,14,12,8,7,8,10,11,11,11,12,12,13,13,13,13,13,13,13,13,13,13,13,14,14,14,14,14,14,14,14,15,15,15,14,14,15,14,14,14,15,15,15,14,13,13,13,13,13,14,14,14,15,15,15,15,16,15,15,15,15,14,14,14,14,14,14,14,14,15,15,14,14,14,14,13,10,5,5,5,6,6,5,5,5,7,11,12,8,5,5,6,6,9,13,14,14,14,14,15,15,15,15,15,15,15,14,14,14,13,14,14,14,14,14,14,14,14,14,14,14,14,14,14,14,14,14,14,14,14,14,13,13,13,13,13,12,12,11,9,8,8,8,8,7,7,9,12,13,13,13,14,14,14,14,14,13,13,13,12,11,11,11,10,9,8,9,9,10,11,14,16,14,11,12,14,13,13,17,19,17,16,18,18,18,19,22,23,20,17,14,12,8,3,0,0,0,0,0,0,0,0,0,0,0,0,0,0,0,0
0,0,0,0,0,0,0,0,0,0,2,3,3,3,3,3,3,5,11,15,16,16,19,23,24,20,14,13,14,14,13,14,11,8,7,9,10,12,12,11,11,12,13,13,14,14,14,14,14,14,14,14,14,15,14,14,14,14,14,14,14,14,15,15,14,14,15,15,14,14,15,15,15,14,14,14,14,14,14,14,14,15,15,15,15,15,16,16,15,15,15,15,14,14,14,15,14,14,14,14,14,14,13,14,14,13,9,5,5,6,6,6,6,6,5,5,8,11,9,5,5,6,7,9,12,14,14,14,14,14,15,14,14,14,15,15,15,14,14,14,14,14,14,14,14,14,14,14,15,15,14,14,14,14,14,14,14,14,14,14,14,14,13,13,13,13,13,12,12,11,10,8,7,7,7,7,8,10,12,12,13,13,14,14,14,14,13,13,13,12,11,12,11,10,8,7,8,8,9,10,13,16,14,10,12,14,14,13,17,21,22,20,19,18,17,19,22,22,20,16,14,11,6,2,0,0,0,0,0,0,0,0,0,0,0,0,0,0,0,0
0,0,0,0,0,0,0,0,0,0,2,2,2,2,3,3,3,4,8,13,16,16,18,21,25,24,17,14,14,13,13,13,11,7,6,9,10,11,12,12,11,12,13,13,13,14,14,14,14,14,14,14,14,14,15,14,14,14,14,14,14,15,15,15,14,14,14,14,14,15,15,15,14,14,14,14,14,14,14,14,14,15,15,15,15,15,15,15,15,15,15,15,15,14,15,15,14,14,14,14,13,13,14,14,13,11,7,4,5,5,5,5,5,6,6,5,7,10,10,6,5,5,8,11,13,14,14,14,14,14,15,15,15,14,15,15,15,15,14,14,14,14,14,14,14,14,14,14,14,14,14,14,14,14,14,14,14,14,14,14,14,14,14,13,14,13,13,13,13,12,11,9,7,7,7,6,7,8,11,13,13,13,13,14,14,14,13,12,12,12,11,11,10,9,7,6,6,8,9,9,13,16,15,10,11,14,14,12,16,21,21,19,19,18,17,19,22,22,20,17,14,10,6,2,0,0,0,0,0,0,0,0,0,0,0,0,0,0,0,0
0,0,0,0,0,0,0,0,0,0,2,3,3,3,3,3,4,3,5,12,15,17,17,19,23,25,22,16,14,13,13,14,12,8,6,9,11,12,12,12,11,10,13,13,13,13,13,14,14,14,14,14,14,14,14,14,14,14,14,14,14,14,15,15,15,15,15,14,14,14,15,15,15,14,14,14,15,15,15,15,15,15,15,15,14,14,15,15,15,14,15,15,14,14,14,14,14,13,14,14,13,13,14,14,13,10,6,4,5,5,5,5,6,6,5,5,7,9,9,6,4,5,8,12,13,14,14,14,14,14,14,15,15,15,15,15,15,15,15,15,14,14,14,14,14,14,14,14,14,14,14,14,14,15,15,14,14,14,14,14,14,14,14,13,14,13,13,13,12,12,12,10,7,6,6,6,6,6,7,9,11,12,13,13,14,14,13,12,12,11,11,10,9,7,6,6,7,9,9,8,11,15,15,11,11,15,15,12,15,21,20,17,16,18,17,19,23,23,20,18,15,11,6,2,0,0,0,0,0,0,0,0,0,0,0,0,0,0,0,0
0,0,0,0,0,0,0,0,0,0,2,3,3,3,3,3,3,3,5,9,14,16,16,17,20,24,25,20,15,13,13,14,13,9,5,9,11,11,12,14,12,10,12,13,13,12,13,14,14,14,14,14,14,14,14,14,14,14,14,14,14,14,14,14,15,15,15,15,15,15,15,15,15,15,14,13,14,15,15,15,15,15,15,15,15,14,15,15,15,15,14,14,14,14,14,14,14,14,14,14,13,13,13,13,11,7,5,6,6,5,5,6,6,6,4,4,6,9,8,5,5,5,7,12,13,14,13,14,14,14,14,14,15,15,15,15,15,15,15,15,14,14,14,14,14,14,15,14,14,14,14,14,14,15,15,14,14,14,14,14,14,14,14,13,13,13,12,12,12,12,12,11,8,6,6,6,5,5,5,6,9,11,11,13,13,14,13,12,12,11,11,10,8,7,7,6,7,9,10,9,8,12,14,11,11,14,14,12,14,20,21,19,17,17,18,20,23,23,20,17,14,10,6,1,0,0,0,0,0,0,0,0,0,0,0,0,0,0,0,0
0,0,0,0,0,0,0,0,0,0,3,3,3,3,3,3,4,3,3,5,10,15,16,16,17,21,24,24,19,14,13,14,14,10,6,7,9,10,11,13,13,9,10,12,13,13,13,14,14,13,13,13,14,13,13,13,13,13,13,13,13,13,14,14,15,15,14,14,15,15,15,15,15,15,14,14,14,15,15,14,14,15,15,15,15,15,15,15,15,15,15,14,14,14,14,14,14,14,14,13,13,13,13,12,8,5,4,5,6,5,5,5,5,6,5,5,7,9,8,6,5,6,6,9,13,14,13,14,14,14,14,15,15,15,15,15,15,15,15,15,14,14,14,14,14,14,15,14,14,14,14,14,14,14,14,14,14,14,14,14,14,14,14,13,13,12,12,12,12,12,12,11,8,6,5,6,6,5,6,7,10,12,12,12,13,13,13,12,12,11,11,10,8,6,6,7,6,8,10,9,6,8,12,11,11,14,15,12,13,19,22,21,20,19,19,20,22,23,20,17,14,10,6,1,0,0,0,0,0,0,0,0,0,0,0,0,0,0,0,0
0,0,0,0,0,0,0,0,0,0,2,3,3,3,3,3,2,3,3,3,7,12,16,16,16,18,22,25,24,18,13,14,15,13,7,5,8,10,10,11,12,10,9,11,12,12,13,13,13,12,12,12,13,13,13,12,12,12,12,13,13,13,13,14,14,15,14,14,15,15,15,14,15,15,15,14,15,15,15,14,14,15,15,15,15,15,15,14,14,14,15,15,14,14,14,14,14,14,14,13,13,13,11,9,6,5,4,4,5,6,5,4,5,6,5,4,6,9,9,7,6,6,5,8,11,14,14,14,14,14,14,14,15,15,15,15,15,15,15,15,14,14,14,14,14,14,15,15,14,14,14,14,14,14,14,14,14,14,14,14,13,13,13,13,12,12,12,12,12,12,11,10,8,7,5,6,6,6,8,10,12,12,12,12,13,13,13,13,12,12,11,10,8,7,7,7,7,7,9,9,7,5,8,9,10,14,16,12,12,18,22,21,20,19,19,20,23,24,21,17,15,11,6,1,0,0,0,0,0,0,0,0,0,0,0,0,0,0,0,0
0,0,0,0,0,0,0,0,0,0,3,2,3,3,3,3,3,3,3,3,4,9,14,16,15,16,19,23,25,23,17,13,14,13,9,5,6,9,9,9,11,12,10,11,12,13,12,13,12,12,12,12,12,11,11,11,10,10,10,11,11,12,13,13,13,14,14,15,15,15,14,14,14,15,15,14,15,15,15,15,15,15,15,15,15,15,15,15,15,15,15,15,15,14,14,14,14,14,14,13,12,11,10,6,5,5,6,6,5,6,6,5,5,6,5,4,5,9,9,7,6,5,6,7,11,13,14,14,14,14,14,14,14,14,15,15,15,15,15,14,14,14,14,14,13,14,14,14,14,14,14,14,14,15,15,15,14,14,13,13,13,12,12,13,13,12,12,11,11,12,11,9,8,7,6,6,7,6,8,11,13,13,12,13,13,13,13,13,13,12,11,10,9,8,8,8,7,8,10,10,7,6,6,7,9,14,15,12,11,17,20,20,18,18,18,20,23,24,22,18,14,10,6,1,0,0,0,0,0,0,0,0,0,0,0,0,0,0,0,0
0,0,0,0,0,0,0,0,0,0,3,2,3,3,3,3,3,3,3,3,3,5,11,15,16,16,16,19,23,25,22,15,13,14,11,6,5,8,8,8,10,12,11,10,11,12,12,13,13,12,12,12,11,10,9,8,7,8,8,8,9,10,12,13,13,13,13,14,14,14,14,14,14,15,15,14,14,15,15,15,15,15,15,15,15,15,15,15,15,15,15,15,15,14,14,14,14,13,12,11,9,8,7,5,4,5,6,6,5,5,6,5,5,6,5,5,6,9,10,7,4,4,6,8,10,13,14,14,14,14,15,14,14,14,14,14,15,15,15,15,14,14,14,14,14,14,14,14,14,14,14,14,14,15,15,15,14,14,13,13,13,13,13,13,13,13,12,11,10,10,11,10,8,6,5,6,6,6,8,11,12,13,13,13,14,14,13,13,13,12,11,11,10,9,9,8,7,7,10,10,8,6,5,6,9,14,15,12,10,14,18,18,17,17,18,20,23,23,21,18,15,11,6,0,0,0,0,0,0,0,0,0,0,0,0,0,0,0,0,0
0,0,0,0,0,0,0,0,0,1,3,3,3,3,3,3,2,3,3,4,4,4,7,12,16,16,16,17,20,24,25,22,17,15,15,11,7,8,9,9,10,11,11,10,10,11,11,11,11,12,11,11,10,10,9,8,8,8,9,9,10,11,12,12,13,13,13,14,14,15,14,14,14,15,15,15,14,14,15,15,15,15,15,15,15,14,14,15,15,15,15,15,15,14,14,14,13,12,10,8,6,5,6,6,5,5,5,5,5,5,5,5,6,6,5,5,7,9,10,7,4,4,5,7,10,12,14,14,14,14,14,14,14,14,14,14,14,14,14,15,15,14,14,14,14,14,14,14,14,14,15,15,15,14,14,14,14,13,13,13,13,12,12,12,12,11,11,11,10,10,10,10,8,7,7,7,6,5,7,10,12,13,13,13,14,14,14,14,13,12,12,12,11,9,9,9,7,6,8,10,7,6,6,6,8,13,15,13,11,12,17,18,17,17,18,21,23,23,21,18,16,12,6,0,0,0,0,0,0,0,0,0,0,0,0,0,0,0,0,0
0,0,0,0,0,0,0,0,0,1,3,3,3,3,3,3,3,3,3,3,3,3,4,9,14,16,16,16,17,20,24,25,21,16,16,13,9,7,8,8,8,11,12,11,10,10,10,10,10,11,10,10,10,10,10,10,9,10,10,11,11,12,13,13,13,13,13,14,14,15,14,14,14,15,15,14,14,14,14,14,15,15,15,15,15,14,15,15,15,15,15,15,15,14,14,14,13,11,7,5,4,4,5,5,5,5,5,5,5,6,6,5,6,6,5,4,7,10,10,7,4,4,5,5,8,12,14,14,14,14,14,14,14,15,14,14,14,15,15,15,15,15,14,14,14,14,14,14,14,14,15,15,15,15,14,14,13,12,12,13,12,12,11,11,10,10,9,10,9,9,9,9,9,10,11,11,12,10,8,8,11,13,13,13,13,14,14,14,13,12,12,12,11,10,10,10,8,6,8,10,8,6,5,6,8,12,14,13,12,14,17,19,20,18,18,21,23,23,21,18,15,11,6,0,0,0,0,0,0,0,0,0,0,0,0,0,0,0,0,0
0,0,0,0,0,0,0,0,0,1,2,3,3,3,2,3,3,3,3,3,3,3,3,5,10,14,16,16,16,17,21,24,23,17,13,11,9,7,8,9,8,10,12,12,9,8,8,9,10,10,10,10,10,10,10,10,10,10,11,12,12,12,12,12,13,13,13,14,15,15,15,15,14,14,14,14,14,15,14,14,14,15,15,15,15,15,15,15,15,15,15,15,15,14,14,14,14,12,8,6,6,5,6,6,6,6,6,6,6,6,6,6,6,6,5,4,7,10,11,8,4,4,5,5,6,9,13,14,14,14,14,14,14,14,14,14,14,15,15,15,15,15,15,14,14,14,14,14,14,14,15,15,15,15,14,13,13,12,12,12,12,11,11,10,10,10,10,9,9,10,10,11,12,13,12,13,13,12,11,10,8,10,12,13,13,13,13,14,13,13,12,12,11,10,10,10,9,7,8,11,11,8,5,5,7,11,13,13,12,16,19,20,19,17,17,20,23,24,22,18,15,11,6,0,0,0,0,0,0,0,0,0,0,0,0,0,0,0,0,0
0,0,0,0,0,0,0,0,0,1,2,2,2,2,2,2,3,3,3,3,3,3,3,3,7,11,14,15,15,16,20,24,23,18,13,11,9,7,7,8,8,9,11,12,10,8,8,8,9,10,10,10,10,10,10,10,11,11,12,12,12,12,13,13,13,13,13,14,15,15,15,15,14,14,14,14,14,15,15,15,14,14,15,15,15,15,15,15,15,15,14,14,15,15,15,14,14,14,13,11,10,10,11,10,10,10,11,10,10,9,9,8,7,6,6,6,9,11,11,8,5,5,6,6,6,7,11,13,14,14,14,14,14,14,14,14,15,15,15,15,15,15,15,15,14,14,14,14,14,14,14,14,15,14,14,13,12,12,12,12,11,11,11,11,10,10,11,12,13,13,12,12,13,13,13,13,13,13,13,13,12,11,10,12,13,13,13,13,13,13,12,12,11,10,10,11,11,8,9,11,12,9,6,5,7,11,13,13,14,17,20,21,19,17,16,20,23,23,21,18,15,11,6,0,0,0,0,0,0,0,0,0,0,0,0,0,0,0,0,0
0,0,0,0,0,0,0,0,0,1,2,2,2,2,2,2,2,3,3,3,3,2,4,3,5,8,12,14,15,15,18,21,23,21,18,15,12,8,7,8,8,8,11,13,12,9,7,7,7,9,10,10,10,10,9,10,11,12,12,12,12,12,12,13,13,13,14,14,15,15,14,14,14,14,14,15,14,14,15,15,15,15,15,15,15,15,15,15,15,14,14,14,15,15,15,15,14,14,15,14,14,14,14,14,14,15,14,14,14,14,14,13,12,12,11,11,11,12,12,9,5,4,5,6,6,6,7,11,14,14,14,14,14,14,14,14,15,14,14,14,14,15,15,15,14,14,14,14,14,14,14,14,14,14,13,13,12,12,12,12,12,12,12,12,12,11,11,12,12,13,13,13,13,13,13,13,13,13,12,13,13,13,11,10,9,11,12,12,12,12,12,12,11,10,10,11,12,10,9,12,13,11,7,6,8,12,13,13,14,17,20,21,20,17,16,20,23,23,21,17,15,12,6,0,0,0,0,0,0,0,0,0,0,0,0,0,0,0,0,0
0,0,0,0,0,0,0,0,0,1,2,2,2,2,2,2,3,3,3,3,2,2,3,3,3,5,10,13,15,15,17,19,21,23,25,22,17,9,5,7,7,7,11,15,15,11,7,7,7,7,8,9,10,11,11,10,11,11,12,12,12,12,12,13,13,13,13,14,14,15,14,14,14,14,14,15,15,15,15,15,15,15,14,15,15,15,15,15,15,15,15,15,15,15,15,15,15,15,15,15,14,14,15,15,15,15,15,15,15,15,15,15,15,15,15,15,15,14,14,12,8,5,5,6,6,7,6,8,12,14,14,13,14,14,14,14,14,14,14,14,14,14,14,14,14,14,14,14,14,14,15,14,14,13,13,12,11,11,11,12,12,12,12,12,12,12,12,12,13,13,13,13,13,14,13,13,13,13,12,12,13,13,13,12,11,10,10,12,12,12,12,12,11,10,10,11,11,10,9,12,13,11,7,6,8,12,13,13,14,16,18,21,21,19,17,19,23,23,21,18,15,11,6,0,0,0,0,0,0,0,0,0,0,0,0,0,0,0,0,0
0,0,0,0,0,0,0,0,0,2,3,2,2,2,2,2,3,3,3,3,2,3,3,3,3,3,5,11,14,15,15,16,19,21,23,26,22,14,7,6,7,8,10,14,16,13,9,8,7,8,9,10,11,11,12,11,11,11,12,12,12,12,12,13,13,13,13,14,14,14,14,14,14,14,14,14,14,14,14,15,15,15,14,14,15,15,15,15,15,15,15,15,15,15,15,15,15,15,15,15,15,14,15,15,15,15,15,15,14,15,15,15,15,15,15,16,15,15,15,15,13,10,7,6,6,6,6,6,10,14,14,14,14,14,14,14,14,14,14,14,15,14,14,14,14,14,14,14,14,14,15,15,14,13,12,12,12,11,11,11,12,12,12,13,13,12,13,13,13,13,13,14,14,14,14,14,14,14,13,13,13,13,12,12,12,12,11,10,11,11,12,11,11,11,10,9,10,9,9,12,14,12,7,6,8,11,12,13,14,15,17,19,20,19,18,20,23,24,22,18,15,10,5,0,0,0,0,0,0,0,0,0,0,0,0,0,0,0,0,0
0,0,0,0,0,0,0,0,0,2,3,3,2,2,3,3,3,3,3,3,3,3,3,2,2,3,2,7,12,15,15,15,17,19,21,25,25,20,10,5,6,7,8,12,15,13,10,9,8,8,9,11,12,12,12,12,12,12,12,12,12,13,13,13,13,13,13,13,14,14,14,13,13,13,13,13,13,14,14,15,15,15,14,14,15,15,15,15,15,15,15,15,15,15,15,15,15,15,14,14,15,15,15,15,15,15,15,15,15,15,15,15,14,14,15,15,15,15,15,15,15,14,12,9,5,5,5,5,6,10,13,14,13,13,14,14,14,14,14,14,14,14,14,14,14,15,14,14,14,14,15,15,14,13,12,12,11,10,11,11,12,12,12,13,13,13,13,13,13,13,13,14,14,14,14,14,14,14,14,14,14,13,12,11,12,13,13,12,11,10,11,12,12,11,9,8,8,9,9,11,14,13,8,5,7,11,12,13,14,15,16,19,20,19,18,19,23,24,21,17,14,11,4,0,0,0,0,0,0,0,0,0,0,0,0,0,0,0,0,0
0,0,0,0,0,0,0,0,0,2,3,3,3,3,3,3,3,3,3,3,2,3,3,2,2,3,3,4,7,13,16,15,15,18,20,22,25,24,16,8,6,8,7,10,14,15,13,11,9,7,9,10,11,12,12,12,12,12,12,13,13,13,13,12,13,13,13,13,13,13,13,13,13,12,12,12,13,13,14,14,15,15,14,14,14,15,15,15,15,15,14,14,14,15,15,15,15,15,14,14,14,15,15,15,15,14,15,15,15,15,15,15,14,14,15,15,15,15,15,15,15,15,15,14,13,10,8,6,5,6,10,13,14,13,13,14,14,14,14,14,14,14,14,14,14,15,15,14,14,14,14,15,14,13,12,12,11,10,11,11,12,12,12,13,13,13,13,14,14,14,14,14,14,14,14,14,14,14,14,14,14,14,14,14,13,13,13,14,13,10,8,7,8,8,7,7,7,8,8,10,14,14,9,6,7,11,12,14,14,13,14,18,21,19,17,19,23,23,20,17,15,11,4,0,0,0,0,0,0,0,0,0,0,0,0,0,0,0,0,0
0,0,0,0,0,0,0,0,0,2,2,3,3,3,3,3,3,3,3,3,2,2,3,3,3,3,3,3,4,8,13,15,14,14,17,19,23,25,21,13,6,8,8,9,11,14,14,13,11,9,8,9,11,12,12,12,12,12,12,12,12,13,12,12,12,13,13,13,13,13,13,13,12,12,12,13,13,13,14,14,14,15,15,15,15,15,15,15,15,15,14,14,14,15,15,15,14,14,15,15,15,15,15,15,15,14,14,15,15,15,14,15,15,14,15,15,15,15,15,15,15,15,15,15,15,14,12,9,6,5,6,10,13,14,14,14,14,14,14,14,14,14,14,14,15,15,15,15,14,14,14,14,14,12,12,12,11,11,12,12,12,12,13,13,13,13,13,14,14,14,14,14,14,14,14,14,14,14,14,14,13,13,13,13,13,13,13,13,13,12,10,7,6,6,7,8,8,8,8,10,14,15,9,5,8,12,12,14,14,13,12,16,20,20,18,19,23,24,21,18,16,12,4,0,0,0,0,0,0,0,0,0,0,0,0,0,0,0,0,0
0,0,0,0,0,0,0,0,0,2,2,3,3,3,2,2,3,3,3,3,3,2,3,3,3,3,3,3,3,4,9,13,15,15,15,17,19,22,24,19,10,5,7,8,10,13,14,13,12,10,8,7,9,11,11,12,12,12,12,12,12,12,12,12,12,13,13,13,12,12,12,12,12,12,12,13,13,14,14,14,14,14,14,15,14,14,15,15,15,15,15,14,15,15,15,15,15,14,14,15,15,15,15,15,14,14,14,14,14,14,14,14,15,15,14,14,14,15,15,15,15,15,15,15,15,15,14,14,12,9,6,4,8,12,14,14,14,14,14,14,14,14,14,15,15,15,14,14,14,14,14,13,13,12,12,12,12,12,12,12,12,12,12,13,13,13,13,13,14,14,14,14,14,14,14,14,14,14,14,14,13,12,12,13,13,13,13,13,12,12,12,10,8,8,10,10,10,9,9,10,14,16,11,6,9,12,13,14,15,14,14,16,19,18,17,19,24,24,21,18,16,12,4,0,0,0,0,0,0,0,0,0,0,0,0,0,0,0,0,0
0,0,0,0,0,0,0,0,0,2,2,3,3,3,2,2,2,2,3,3,3,2,3,3,3,3,3,3,3,3,5,10,15,17,16,16,17,19,22,23,17,9,6,8,9,11,13,13,12,11,10,8,8,10,11,12,12,12,12,12,12,12,12,13,12,12,12,12,11,11,12,12,13,13,13,13,14,14,14,14,14,14,14,14,14,14,15,15,15,15,15,15,15,15,15,15,15,14,14,15,15,15,15,15,15,15,14,13,13,13,12,11,11,11,13,15,15,15,15,15,15,15,15,15,15,15,15,15,15,14,11,7,7,10,13,14,13,14,14,14,14,14,14,14,14,14,14,14,14,14,14,14,13,12,12,12,12,12,12,12,12,12,13,13,13,13,13,13,13,13,14,14,14,14,14,14,14,14,13,13,13,12,12,12,12,12,12,12,12,12,12,12,10,9,9,10,10,10,11,13,15,16,12,6,8,11,13,14,15,14,13,17,20,18,17,20,24,25,22,18,15,12,4,0,0,0,0,0,0,0,0,0,0,0,0,0,0,0,0,0
0,0,0,0,0,0,0,0,0,2,3,3,3,3,3,2,2,2,3,3,3,2,3,3,3,3,3,3,3,3,3,5,11,15,16,16,17,18,20,23,22,14,8,6,8,9,12,14,12,12,12,10,7,8,9,11,11,11,12,12,12,12,11,11,11,10,10,10,10,12,12,12,13,13,13,13,14,14,14,15,14,14,14,15,15,15,15,15,15,15,15,15,15,15,15,15,14,14,14,14,15,15,15,14,15,14,14,13,12,12,12,12,11,8,9,9,10,12,13,14,14,14,15,15,14,15,15,15,15,15,15,13,10,10,12,14,14,14,15,15,15,15,14,14,14,14,15,14,14,14,15,14,13,12,12,13,12,12,13,13,13,13,13,13,13,13,13,13,13,13,13,14,14,14,14,14,14,13,13,13,13,12,12,12,11,11,12,12,12,12,12,12,11,10,10,10,9,8,9,12,16,17,12,7,8,11,13,15,15,13,12,18,22,21,19,20,24,25,22,19,16,12,4,0,0,0,0,0,0,0,0,0,0,0,0,0,0,0,0,0
0,0,0,0,0,0,0,0,0,3,3,3,3,3,3,2,3,3,3,3,3,2,3,3,3,3,3,3,3,3,3,2,6,11,15,16,15,17,19,23,25,20,13,7,6,9,12,15,16,14,13,12,9,7,7,9,10,10,11,11,10,9,9,8,8,10,10,11,12,12,13,13,13,13,13,13,14,14,15,15,15,14,14,15,15,15,15,15,15,15,15,15,15,15,15,14,14,14,14,15,15,15,15,15,15,15,14,13,13,13,13,13,12,9,7,6,6,7,9,12,13,14,14,15,15,15,15,15,14,14,15,15,14,12,13,14,14,14,14,14,15,15,15,15,15,15,14,14,14,14,14,14,14,13,12,13,13,13,13,13,13,13,13,13,13,13,13,13,13,13,14,14,14,14,14,14,14,13,13,13,12,11,11,11,11,11,11,11,11,11,11,11,11,10,10,9,9,9,9,11,15,16,12,7,7,11,14,15,15,12,11,17,23,23,19,20,24,25,22,19,16,12,3,0,0,0,0,0,0,0,0,0,0,0,0,0,0,0,0,0
0,0,0,0,0,0,0,0,0,3,3,3,3,3,3,2,2,3,3,2,2,2,3,3,3,3,3,3,2,3,3,3,3,6,12,15,16,15,17,21,24,24,19,11,6,8,11,14,16,16,14,12,11,9,6,6,7,9,9,8,7,7,7,8,10,11,12,12,13,13,13,13,13,13,13,14,14,14,14,14,15,15,14,15,15,15,15,15,15,15,15,15,14,14,14,14,14,14,14,14,15,15,15,15,15,15,15,14,14,13,13,13,13,11,8,7,6,6,10,12,13,13,13,14,15,15,15,15,14,14,14,15,15,15,14,14,14,14,14,14,15,15,15,15,15,15,14,14,14,14,15,14,14,13,13,13,13,13,13,13,13,13,13,13,13,13,13,13,13,13,14,14,14,14,14,14,14,14,13,13,12,11,11,11,11,10,10,10,10,11,11,11,11,12,11,10,9,9,9,11,13,15,12,8,7,10,14,15,14,11,11,17,22,21,19,20,24,26,23,19,16,12,2,0,0,0,0,0,0,0,0,0,0,0,0,0,0,0,0,0
0,0,0,0,0,0,0,0,0,3,3,3,3,2,2,3,2,2,2,2,2,2,3,3,3,3,3,3,2,3,3,3,3,4,8,13,15,15,15,16,20,23,23,18,9,6,9,12,14,16,16,13,11,11,9,6,6,7,8,7,7,7,9,10,11,12,12,12,13,13,13,13,14,14,14,14,14,14,14,14,15,15,14,14,14,15,15,15,15,15,15,15,14,14,14,15,15,15,14,14,14,14,14,14,14,15,15,14,14,14,13,13,12,12,10,8,8,11,12,13,13,13,13,14,15,15,15,15,14,14,15,15,15,15,15,14,14,14,14,14,15,15,15,15,14,14,14,14,14,14,14,14,14,13,13,14,14,14,13,13,14,14,14,13,14,14,14,13,13,13,14,14,14,14,14,14,14,13,13,13,12,12,11,11,11,9,9,8,8,9,10,10,10,11,11,10,10,10,10,11,13,14,11,7,7,11,14,15,15,12,11,16,21,20,18,19,24,25,23,19,16,12,1,0,0,0,0,0,0,0,0,0,0,0,0,0,0,0,0,0
0,0,0,0,0,0,0,0,1,3,3,2,2,3,3,3,2,2,2,3,2,2,2,3,3,3,3,3,3,3,3,3,3,3,5,10,15,16,15,16,18,21,23,23,16,8,6,10,12,15,16,16,13,12,12,10,7,6,7,7,7,8,10,11,11,12,12,12,13,13,13,13,14,14,14,14,13,14,14,14,15,15,14,14,14,14,15,15,15,15,14,14,15,14,14,14,15,14,14,13,13,14,14,14,14,14,14,14,15,15,14,13,13,13,12,9,9,11,13,13,13,13,14,14,15,14,14,14,15,14,15,15,15,15,15,14,14,14,14,14,14,15,15,15,14,14,14,14,14,14,14,14,14,14,14,14,14,14,14,14,14,14,14,14,14,14,14,14,14,14,14,14,14,14,14,14,14,14,13,13,13,13,12,11,11,10,9,8,8,8,9,8,9,10,10,10,10,10,11,12,14,14,10,7,7,11,14,15,15,13,13,16,20,20,18,20,24,24,22,19,16,11,0,0,0,0,0,0,0,0,0,0,0,0,0,0,0,0,0,0
0,0,0,0,0,0,0,0,1,3,3,3,2,3,3,3,3,3,2,3,2,2,2,2,3,3,3,3,3,3,3,3,3,3,3,6,11,15,16,16,17,19,21,24,22,16,7,6,11,13,15,16,14,12,12,12,10,7,5,6,7,9,11,12,11,12,12,12,13,13,13,13,14,14,13,13,13,13,14,14,14,14,14,14,14,14,14,14,14,15,14,14,14,15,14,14,14,14,13,13,13,13,13,13,13,13,14,14,15,15,14,13,13,12,11,10,9,11,13,13,13,14,14,15,15,14,14,14,14,14,15,15,15,15,15,14,14,15,15,14,14,14,15,15,14,14,14,14,14,14,14,14,14,14,14,14,14,14,14,14,14,14,14,14,14,14,14,14,14,14,14,14,14,14,14,14,14,14,14,14,13,13,12,12,12,12,11,10,9,8,8,8,8,9,10,10,9,9,11,13,15,14,10,7,8,11,14,14,13,13,14,17,19,19,18,21,25,25,22,18,15,11,0,0,0,0,0,0,0,0,0,0,0,0,0,0,0,0,0,0
0,0,0,0,0,0,0,0,1,2,3,3,3,3,3,2,3,3,3,2,3,2,2,2,2,2,2,2,3,3,3,3,3,3,3,3,5,12,15,15,15,17,18,20,23,22,14,7,7,12,14,15,15,14,12,12,12,9,6,6,8,10,11,12,12,12,12,12,12,13,13,14,14,14,13,13,13,13,14,14,14,14,14,14,14,14,14,14,14,14,14,14,14,14,14,14,14,13,13,13,12,13,13,13,12,12,13,14,14,14,14,13,12,12,11,10,10,11,13,13,13,14,15,15,15,14,14,14,15,15,15,15,15,15,15,14,14,14,15,15,14,15,15,15,14,14,14,14,14,14,14,14,14,14,14,14,14,14,14,14,14,14,14,14,14,14,14,14,14,14,14,14,14,14,14,14,14,14,14,14,13,13,13,13,12,12,11,10,9,8,8,8,8,8,9,10,9,9,11,13,15,14,10,8,9,11,14,14,14,13,14,18,19,18,18,21,24,24,22,18,15,11,0,0,0,0,0,0,0,0,0,0,0,0,0,0,0,0,0,0
0,0,0,0,0,0,0,0,1,2,3,3,3,3,2,2,3,3,3,2,3,3,2,2,3,3,2,2,2,2,2,2,3,3,3,3,3,6,12,15,15,15,17,20,21,24,21,14,6,8,12,13,14,14,13,12,12,12,9,7,8,10,11,12,12,12,12,12,13,13,13,13,14,14,14,13,13,13,13,13,13,13,13,13,13,13,13,14,14,14,14,14,14,14,14,14,14,13,13,12,12,12,12,12,12,12,12,13,14,14,14,13,13,12,11,10,11,12,13,13,13,14,14,14,14,15,14,14,14,14,15,15,15,14,14,14,14,14,14,15,15,15,15,15,14,14,14,14,14,14,14,14,14,14,14,14,14,14,14,14,14,14,14,14,14,14,14,14,14,14,14,14,14,14,14,14,14,14,14,14,14,13,13,13,12,12,11,10,10,9,8,8,8,8,9,9,10,10,12,15,16,14,9,6,8,12,14,14,14,13,14,17,19,18,18,22,24,24,21,18,16,11,0,0,0,0,0,0,0,0,0,0,0,0,0,0,0,0,0,0
0,0,0,0,0,0,0,0,1,3,3,3,3,3,2,2,2,3,2,2,2,2,2,3,3,3,3,2,2,2,2,2,3,3,3,2,3,3,6,12,15,15,15,17,19,21,23,20,11,5,8,12,13,14,14,13,12,12,12,10,8,10,11,12,12,12,12,13,13,13,13,13,13,13,14,14,13,13,13,13,12,12,12,13,13,13,13,13,13,14,14,14,14,14,14,14,14,14,13,12,12,11,11,11,11,11,11,11,12,13,13,13,13,13,12,11,11,13,13,12,12,13,13,13,13,13,14,14,14,14,14,15,15,15,14,14,14,14,14,14,15,15,15,14,14,14,14,14,14,14,14,14,14,14,14,15,15,14,14,14,13,14,14,14,14,14,14,14,14,14,14,14,14,15,14,14,14,14,14,14,14,13,13,13,12,12,11,10,11,9,8,7,7,8,8,9,8,8,11,15,15,13,8,6,8,12,14,14,13,13,14,16,17,17,19,22,24,24,21,18,15,11,0,0,0,0,0,0,0,0,0,0,0,0,0,0,0,0,0,0
0,0,0,0,0,0,0,0,2,3,3,3,3,3,3,3,2,2,2,2,2,2,1,2,2,3,3,2,2,2,2,2,2,3,2,2,3,4,3,7,13,16,15,15,16,18,21,22,19,11,7,9,12,13,14,15,14,12,12,12,10,9,10,12,12,12,12,13,13,13,13,13,13,13,13,13,13,13,12,12,12,12,12,12,12,13,13,13,13,14,14,14,14,14,14,14,14,14,13,12,12,12,12,11,10,10,10,10,11,12,13,13,13,13,13,12,11,12,13,12,12,12,12,12,13,13,13,13,13,14,14,14,14,14,14,15,15,14,14,14,14,15,15,15,14,14,14,14,14,14,14,14,14,14,14,14,14,14,14,14,14,14,14,14,14,14,14,14,14,14,14,13,13,14,14,14,14,14,14,14,14,13,13,13,12,12,11,11,11,10,8,7,7,8,8,9,9,7,9,13,15,12,8,6,8,12,14,14,13,12,14,15,16,17,20,23,25,24,22,19,16,11,0,0,0,0,0,0,0,0,0,0,0,0,0,0,0,0,0,0
0,0,0,0,0,0,0,0,2,2,3,3,3,3,2,3,2,2,2,2,2,3,2,2,2,2,2,2,2,2,2,2,2,2,2,2,2,3,4,3,9,14,16,15,16,18,20,22,23,18,11,8,10,13,14,16,16,14,12,12,12,10,10,11,12,12,12,12,13,13,13,13,13,13,13,13,13,12,12,12,12,11,12,12,12,13,13,13,13,14,14,14,14,14,14,14,14,14,13,13,12,12,12,12,11,10,9,10,12,13,13,12,12,13,14,13,12,11,12,12,12,12,12,12,12,12,13,13,13,14,14,14,14,14,14,15,15,15,14,14,14,14,15,15,15,14,14,15,15,14,14,14,14,14,14,14,14,14,14,14,14,14,14,14,14,14,14,14,14,14,14,13,13,14,14,14,14,14,14,14,13,13,13,13,13,12,12,12,11,10,8,7,8,8,9,10,9,8,10,15,16,13,8,6,8,12,14,14,13,13,14,15,15,17,21,23,24,23,22,19,15,9,0,0,0,0,0,0,0,0,0,0,0,0,0,0,0,0,0,0
0,0,0,0,0,0,0,0,2,2,2,2,2,2,2,2,2,2,3,2,2,3,3,3,3,2,2,2,2,3,3,3,2,2,2,2,2,2,3,3,4,9,14,15,15,16,18,20,22,23,19,11,8,10,13,14,16,16,13,12,12,12,11,11,11,12,12,12,13,12,12,13,13,13,12,12,12,12,12,11,11,11,12,12,12,12,13,13,13,13,13,14,14,14,14,14,14,14,13,13,13,13,12,12,12,12,10,10,10,12,12,12,12,13,14,13,12,11,11,12,12,12,12,12,12,12,12,12,13,13,14,14,14,14,15,15,15,15,14,14,14,14,15,15,14,14,14,15,15,14,14,14,14,14,14,14,14,14,14,14,14,14,14,14,14,14,14,14,14,14,14,14,13,14,14,14,13,14,14,14,13,13,13,13,13,12,12,12,12,10,8,8,8,8,9,11,11,9,10,13,16,13,7,5,9,12,14,14,13,13,14,14,14,17,21,23,24,22,21,18,15,8,0,0,0,0,0,0,0,0,0,0,0,0,0,0,0,0,0,0
0,0,0,0,0,0,0,0,2,2,2,2,2,2,2,2,2,2,3,3,2,2,3,3,3,2,2,2,2,3,3,3,3,3,3,2,2,3,3,3,3,3,10,14,14,15,16,18,20,22,23,18,10,7,10,13,14,15,15,13,12,13,12,11,10,11,12,12,12,13,12,12,12,12,12,12,12,12,11,11,12,12,11,12,12,12,13,13,13,13,13,14,14,14,14,14,14,14,14,13,13,13,13,13,12,12,12,11,10,10,11,12,13,13,13,13,13,12,12,12,12,12,12,12,11,11,11,12,12,13,13,13,14,14,15,14,14,14,14,14,14,14,15,15,15,15,14,14,14,14,14,14,14,14,14,14,14,14,14,14,14,14,14,14,14,14,14,14,14,14,14,14,14,14,14,14,13,14,14,14,14,13,14,13,13,12,12,12,12,10,9,8,7,7,9,11,11,10,11,14,15,12,7,6,9,13,14,14,13,14,14,13,13,17,21,24,24,23,22,19,15,7,0,0,0,0,0,0,0,0,0,0,0,0,0,0,0,0,0,0
0,0,0,0,0,0,0,0,2,2,2,2,2,2,3,3,2,2,3,3,2,2,2,3,3,3,3,2,3,3,3,3,3,3,3,3,2,2,3,4,4,3,5,11,14,15,15,17,19,19,22,22,18,9,7,11,13,15,15,14,13,12,13,12,10,10,11,12,12,12,12,12,12,11,11,11,11,11,10,11,12,12,11,12,12,12,13,13,14,14,13,14,14,14,14,14,14,14,14,14,13,13,13,14,13,12,12,12,11,10,10,10,11,12,12,12,12,12,12,12,12,11,12,11,11,11,11,11,12,12,13,13,13,14,14,15,14,14,14,14,14,15,15,14,14,15,14,14,14,14,14,14,14,14,14,14,14,14,14,14,14,13,14,14,14,14,14,14,14,14,14,14,14,14,14,14,13,14,13,13,13,13,13,13,13,12,12,12,12,10,9,7,7,7,9,11,10,9,10,13,14,11,7,6,10,13,14,14,13,15,16,14,13,17,22,24,24,24,23,19,14,6,0,0,0,0,0,0,0,0,0,0,0,0,0,0,0,0,0,0
0,0,0,0,0,0,0,0,3,2,2,2,2,2,3,3,3,2,2,2,2,2,2,2,3,3,3,2,2,2,3,3,3,3,3,3,3,2,3,3,4,3,3,6,11,15,15,16,18,19,20,22,23,17,10,8,11,14,14,15,14,12,13,13,12,11,11,11,12,12,11,12,12,11,11,11,10,10,10,11,11,12,12,12,12,12,13,13,14,14,14,14,14,14,14,14,13,14,14,14,14,14,13,13,13,12,12,12,12,11,10,8,9,10,11,12,12,12,12,12,12,12,12,12,12,11,11,10,11,12,12,13,14,14,14,15,15,14,14,14,15,15,15,14,14,14,14,14,14,14,14,14,14,14,14,14,13,13,14,14,14,14,14,14,14,14,13,13,14,14,14,14,14,14,14,13,13,13,13,13,13,13,13,13,12,12,12,12,12,11,9,8,7,8,10,11,9,8,11,14,14,11,7,7,10,13,14,14,14,16,16,14,14,19,23,24,24,22,20,18,14,5,0,0,0,0,0,0,0,0,0,0,0,0,0,0,0,0,0,0
0,0,0,0,0,0,0,0,3,2,2,2,2,2,2,2,3,3,3,2,2,2,2,2,2,2,3,2,2,2,3,3,3,3,3,3,3,3,3,3,3,3,3,3,6,12,15,15,16,18,19,20,23,23,17,10,7,10,12,14,14,14,13,12,12,11,11,11,11,11,11,11,12,12,11,10,9,9,10,11,11,12,12,12,12,12,13,13,13,14,14,14,14,14,14,14,14,14,14,14,14,13,13,13,13,13,12,12,12,12,11,10,9,9,11,12,12,12,12,12,12,12,12,12,12,12,12,12,11,12,12,13,14,14,14,14,15,14,14,14,14,15,15,14,14,14,14,14,14,14,14,14,14,14,13,13,13,13,13,13,13,14,14,14,14,13,13,13,14,14,14,14,13,14,14,13,13,13,13,12,12,12,12,12,12,13,13,12,11,11,11,8,7,9,11,11,9,9,13,16,16,11,7,8,11,13,14,13,14,16,16,13,15,20,24,24,24,23,21,17,14,5,0,0,0,0,0,0,0,0,0,0,0,0,0,0,0,0,0,0
0,0,0,0,0,0,0,0,3,2,2,2,2,2,2,2,2,2,2,2,2,2,2,2,2,2,2,2,3,2,3,3,3,3,3,3,2,3,3,3,3,3,3,3,3,7,12,15,15,15,17,19,20,22,22,18,11,8,10,12,13,14,14,14,13,12,11,11,11,11,11,12,12,11,10,10,9,9,10,11,12,12,12,12,12,13,13,13,13,14,14,14,14,14,14,14,13,14,14,14,14,14,13,13,13,13,12,12,12,12,12,10,10,10,11,12,12,13,12,12,12,12,13,13,13,12,12,13,12,12,13,13,14,14,14,14,15,14,14,14,14,14,14,14,14,14,14,14,14,14,14,14,14,14,13,13,13,13,12,13,13,13,13,13,14,14,14,14,13,13,13,13,13,14,14,13,13,13,13,12,12,12,12,12,12,12,12,12,11,11,11,9,8,9,12,11,9,9,12,16,15,10,6,8,12,13,14,14,14,16,15,14,16,21,24,24,24,24,21,17,14,4,0,0,0,0,0,0,0,0,0,0,0,0,0,0,0,0,0,0
0,0,0,0,0,0,0,0,3,3,3,3,2,2,3,3,2,2,2,2,3,2,2,2,2,2,2,2,3,3,3,3,3,3,3,3,2,3,3,3,3,3,3,3,3,4,8,13,16,15,16,19,20,19,22,23,19,12,9,10,12,12,14,15,14,13,11,11,11,11,10,10,10,10,9,9,10,10,11,12,12,12,12,13,13,13,13,13,13,13,13,13,13,13,13,13,14,14,14,14,13,13,13,13,13,12,12,12,13,13,12,11,10,11,12,12,12,13,13,13,12,12,13,13,13,13,13,13,13,13,13,13,14,14,14,14,14,14,14,14,14,14,14,14,14,14,14,14,14,14,14,14,14,14,13,13,13,12,12,12,12,13,13,13,13,13,14,14,13,13,13,13,13,13,13,14,13,13,12,12,12,12,12,12,12,12,12,11,11,11,10,8,8,10,12,11,8,9,12,15,13,7,5,9,13,14,13,14,16,16,15,14,18,22,25,24,23,22,20,16,14,3,0,0,0,0,0,0,0,0,0,0,0,0,0,0,0,0,0,0
0,0,0,0,0,0,0,0,3,3,3,3,2,2,3,3,3,3,3,3,3,3,3,3,2,2,2,2,2,3,2,3,3,3,3,3,2,3,3,3,3,3,3,3,3,2,3,8,14,15,15,16,18,17,18,22,23,20,13,8,9,11,12,14,15,14,12,11,11,11,10,8,6,6,7,9,10,11,12,11,11,12,12,13,13,13,13,13,13,13,13,13,13,13,14,13,13,14,14,14,13,13,12,12,12,12,12,12,12,13,12,10,10,11,12,12,12,12,12,12,12,12,12,13,14,14,14,13,13,14,14,14,14,14,14,14,14,14,13,14,14,14,14,14,14,15,14,14,14,14,14,14,14,14,13,13,13,13,12,12,11,11,12,13,13,13,13,13,13,13,13,13,13,13,13,13,13,13,12,12,12,12,12,12,12,12,11,11,11,11,10,9,9,11,12,11,8,8,12,14,12,8,6,10,14,14,13,15,17,17,14,15,19,23,25,23,22,20,18,15,13,2,0,0,0,0,0,0,0,0,0,0,0,0,0,0,0,0,0,0
0,0,0,0,0,0,0,0,2,2,2,3,3,2,2,2,3,3,3,3,3,3,3,3,3,2,2,2,2,2,2,2,2,2,2,2,2,3,3,3,3,3,3,3,3,2,2,2,8,14,15,15,16,17,18,19,22,23,20,11,7,8,10,12,14,15,14,13,12,11,10,9,8,6,6,7,10,11,11,11,11,12,12,13,13,13,13,12,12,13,13,13,13,13,13,13,13,13,13,14,13,13,12,12,12,11,11,11,11,12,11,10,9,11,12,12,12,12,12,12,12,12,12,13,13,14,14,13,13,14,14,14,14,14,14,14,14,14,14,14,14,14,14,14,14,14,14,14,14,14,14,14,14,14,14,13,13,13,12,12,11,10,11,12,12,12,13,13,13,13,13,13,13,13,13,13,13,13,12,12,12,12,12,12,12,12,11,11,11,11,10,8,10,12,12,9,8,12,14,13,10,7,7,11,14,14,13,15,18,17,15,16,20,24,24,23,22,21,18,15,14,1,0,0,0,0,0,0,0,0,0,0,0,0,0,0,0,0,0,0
0,0,0,0,0,0,0,1,2,2,2,2,2,2,2,2,3,3,3,2,2,3,3,3,3,2,2,2,2,2,2,2,2,2,2,2,2,3,3,3,3,3,3,3,3,3,3,3,5,10,14,15,14,16,20,21,21,23,23,20,13,9,9,11,13,15,15,15,13,12,11,10,10,9,8,8,9,11,11,11,11,12,13,13,13,13,12,12,12,13,13,13,13,13,13,13,13,13,14,14,14,13,13,12,12,12,12,11,11,10,7,7,8,10,11,12,11,11,12,12,12,12,12,13,13,13,14,14,14,14,14,14,14,14,14,14,14,14,14,14,14,14,14,14,14,14,14,14,14,14,14,14,14,14,14,14,13,13,13,12,12,11,11,11,11,12,13,13,12,13,13,13,13,14,13,13,13,13,13,12,12,12,11,11,11,11,11,11,11,10,8,7,10,12,12,8,8,12,15,13,9,6,8,12,14,14,14,15,17,16,15,17,22,24,24,23,23,21,17,15,13,0,0,0,0,0,0,0,0,0,0,0,0,0,0,0,0,0,0,0
0,0,0,0,0,0,0,1,2,2,2,2,2,2,2,2,2,3,3,2,2,2,2,2,2,2,2,2,2,2,3,2,2,2,2,2,2,3,3,3,3,3,3,3,3,2,2,4,3,5,11,15,15,14,16,20,21,21,22,24,21,14,8,9,11,13,14,16,15,14,13,12,11,11,10,9,9,11,12,12,11,12,12,13,13,13,13,12,12,13,13,13,13,13,12,12,12,13,14,14,14,13,13,13,12,12,11,11,11,11,9,6,7,9,11,11,10,11,12,12,12,12,12,13,13,13,13,14,14,14,14,14,14,14,14,14,14,14,14,14,14,14,14,14,14,14,14,14,14,14,14,14,14,14,14,14,13,13,13,13,12,12,11,11,10,10,12,12,13,13,13,13,13,13,13,13,13,13,13,12,12,11,11,11,10,10,10,10,10,8,6,8,11,12,12,9,9,13,15,13,8,6,9,13,14,14,15,15,15,15,16,19,23,24,24,23,21,19,17,14,12,0,0,0,0,0,0,0,0,0,0,0,0,0,0,0,0,0,0,0
0,0,0,0,0,0,0,1,2,2,2,2,2,2,2,2,2,2,3,2,2,2,2,2,2,2,2,2,2,2,3,3,3,3,3,2,2,3,3,3,3,3,3,2,2,2,2,3,3,2,6,11,15,15,14,16,19,19,19,21,23,21,14,8,8,10,12,13,14,14,14,14,12,11,10,10,10,10,11,11,11,11,11,12,13,13,13,13,12,12,12,12,12,12,12,12,11,12,12,13,13,13,13,13,13,13,12,12,12,12,11,9,8,10,11,10,9,9,11,12,12,12,12,13,13,13,13,14,14,14,14,14,14,14,14,14,14,14,14,14,14,14,14,14,14,14,14,14,14,14,13,14,14,14,14,14,13,13,13,13,12,12,12,11,11,10,11,11,12,12,12,12,12,12,12,12,12,13,13,12,11,11,11,11,10,10,9,9,9,7,6,8,12,13,11,10,11,13,14,12,8,7,10,13,13,14,14,15,14,14,17,21,24,24,23,23,21,18,15,14,13,0,0,0,0,0,0,0,0,0,0,0,0,0,0,0,0,0,0,0
0,0,0,0,0,0,0,1,2,2,2,2,2,2,2,2,2,2,2,2,2,2,2,2,2,2,2,2,2,2,2,2,3,3,3,3,2,3,3,3,3,3,3,2,2,2,2,3,3,3,2,4,11,14,15,14,16,18,18,19,21,23,23,16,9,8,10,12,12,13,14,14,14,12,11,10,11,10,10,10,11,11,11,11,12,12,12,12,12,12,12,12,12,11,11,12,11,11,12,12,13,13,13,13,13,13,12,12,12,12,12,10,10,12,12,11,9,9,10,11,11,11,12,12,13,13,13,14,14,14,13,13,13,14,14,14,14,14,14,14,14,14,13,14,14,14,13,13,14,14,13,13,14,14,14,14,13,13,13,13,12,12,12,12,12,12,11,10,9,10,10,11,11,12,13,13,13,13,12,12,12,11,11,10,9,9,9,8,5,5,7,10,12,13,12,11,12,13,12,9,5,8,11,13,13,14,14,14,13,14,18,22,24,24,23,22,20,17,14,13,10,0,0,0,0,0,0,0,0,0,0,0,0,0,0,0,0,0,0,0
0,0,0,0,0,0,0,1,2,2,2,2,2,2,2,2,2,2,2,3,2,2,2,2,2,2,2,2,2,3,3,3,2,2,2,3,3,3,3,3,3,3,3,2,2,2,2,2,3,3,2,2,5,11,15,15,14,16,19,19,19,21,24,22,17,9,5,9,11,11,13,14,15,14,13,12,11,11,11,10,10,10,11,11,11,11,11,11,12,12,12,12,12,11,11,11,11,12,12,12,12,13,13,13,13,13,13,12,12,13,12,10,10,11,12,11,9,9,10,11,11,11,11,12,13,13,13,13,14,13,13,13,13,14,14,14,14,13,13,14,14,14,13,14,14,14,13,13,13,14,14,14,14,14,14,13,13,13,13,13,12,12,12,11,12,12,12,11,11,10,10,9,9,9,11,12,13,13,12,12,11,11,10,9,9,9,9,8,7,6,9,11,12,12,12,12,13,12,10,6,5,9,12,13,14,14,14,14,13,16,21,24,23,23,23,22,19,16,14,14,9,0,0,0,0,0,0,0,0,0,0,0,0,0,0,0,0,0,0,0
0,0,0,0,0,0,0,1,2,2,2,2,2,2,2,2,2,2,2,3,2,2,2,3,2,2,2,2,2,3,3,3,2,2,2,3,3,3,2,2,3,3,3,2,2,2,2,2,2,2,2,2,3,6,11,15,15,14,16,19,19,19,21,23,23,17,10,7,8,10,11,12,13,14,14,13,12,11,10,10,10,10,10,11,11,11,11,11,11,12,12,12,12,12,11,11,11,11,12,12,12,12,12,13,13,13,12,12,12,12,12,11,11,12,12,11,9,10,11,12,12,11,11,12,12,13,13,14,13,14,13,13,14,13,13,13,13,13,13,13,14,14,14,14,14,14,13,13,14,14,14,14,14,14,14,13,14,14,14,13,13,12,11,11,11,12,12,11,12,11,10,9,8,8,8,9,10,11,11,11,11,10,9,8,8,8,8,8,8,9,11,12,12,11,11,12,13,11,8,6,7,11,13,13,14,14,14,13,14,18,23,25,23,22,21,21,18,15,13,11,7,0,0,0,0,0,0,0,0,0,0,0,0,0,0,0,0,0,0,0
0,0,0,0,0,0,0,2,2,2,2,3,3,2,2,2,2,2,2,3,2,2,2,3,2,2,2,2,2,3,3,3,2,2,2,2,2,3,3,3,2,2,3,3,3,2,3,2,2,2,2,3,3,2,5,11,15,16,15,17,19,20,19,20,23,24,19,12,7,8,10,11,12,13,14,14,14,14,13,11,10,10,10,10,11,11,11,11,11,11,11,11,11,12,11,11,10,10,11,12,12,13,13,13,13,13,12,12,12,12,12,11,11,12,11,10,9,9,11,12,11,11,12,12,12,13,13,14,14,14,14,13,13,13,12,12,12,12,12,13,14,14,14,14,14,14,13,13,13,14,14,13,14,13,13,13,14,14,14,13,12,12,12,11,11,12,11,11,10,11,10,10,10,9,8,7,7,7,8,8,9,9,8,7,6,7,7,7,8,10,12,12,11,11,11,12,13,10,7,6,9,12,14,14,14,14,14,13,15,21,24,24,24,22,20,18,16,14,13,9,4,0,0,0,0,0,0,0,0,0,0,0,0,0,0,0,0,0,0,0
0,0,0,0,0,0,0,2,2,2,2,3,3,2,2,2,2,2,2,3,2,2,2,3,2,2,2,2,2,3,3,3,2,2,2,2,2,2,2,2,2,2,3,3,3,3,3,3,2,2,2,3,3,3,2,6,11,15,15,14,16,18,19,19,19,22,23,20,14,8,7,9,10,11,13,14,14,14,14,14,12,10,10,10,9,9,10,10,11,11,11,11,11,11,10,10,9,10,11,12,12,12,13,13,13,13,12,12,12,12,11,11,10,10,10,8,7,9,11,12,12,12,12,12,12,13,13,13,13,13,14,13,13,13,12,12,12,12,12,12,12,13,13,14,14,13,13,13,13,13,13,13,13,13,13,13,13,14,14,13,12,12,12,11,11,11,11,11,11,11,10,10,10,9,9,9,7,6,5,4,6,6,7,6,5,6,6,7,9,11,13,12,11,11,12,14,12,9,6,7,11,13,14,14,14,14,13,14,17,22,24,23,23,22,21,18,15,14,12,8,3,0,0,0,0,0,0,0,0,0,0,0,0,0,0,0,0,0,0,0
0,0,0,0,0,0,0,2,3,2,2,3,3,2,2,2,3,3,3,3,2,2,3,3,2,2,2,2,2,3,3,3,2,2,2,2,2,3,3,3,2,2,2,3,3,3,3,3,3,3,2,3,3,3,2,3,5,12,14,14,14,16,18,19,18,19,21,23,22,17,10,7,8,9,11,13,14,14,14,15,15,14,11,10,9,8,8,8,9,9,9,9,9,8,7,7,9,10,11,12,12,12,12,12,12,12,12,12,12,12,11,10,9,9,8,8,8,9,11,11,11,11,12,12,13,13,13,13,13,13,13,13,13,13,12,12,11,11,12,12,12,12,13,13,13,13,13,13,13,13,13,13,13,13,13,13,13,13,13,13,13,12,12,12,12,11,10,10,10,10,10,10,10,9,9,9,9,7,6,5,5,5,5,6,6,6,6,7,9,12,13,13,11,11,13,13,11,8,7,9,11,14,14,14,14,13,13,16,21,24,24,23,22,20,18,16,15,14,10,6,2,0,0,0,0,0,0,0,0,0,0,0,0,0,0,0,0,0,0,0
0,0,0,0,0,0,0,3,3,3,2,2,2,2,2,2,3,3,3,3,3,3,3,3,3,2,2,2,2,2,2,2,2,2,2,2,2,2,3,3,2,2,2,2,2,3,3,3,3,2,2,3,3,3,3,3,3,4,10,14,14,14,15,17,18,18,19,21,23,23,18,11,5,5,7,11,13,14,14,14,13,13,13,11,9,8,7,7,5,5,6,6,6,6,6,6,8,10,11,11,11,11,12,12,12,12,11,12,12,12,11,10,9,9,8,8,8,10,11,11,11,12,12,12,12,13,13,13,13,13,13,13,12,12,12,11,11,11,11,12,12,12,13,13,13,13,13,13,13,13,13,13,13,13,13,13,13,13,13,13,13,13,12,12,12,12,11,10,9,10,10,10,10,10,10,9,9,8,7,7,6,5,5,6,7,6,6,8,11,14,14,14,13,13,13,12,9,7,8,10,12,13,15,14,14,13,14,18,23,25,24,23,22,20,17,15,14,12,8,5,2,0,0,0,0,0,0,0,0,0,0,0,0,0,0,0,0,0,0,0
0,0,0,0,0,0,0,1,2,2,2,2,2,2,2,2,3,3,2,2,2,2,3,3,3,3,3,3,3,2,2,2,2,2,2,2,2,2,2,2,2,2,2,2,2,2,3,2,2,2,2,2,3,3,3,3,3,2,5,10,14,15,14,15,16,19,19,19,20,22,23,21,17,9,6,7,10,12,13,13,14,14,14,14,13,11,10,9,8,7,6,5,6,6,6,7,7,9,10,11,11,11,11,11,11,11,11,11,12,11,10,9,9,9,10,10,11,11,11,11,12,12,12,12,13,13,13,13,13,13,13,12,12,12,12,11,11,11,11,12,13,13,13,13,13,13,13,13,13,13,13,13,13,13,13,14,13,13,13,14,13,13,13,12,12,12,12,11,10,10,10,10,10,10,10,10,9,9,7,7,6,6,6,6,6,7,7,10,13,15,15,15,14,15,14,11,8,8,10,12,13,14,15,15,15,15,17,21,24,24,22,20,20,19,16,15,13,10,6,4,1,0,0,0,0,0,0,0,0,0,0,0,0,0,0,0,0,0,0,0
0,0,0,0,0,0,0,0,0,0,0,1,1,2,2,2,3,3,3,2,2,2,2,2,2,2,3,3,3,2,2,2,2,3,3,2,2,2,2,2,3,2,2,2,3,2,2,2,2,2,2,2,3,3,3,3,2,2,3,4,10,14,15,15,14,16,19,19,19,20,21,24,24,19,12,6,5,8,10,11,11,12,14,15,15,14,13,13,11,10,9,8,7,6,6,7,6,7,9,11,11,11,11,11,11,11,11,11,11,10,9,9,9,10,11,12,12,12,11,12,12,12,13,13,13,13,13,13,13,13,13,13,12,12,11,11,11,11,12,12,12,13,13,13,13,13,13,13,13,13,13,13,13,13,13,14,13,13,13,13,13,13,13,13,12,12,12,12,11,10,10,11,10,10,9,10,9,9,8,6,6,6,6,6,7,8,10,12,14,15,15,15,15,14,13,9,8,9,12,14,14,14,14,14,16,18,21,23,24,23,21,18,17,16,16,14,12,8,4,4,1,0,0,0,0,0,0,0,0,0,0,0,0,0,0,0,0,0,0,0
0,0,0,0,0,0,0,0,0,0,0,0,0,0,0,1,2,3,3,3,3,3,2,2,2,2,2,2,2,2,2,2,2,2,2,2,2,2,2,2,3,2,2,2,2,2,2,2,3,3,2,2,2,3,3,2,2,2,3,2,5,10,14,15,15,15,16,19,20,20,19,20,22,23,21,16,10,7,7,9,10,10,11,12,13,13,14,15,14,12,10,10,11,10,8,6,7,7,6,7,9,10,11,10,11,11,11,11,10,9,9,9,9,10,11,12,12,12,12,12,13,13,13,13,13,13,13,13,13,13,13,12,12,12,12,11,10,11,11,12,12,12,13,13,13,13,13,13,13,12,13,13,13,13,13,13,13,13,13,13,13,13,13,13,12,12,12,12,12,11,11,11,11,11,10,10,9,9,8,6,6,6,6,8,9,11,13,14,14,14,13,14,14,12,9,7,7,10,13,14,14,14,15,16,19,22,25,24,23,22,20,17,15,15,15,13,10,6,3,4,1,0,0,0,0,0,0,0,0,0,0,0,0,0,0,0,0,0,0,0
0,0,0,0,0,0,0,0,0,0,0,0,0,0,0,0,0,0,1,2,2,3,3,3,3,3,2,2,2,2,2,2,2,2,2,2,2,2,3,2,2,2,2,2,2,2,2,2,3,3,3,3,3,3,3,2,2,2,2,3,3,4,9,13,15,14,15,17,18,19,18,18,19,21,23,24,21,15,9,5,5,7,9,10,11,12,12,13,14,14,13,11,11,11,12,11,9,8,7,6,6,8,10,10,10,9,9,8,6,7,8,9,10,11,11,11,12,12,12,12,13,13,13,13,13,13,13,13,13,13,13,12,12,12,11,10,9,10,11,12,12,12,13,13,13,13,13,13,12,12,12,13,13,13,12,12,12,12,12,12,12,13,13,13,13,12,12,12,12,12,12,11,11,11,11,10,9,8,5,5,7,7,9,11,12,14,14,14,13,12,13,13,12,9,7,7,9,12,14,14,14,14,16,19,22,25,25,24,22,20,18,16,15,15,15,12,8,4,3,3,0,0,0,0,0,0,0,0,0,0,0,0,0,0,0,0,0,0,0,0
0,0,0,0,0,0,0,0,0,0,0,0,0,0,0,0,0,0,0,0,0,0,1,2,3,3,3,3,3,2,2,2,2,2,2,2,2,2,3,3,2,2,2,2,2,2,2,2,3,3,3,3,3,3,3,2,2,2,2,3,3,3,4,8,13,15,15,15,16,18,18,18,19,19,21,22,24,23,19,14,9,7,7,9,11,11,12,12,13,14,14,14,13,12,11,12,13,11,9,6,6,6,7,8,9,8,8,7,7,9,10,10,10,10,11,11,11,12,12,13,13,12,12,12,12,12,12,12,13,13,13,12,12,12,11,10,9,10,11,11,11,12,12,13,13,13,13,13,12,12,12,13,13,13,12,12,12,11,12,12,12,12,12,13,13,13,13,12,12,12,12,12,11,11,11,10,9,7,6,7,9,11,12,12,12,13,13,13,14,13,14,12,10,7,7,9,12,14,14,14,13,15,18,21,23,23,23,22,21,19,18,17,15,14,12,9,6,5,3,3,0,0,0,0,0,0,0,0,0,0,0,0,0,0,0,0,0,0,0,0
0,0,0,0,0,0,0,0,0,0,0,0,0,0,0,0,0,0,0,0,0,0,0,0,0,0,1,2,3,2,2,2,2,2,2,2,2,2,3,3,2,3,3,3,2,2,2,2,3,3,3,3,3,3,3,2,3,3,3,3,3,3,2,2,7,12,16,15,15,16,17,18,18,18,18,19,22,24,24,23,19,13,7,4,6,9,10,11,11,12,13,14,14,14,13,12,13,15,16,16,13,10,8,9,10,10,11,13,12,12,15,15,13,10,9,11,12,11,12,12,12,12,11,11,11,12,12,12,12,12,12,12,12,12,11,10,9,10,10,11,11,11,12,12,12,12,12,12,12,13,13,13,13,12,12,12,12,12,12,12,12,12,12,12,13,13,12,12,12,12,12,12,12,11,10,8,8,7,9,11,13,13,12,11,11,11,13,14,14,14,13,10,8,6,8,11,13,14,14,14,16,19,22,24,24,23,22,21,20,18,17,17,16,14,10,5,3,3,3,3,0,0,0,0,0,0,0,0,0,0,0,0,0,0,0,0,0,0,0,0
0,0,0,0,0,0,0,0,0,0,0,0,0,0,0,0,0,0,0,0,0,0,0,0,0,0,0,0,0,1,1,2,3,3,2,2,2,2,3,3,2,3,3,3,2,2,2,2,2,2,3,3,3,3,3,2,3,3,3,3,2,3,3,2,3,7,12,15,15,14,15,16,18,18,18,17,19,22,23,23,23,22,18,11,8,6,6,6,8,10,12,13,14,15,15,14,13,12,12,13,14,16,16,15,14,15,16,14,12,11,11,11,11,10,8,10,12,11,11,12,12,11,11,11,11,11,12,12,12,12,12,12,12,12,12,11,10,10,11,12,12,12,12,12,12,11,12,12,12,12,12,13,13,12,12,11,11,12,11,11,11,11,11,12,12,12,12,12,12,12,12,11,10,9,9,9,9,11,13,14,14,12,10,9,12,15,15,14,13,12,10,8,8,9,11,12,13,13,15,17,20,23,24,25,24,22,21,20,18,16,15,15,14,12,7,3,1,2,3,3,0,0,0,0,0,0,0,0,0,0,0,0,0,0,0,0,0,0,0,0
0,0,0,0,0,0,0,0,0,0,0,0,0,0,0,0,0,0,0,0,0,0,0,0,0,0,0,0,0,0,0,0,0,1,1,2,2,3,3,3,3,2,2,2,2,2,2,2,2,2,2,2,3,3,2,2,3,3,3,3,2,2,3,3,3,3,5,10,13,14,14,14,16,17,19,18,18,19,21,22,22,23,24,22,17,11,5,3,5,7,8,10,11,13,15,15,14,13,10,11,11,12,11,12,13,16,18,15,9,5,5,6,6,5,4,6,10,11,10,11,11,11,11,11,11,11,11,11,11,11,12,12,12,11,12,12,10,9,10,12,12,12,12,12,12,12,11,12,12,12,12,12,13,12,12,11,11,11,10,10,11,12,12,12,12,11,12,12,12,12,11,10,8,9,10,11,12,13,13,13,13,11,10,9,12,15,15,13,10,9,9,8,9,11,12,12,13,16,19,21,23,24,24,23,22,21,20,17,15,15,15,14,12,8,5,3,3,2,3,3,0,0,0,0,0,0,0,0,0,0,0,0,0,0,0,0,0,0,0,0
0,0,0,0,0,0,0,0,0,0,0,0,0,0,0,0,0,0,0,0,0,0,0,0,0,0,0,0,0,0,0,0,0,0,0,0,0,1,2,3,3,2,2,2,3,2,2,2,2,2,2,2,2,2,2,2,3,2,3,3,3,3,2,2,2,2,1,3,8,12,15,15,14,15,16,18,19,18,18,20,21,22,22,23,23,21,18,11,7,6,6,7,8,10,11,13,14,15,15,13,11,10,9,9,9,9,10,11,8,4,4,5,5,3,4,7,8,10,11,11,11,10,10,10,10,10,10,11,11,11,11,12,11,11,11,12,10,9,9,11,12,12,12,12,12,12,12,12,12,11,12,12,12,12,12,11,11,10,9,8,9,10,11,11,11,12,11,11,11,11,11,10,10,11,12,12,12,11,10,10,9,9,10,11,13,13,12,10,7,8,8,8,9,11,13,14,16,20,23,24,24,23,23,22,21,19,18,16,15,15,14,12,8,5,3,2,3,2,3,3,0,0,0,0,0,0,0,0,0,0,0,0,0,0,0,0,0,0,0,0
0,0,0,0,0,0,0,0,0,0,0,0,0,0,0,0,0,0,0,0,0,0,0,0,0,0,0,0,0,0,0,0,0,0,0,0,0,0,0,0,1,1,2,2,3,2,2,2,2,2,2,2,2,2,2,2,3,3,2,2,2,3,3,2,2,2,3,3,3,7,12,15,15,14,14,15,18,19,18,18,19,20,21,22,23,24,24,21,16,12,8,6,6,7,8,9,10,10,10,11,11,12,13,12,12,11,10,10,9,8,6,6,6,5,7,11,11,9,7,7,8,9,8,8,8,10,10,10,10,11,11,11,11,11,11,11,10,8,8,10,12,11,11,11,12,11,11,11,12,12,11,11,12,12,11,11,11,10,9,8,7,7,8,9,9,10,11,11,11,12,13,12,12,11,12,12,12,11,9,7,7,9,10,11,11,12,11,9,8,7,8,9,10,14,17,20,21,22,24,24,22,21,21,21,19,16,15,15,15,14,11,7,4,3,3,2,3,3,2,3,0,0,0,0,0,0,0,0,0,0,0,0,0,0,0,0,0,0,0,0
0,0,0,0,0,0,0,0,0,0,0,0,0,0,0,0,0,0,0,0,0,0,0,0,0,0,0,0,0,0,0,0,0,0,0,0,0,0,0,0,0,0,0,0,1,2,2,2,2,2,2,2,2,2,2,2,3,3,2,2,2,2,3,2,3,2,2,2,3,3,5,10,14,15,15,14,15,17,19,19,18,18,19,20,21,22,22,23,24,23,19,13,9,5,5,6,7,7,7,8,9,10,12,13,14,15,14,12,11,9,7,6,5,7,8,11,14,15,12,8,5,3,4,5,6,7,8,9,9,10,10,10,11,11,11,11,9,7,7,9,11,11,11,11,12,12,11,11,11,11,11,11,11,11,11,11,10,9,8,7,7,8,9,9,9,11,12,13,13,12,12,12,11,10,10,11,11,10,9,8,9,9,11,11,11,10,8,7,6,8,11,13,16,19,22,24,24,23,22,22,21,20,19,19,17,15,14,14,14,11,8,4,2,3,3,3,3,3,2,3,0,0,0,0,0,0,0,0,0,0,0,0,0,0,0,0,0,0,0,0
0,0,0,0,0,0,0,0,0,0,0,0,0,0,0,0,0,0,0,0,0,0,0,0,0,0,0,0,0,0,0,0,0,0,0,0,0,0,0,0,0,0,0,0,0,0,0,0,1,2,2,2,2,2,2,2,3,3,2,2,2,2,3,3,3,2,2,2,3,3,2,4,8,12,15,14,14,14,15,17,19,19,19,19,20,21,22,22,23,24,24,22,18,14,10,7,5,5,6,6,7,8,8,10,11,12,12,13,13,11,8,6,5,5,6,7,9,11,12,12,11,10,7,6,6,6,6,6,7,7,8,9,10,10,10,10,8,6,5,7,9,11,11,11,11,12,11,11,11,10,11,11,11,11,11,11,9,9,9,9,10,11,11,11,12,11,11,12,11,10,10,11,13,13,11,10,10,8,8,7,8,9,10,9,8,7,6,6,9,14,18,20,23,23,24,24,23,21,20,19,20,18,16,15,14,14,14,14,11,7,4,3,3,3,3,3,3,3,3,2,0,0,0,0,0,0,0,0,0,0,0,0,0,0,0,0,0,0,0,0
0,0,0,0,0,0,0,0,0,0,0,0,0,0,0,0,0,0,0,0,0,0,0,0,0,0,0,0,0,0,0,0,0,0,0,0,0,0,0,0,0,0,0,0,0,0,0,0,0,0,0,1,1,2,2,2,3,3,2,2,2,2,2,3,3,2,2,2,2,2,2,2,3,5,10,13,14,14,13,14,16,19,19,19,18,18,19,20,21,22,23,24,24,24,20,15,9,5,4,4,5,5,6,7,8,8,8,9,10,11,9,8,7,7,6,6,5,6,8,9,10,10,10,9,9,9,7,6,6,6,7,8,8,9,9,8,7,5,5,5,6,8,10,11,11,10,10,10,10,10,10,11,10,10,10,11,11,10,10,11,11,11,11,10,10,9,9,10,11,11,10,10,11,12,10,8,7,7,7,7,7,7,7,5,4,8,10,13,18,22,24,26,25,23,22,21,21,20,18,17,16,16,15,14,14,14,13,11,7,4,3,4,3,3,3,3,3,3,3,2,0,0,0,0,0,0,0,0,0,0,0,0,0,0,0,0,0,0,0,0
0,0,0,0,0,0,0,0,0,0,0,0,0,0,0,0,0,0,0,0,0,0,0,0,0,0,0,0,0,0,0,0,0,0,0,0,0,0,0,0,0,0,0,0,0,0,0,0,0,0,0,0,0,0,0,1,1,2,2,2,2,2,2,3,3,2,2,3,3,3,3,2,3,3,5,8,12,15,14,13,13,15,17,18,19,19,18,18,19,21,22,22,21,22,23,23,21,18,13,8,4,2,3,4,6,7,6,5,5,6,6,7,8,8,7,6,6,8,9,8,6,7,9,10,10,9,9,10,11,9,8,8,8,8,8,8,7,7,7,7,7,8,9,9,10,10,10,10,10,10,10,9,10,10,10,10,11,11,10,10,10,10,10,10,10,10,9,10,12,13,12,11,10,9,8,7,8,8,7,7,5,5,5,7,11,16,19,23,24,25,25,24,22,21,20,20,20,19,18,16,14,14,15,15,14,13,10,7,4,2,2,2,2,2,2,2,3,3,3,2,0,0,0,0,0,0,0,0,0,0,0,0,0,0,0,0,0,0,0,0
0,0,0,0,0,0,0,0,0,0,0,0,0,0,0,0,0,0,0,0,0,0,0,0,0,0,0,0,0,0,0,0,0,0,0,0,0,0,0,0,0,0,0,0,0,0,0,0,0,0,0,0,0,0,0,0,0,0,0,1,2,2,2,2,3,3,2,3,3,3,3,3,2,2,2,3,6,10,13,15,14,14,14,16,17,19,19,17,15,17,19,20,19,18,20,23,25,24,22,20,16,11,7,5,2,3,4,4,5,5,6,4,2,5,6,6,5,7,9,11,12,10,10,9,8,8,9,10,10,10,10,9,9,9,9,10,11,10,10,10,10,10,10,11,12,12,11,11,10,10,10,10,9,10,10,10,11,11,11,10,10,11,12,12,12,11,11,12,12,12,11,9,8,8,8,8,7,7,6,6,8,10,13,17,20,23,24,25,24,23,21,20,20,20,19,18,16,16,15,14,14,14,15,14,12,9,5,2,3,2,3,2,2,2,2,2,2,2,3,2,0,0,0,0,0,0,0,0,0,0,0,0,0,0,0,0,0,0,0,0
0,0,0,0,0,0,0,0,0,0,0,0,0,0,0,0,0,0,0,0,0,0,0,0,0,0,0,0,0,0,0,0,0,0,0,0,0,0,0,0,0,0,0,0,0,0,0,0,0,0,0,0,0,0,0,0,0,0,0,0,0,0,0,1,2,3,3,2,3,3,3,3,2,2,2,2,1,3,7,12,15,15,14,14,14,15,17,18,18,18,18,18,18,17,18,20,22,23,23,24,25,22,18,14,10,8,6,5,4,4,5,6,5,5,5,5,5,5,7,10,11,11,11,12,12,11,11,10,11,10,10,10,10,10,10,10,11,12,11,11,11,11,11,10,10,11,12,11,11,11,11,11,12,11,11,11,12,12,12,11,10,11,12,13,12,12,10,9,9,9,8,7,7,7,6,6,6,7,9,13,16,20,23,24,24,23,23,22,21,19,19,20,19,18,16,15,14,13,13,14,14,14,13,10,7,4,3,3,2,2,3,2,2,3,3,3,3,3,3,1,0,0,0,0,0,0,0,0,0,0,0,0,0,0,0,0,0,0,0,0
0,0,0,0,0,0,0,0,0,0,0,0,0,0,0,0,0,0,0,0,0,0,0,0,0,0,0,0,0,0,0,0,0,0,0,0,0,0,0,0,0,0,0,0,0,0,0,0,0,0,0,0,0,0,0,0,0,0,0,0,0,0,0,0,0,0,1,1,2,2,2,2,3,2,3,3,3,3,3,5,9,12,14,15,14,14,14,15,17,18,19,18,16,16,17,20,22,22,21,21,23,24,24,25,24,20,16,11,8,6,5,5,5,4,5,5,5,5,5,7,8,9,9,10,11,12,13,14,13,12,11,12,12,12,12,12,13,13,14,14,14,14,13,13,13,13,13,14,14,15,15,16,14,13,13,13,13,12,11,10,10,9,10,11,11,11,10,8,7,7,7,6,5,5,5,6,11,14,19,22,23,24,25,23,22,21,20,20,19,18,17,17,17,16,14,13,14,14,15,14,13,11,8,5,3,3,3,3,3,3,2,2,2,3,3,3,3,3,3,1,0,0,0,0,0,0,0,0,0,0,0,0,0,0,0,0,0,0,0,0
0,0,0,0,0,0,0,0,0,0,0,0,0,0,0,0,0,0,0,0,0,0,0,0,0,0,0,0,0,0,0,0,0,0,0,0,0,0,0,0,0,0,0,0,0,0,0,0,0,0,0,0,0,0,0,0,0,0,0,0,0,0,0,0,0,0,0,0,0,0,1,1,2,2,2,2,2,3,3,2,1,5,10,13,15,15,14,13,12,14,17,19,18,17,17,18,19,20,20,21,21,22,23,23,24,24,25,25,22,18,12,8,6,6,5,4,5,5,5,6,6,6,6,6,8,9,10,11,12,12,12,12,12,13,13,13,13,14,15,16,15,14,15,15,15,16,17,16,16,16,16,16,15,14,12,12,12,12,11,11,10,9,9,9,10,9,9,8,7,6,6,4,6,8,11,15,19,22,24,24,23,23,22,21,21,20,19,19,18,18,16,15,15,15,15,15,15,15,14,11,9,6,4,3,2,3,3,3,3,3,3,3,3,3,3,3,3,3,3,0,0,0,0,0,0,0,0,0,0,0,0,0,0,0,0,0,0,0,0,0
0,0,0,0,0,0,0,0,0,0,0,0,0,0,0,0,0,0,0,0,0,0,0,0,0,0,0,0,0,0,0,0,0,0,0,0,0,0,0,0,0,0,0,0,0,0,0,0,0,0,0,0,0,0,0,0,0,0,0,0,0,0,0,0,0,0,0,0,0,0,0,0,0,0,1,2,3,3,3,3,3,3,4,6,9,13,15,15,14,13,13,14,15,16,18,19,19,19,19,19,20,21,21,21,22,23,23,24,25,25,24,25,21,17,13,9,8,6,5,3,3,4,5,6,6,7,6,7,8,9,9,10,11,12,12,12,12,12,13,13,13,13,14,15,15,14,15,15,14,14,13,13,13,12,11,10,9,9,10,9,9,9,8,8,7,7,8,6,5,5,6,9,13,17,22,23,24,24,23,22,20,20,20,21,21,21,20,17,16,15,14,15,15,15,15,15,14,12,8,6,4,3,3,3,3,3,2,3,3,3,3,3,3,2,2,2,2,3,3,0,0,0,0,0,0,0,0,0,0,0,0,0,0,0,0,0,0,0,0,0
0,0,0,0,0,0,0,0,0,0,0,0,0,0,0,0,0,0,0,0,0,0,0,0,0,0,0,0,0,0,0,0,0,0,0,0,0,0,0,0,0,0,0,0,0,0,0,0,0,0,0,0,0,0,0,0,0,0,0,0,0,0,0,0,0,0,0,0,0,0,0,0,0,0,0,0,0,1,1,2,2,3,2,2,2,6,11,15,16,15,13,12,13,14,16,18,19,19,19,18,19,19,20,20,21,21,21,21,22,23,24,24,25,25,26,25,21,16,11,7,6,5,4,3,4,5,5,5,6,6,6,7,8,9,9,10,9,10,10,10,10,10,12,12,12,11,10,10,10,10,10,9,10,10,8,8,8,7,7,7,7,7,7,6,4,5,6,9,9,9,13,18,22,23,24,24,23,23,21,21,20,20,21,20,19,18,16,15,15,15,15,15,15,15,14,11,9,6,3,3,3,2,3,3,3,3,2,3,3,3,3,3,3,3,3,2,2,2,3,0,0,0,0,0,0,0,0,0,0,0,0,0,0,0,0,0,0,0,0,0
0,0,0,0,0,0,0,0,0,0,0,0,0,0,0,0,0,0,0,0,0,0,0,0,0,0,0,0,0,0,0,0,0,0,0,0,0,0,0,0,0,0,0,0,0,0,0,0,0,0,0,0,0,0,0,0,0,0,0,0,0,0,0,0,0,0,0,0,0,0,0,0,0,0,0,0,0,0,0,0,0,1,2,3,3,2,3,5,9,12,15,15,14,14,13,13,15,16,18,19,19,19,18,18,19,19,19,20,20,20,21,21,22,23,24,25,25,25,26,23,18,15,11,9,8,7,4,3,4,5,4,3,5,6,6,6,6,7,8,8,7,7,6,7,8,7,6,7,7,7,7,8,8,8,7,8,8,7,7,6,6,6,5,7,8,11,15,18,19,21,22,23,24,23,21,21,20,19,19,20,19,19,18,17,16,13,13,14,16,17,16,14,12,10,7,6,4,3,3,3,3,3,3,3,3,3,2,3,3,3,3,3,3,3,3,3,2,2,3,0,0,0,0,0,0,0,0,0,0,0,0,0,0,0,0,0,0,0,0,0
0,0,0,0,0,0,0,0,0,0,0,0,0,0,0,0,0,0,0,0,0,0,0,0,0,0,0,0,0,0,0,0,0,0,0,0,0,0,0,0,0,0,0,0,0,0,0,0,0,0,0,0,0,0,0,0,0,0,0,0,0,0,0,0,0,0,0,0,0,0,0,0,0,0,0,0,0,0,0,0,0,0,0,0,1,1,2,2,3,6,9,13,15,15,15,14,13,13,13,14,16,18,19,20,19,19,18,19,19,19,19,20,21,21,21,21,22,23,24,24,24,24,24,21,19,17,15,13,10,8,5,6,8,7,5,5,5,6,5,5,5,5,4,4,4,5,6,6,5,5,5,6,6,7,6,5,6,5,4,7,9,10,13,15,18,21,23,24,25,26,24,23,22,21,20,20,20,21,20,18,16,16,14,14,14,14,14,15,15,14,11,9,7,4,3,3,3,3,3,3,3,3,2,2,3,3,2,2,3,3,3,3,3,3,3,3,3,2,2,0,0,0,0,0,0,0,0,0,0,0,0,0,0,0,0,0,0,0,0,0
0,0,0,0,0,0,0,0,0,0,0,0,0,0,0,0,0,0,0,0,0,0,0,0,0,0,0,0,0,0,0,0,0,0,0,0,0,0,0,0,0,0,0,0,0,0,0,0,0,0,0,0,0,0,0,0,0,0,0,0,0,0,0,0,0,0,0,0,0,0,0,0,0,0,0,0,0,0,0,0,0,0,0,0,0,0,0,0,0,1,1,4,8,11,15,16,16,14,12,12,12,13,14,15,17,19,20,19,19,19,18,19,19,20,20,19,19,20,21,22,22,23,23,24,24,24,25,23,21,20,20,18,18,18,16,12,10,10,11,11,10,7,6,7,6,5,6,7,7,5,5,8,8,5,7,8,8,10,13,15,18,21,23,23,24,25,24,23,23,22,22,21,20,21,21,20,19,19,17,16,13,12,13,14,14,15,14,13,10,8,5,4,2,3,3,3,3,3,3,2,3,3,2,2,2,3,3,2,2,2,3,3,3,2,3,3,3,3,2,0,0,0,0,0,0,0,0,0,0,0,0,0,0,0,0,0,0,0,0,0
