0,0,0,0,0,0,0,0,0,0,0,0,0,0,0,0,0,0,0,0,0,0,0,0,0,0,0,0,0,3,3,3,3,3,3,3,3,3,3,3,3,3,3,3,3,3,3,3,3,3,3,3,3,3,3,3,3,3,3,3,3,3,3,3,3,3,3,3,3,3,3,3,3,3,3,3,3,4,3,3,3,4,3,3,3,3,3,4,3,3,4,3,3,4,3,3,3,3,3,2,3,2,3,3,4,5,6,6,8,10,12,13,14,14,15,15,16,16,15,15,15,14,14,14,13,13,12,11,10,9,7,5,4,2,1,0,0,0,0,0,0,0,0,0,0,0,0,0,0,0,0,0,0,0,0,0,0,0,0,0,0,0,0,0,0,0,0,0,0,0,0,0,0,0,0,0,0,0,0,0,0,0,0,0,0,0,0,0,0,0,0,0,0,0,0,0,0,0,0,0,0,0,0,0,0,0,0,0,0,0,0,0,0,0,0,0,0,0,0,0,0,0,0,0,0,0,0,0,0,0,0,0,0,0,0,0,0,0,0,0
0,0,0,0,0,0,0,0,0,0,0,0,0,0,0,0,0,0,0,0,0,0,0,0,0,0,0,0,1,3,3,3,3,3,3,3,3,3,3,3,3,3,3,3,3,3,3,3,3,3,3,3,3,3,3,3,3,3,3,3,3,3,3,3,3,3,3,3,3,3,3,3,3,3,3,3,3,4,3,3,3,3,3,3,3,3,3,3,3,3,3,4,3,4,3,3,2,2,3,4,4,6,8,10,11,13,14,15,17,18,19,20,21,21,21,21,21,21,21,20,20,19,19,18,18,17,17,17,17,16,15,15,14,13,11,10,9,8,6,5,3,2,1,0,0,0,0,0,0,0,0,0,0,0,0,0,0,0,0,0,0,0,0,0,0,0,0,0,0,0,0,0,0,0,0,0,0,0,0,0,0,0,0,0,0,0,0,0,0,0,0,0,0,0,0,0,0,0,0,0,0,0,0,0,0,0,0,0,0,0,0,0,0,0,0,0,0,0,0,0,0,0,0,0,0,0,0,0,0,0,0,0,0,0,0,0,0,0,0,0
0,0,0,0,0,0,0,0,0,0,0,0,0,0,0,0,0,0,0,0,0,0,0,0,0,0,0,0,2,3,3,2,3,3,3,3,3,3,3,3,3,3,3,3,3,3,3,3,3,3,3,3,3,3,3,3,3,3,3,3,3,3,3,3,3,3,3,3,3,3,3,3,3,3,3,3,3,4,4,3,3,3,3,3,3,3,3,3,3,3,3,3,3,2,2,4,5,6,8,10,13,15,17,18,19,21,22,22,23,24,24,23,23,22,22,21,21,20,19,19,19,20,19,19,19,19,19,19,19,19,19,19,19,19,18,17,16,15,14,12,10,9,7,6,5,4,3,2,2,1,1,0,0,0,0,0,0,0,0,0,0,0,0,0,0,0,0,0,0,0,0,0,0,0,0,0,0,0,0,0,0,0,0,0,0,0,0,0,0,0,0,0,0,0,0,0,0,0,0,0,0,0,0,0,0,0,0,0,0,0,0,0,0,0,0,0,0,0,0,0,0,0,0,0,0,0,0,0,0,0,0,0,0,0,0,0,0,0,0,0
0,0,0,0,0,0,0,0,0,0,0,0,0,0,0,0,0,0,0,0,0,0,0,0,0,0,0,0,3,3,3,2,3,3,3,3,3,3,3,3,3,3,3,3,3,3,3,3,3,3,3,3,3,3,3,3,3,3,3,3,3,3,3,3,3,3,3,3,3,3,3,3,4,4,3,3,3,4,3,4,3,3,3,3,3,3,3,3,3,3,3,2,4,6,8,10,12,15,17,18,20,21,22,23,23,24,24,24,23,23,21,19,19,18,18,18,16,13,14,16,16,16,16,17,18,18,18,19,19,18,19,20,21,21,21,21,19,17,17,16,15,13,12,12,11,10,10,9,8,7,6,6,5,5,4,4,3,3,2,1,0,0,0,0,0,0,0,0,0,0,0,0,0,0,0,0,0,0,0,0,0,0,0,0,0,0,0,0,0,0,0,0,0,0,0,0,0,0,0,0,0,0,0,0,0,0,0,0,0,0,0,0,0,0,0,0,0,0,0,0,0,0,0,0,0,0,0,0,0,0,0,0,0,0,0,0,0,0,0,0
0,0,0,0,0,0,0,0,0,0,0,0,0,0,0,0,0,0,0,0,0,0,0,0,0,0,0,0,3,3,3,3,3,3,3,3,3,3,3,3,3,3,3,3,3,3,3,3,3,3,3,3,3,3,3,3,3,3,3,3,3,3,3,3,3,3,3,3,3,3,3,3,3,3,3,3,3,3,3,3,3,3,3,2,2,2,3,4,6,7,9,11,13,15,16,17,18,19,20,22,22,22,21,21,22,22,21,19,18,16,16,16,15,14,14,15,15,11,12,13,13,14,14,15,16,15,15,17,17,16,17,18,18,19,19,17,14,14,15,18,18,17,16,16,15,15,14,14,13,13,13,14,14,13,12,11,11,10,9,8,7,5,4,3,2,1,1,0,0,0,0,0,0,0,0,0,0,0,0,0,0,0,0,0,0,0,0,0,0,0,0,0,0,0,0,0,0,0,0,0,0,0,0,0,0,0,0,0,0,0,0,0,0,0,0,0,0,0,0,0,0,0,0,0,0,0,0,0,0,0,0,0,0,0,0,0,0,0,0,0
0,0,0,0,0,0,0,0,0,0,0,0,0,0,0,0,0,0,0,0,0,0,0,0,0,0,0,1,3,3,3,3,3,3,3,3,3,3,3,3,3,3,3,3,3,3,3,3,3,3,3,3,3,3,3,3,3,3,3,3,3,3,3,3,3,3,3,3,3,3,3,3,3,3,3,3,3,3,3,3,3,3,3,3,5,7,9,11,13,15,17,19,20,20,20,19,19,19,19,18,17,17,17,17,18,17,16,15,14,14,14,13,14,14,14,14,14,14,15,16,16,16,16,16,16,15,14,13,13,13,13,13,13,12,11,10,10,12,15,18,18,20,20,19,19,18,17,16,17,16,15,16,17,16,16,16,16,16,16,15,15,14,13,11,9,7,5,4,3,2,2,2,2,1,1,1,0,0,0,0,0,0,0,0,0,0,0,0,0,0,0,0,0,0,0,0,0,0,0,0,0,0,0,0,0,0,0,0,0,0,0,0,0,0,0,0,0,0,0,0,0,0,0,0,0,0,0,0,0,0,0,0,0,0,0,0,0,0,0,0
0,0,0,0,0,0,0,0,0,0,0,0,0,0,0,0,0,0,0,0,0,0,0,0,0,0,0,1,3,3,3,3,3,3,3,3,3,3,3,3,3,3,3,3,3,3,3,3,3,3,3,3,3,3,3,3,3,3,3,3,3,3,3,3,3,3,3,3,3,3,3,3,3,3,3,3,3,3,2,3,4,5,8,10,13,15,16,18,19,20,21,21,20,19,19,19,19,19,18,17,16,16,15,14,14,14,14,14,14,14,15,15,16,16,16,17,17,18,18,17,16,15,15,15,15,14,14,13,13,13,12,11,10,10,10,10,11,12,13,14,17,22,24,23,20,18,18,18,19,17,12,14,17,17,18,19,19,19,19,18,17,18,18,17,15,14,12,11,10,8,6,4,3,3,2,2,3,3,3,3,3,2,2,1,1,0,0,0,0,0,0,0,0,0,0,0,0,0,0,0,0,0,0,0,0,0,0,0,0,0,0,0,0,0,0,0,0,0,0,0,0,0,0,0,0,0,0,0,0,0,0,0,0,0,0,0,0,0,0,0
0,0,0,0,0,0,0,0,0,0,0,0,0,0,0,0,0,0,0,0,0,0,0,0,0,0,0,2,3,3,3,2,3,3,3,3,3,3,3,3,3,3,3,3,3,3,3,3,3,3,3,3,3,3,3,3,3,3,3,3,3,3,3,3,3,3,3,3,3,3,3,3,3,3,3,3,3,4,6,8,10,12,14,16,17,18,19,20,21,21,20,19,17,16,16,16,16,16,15,14,13,14,14,14,15,15,16,16,17,17,17,16,16,16,15,15,14,14,13,12,12,11,11,11,11,11,12,11,11,11,11,11,11,10,9,8,9,9,9,10,13,16,18,18,16,16,18,19,19,16,8,11,13,13,15,16,19,20,20,17,14,15,17,19,20,19,18,17,17,15,14,12,10,7,5,4,3,3,3,3,3,3,3,3,3,3,3,3,3,2,2,1,1,1,0,0,0,0,0,0,0,0,0,0,0,0,0,0,0,0,0,0,0,0,0,0,0,0,0,0,0,0,0,0,0,0,0,0,0,0,0,0,0,0,0,0,0,0,0,0
0,0,0,0,0,0,0,0,0,0,0,0,0,0,0,0,0,0,0,0,0,0,0,0,0,0,0,3,3,3,3,3,3,3,3,3,3,3,3,3,3,3,3,3,3,3,3,3,3,3,3,3,3,3,3,3,3,3,3,3,3,3,3,3,3,3,3,3,3,3,3,3,3,3,3,5,7,9,11,13,15,17,18,19,19,20,20,20,19,17,16,15,14,15,15,15,15,14,14,14,15,17,18,18,18,18,17,17,15,14,14,13,12,11,11,10,9,8,7,7,7,7,7,6,6,6,5,6,6,7,7,8,9,8,7,6,6,5,5,6,6,7,9,10,12,13,14,15,15,12,8,9,9,10,10,11,13,15,15,12,9,9,13,17,19,19,19,19,19,19,19,18,16,14,12,9,6,5,3,2,3,3,3,3,3,3,3,3,3,3,3,3,3,3,3,3,3,2,2,2,1,1,0,0,0,0,0,0,0,0,0,0,0,0,0,0,0,0,0,0,0,0,0,0,0,0,0,0,0,0,0,0,0,0,0,0,0,0,0,0
0,0,0,0,0,0,0,0,0,0,0,0,0,0,0,0,0,0,0,0,0,0,0,0,0,0,1,3,3,3,3,3,3,3,3,3,3,3,3,3,3,3,3,3,3,3,3,3,3,3,3,3,3,3,3,3,3,3,3,3,3,3,3,3,3,3,3,3,3,3,3,3,3,5,7,9,11,14,15,17,18,19,19,20,20,19,18,16,15,15,15,15,18,19,19,18,16,16,16,17,18,18,17,17,15,14,12,11,11,11,11,9,8,8,8,7,6,5,5,5,5,5,5,5,5,5,5,6,6,6,6,7,7,7,7,6,5,5,4,3,3,3,3,4,5,6,7,7,7,7,8,8,8,8,8,8,9,10,10,9,8,9,12,14,16,16,17,17,18,18,19,20,20,19,18,16,13,11,8,5,4,3,2,2,3,3,3,3,3,3,3,3,3,3,3,3,3,3,3,3,3,3,3,3,3,3,2,2,1,1,1,0,0,0,0,0,0,0,0,0,0,0,0,0,0,0,0,0,0,0,0,0,0,0,0,0,0,0,0,0
0,0,0,0,0,0,0,0,0,0,0,0,0,0,0,0,0,0,0,0,0,0,0,0,0,0,2,3,3,3,3,3,3,3,3,3,3,3,3,3,3,3,3,3,3,3,3,3,3,4,3,3,3,3,3,3,3,3,3,3,3,3,3,3,3,3,3,3,3,3,3,5,7,9,12,14,16,17,18,19,20,20,19,19,17,15,14,15,16,17,18,20,21,20,18,16,16,16,16,16,16,15,14,13,12,11,10,10,10,9,8,7,6,6,6,6,5,5,4,4,4,4,4,5,5,5,5,4,4,5,5,6,6,6,5,5,6,6,5,4,4,4,4,3,3,4,4,4,4,4,5,5,6,6,6,6,7,8,9,9,10,11,12,13,15,15,15,15,13,13,15,16,17,19,19,20,19,17,15,13,9,7,5,3,3,3,3,3,3,3,3,3,4,3,3,4,3,3,3,3,3,3,3,3,3,3,3,3,3,3,3,3,3,3,2,2,2,1,1,1,0,0,0,0,0,0,0,0,0,0,0,0,0,0,0,0,0,0,0,0
0,0,0,0,0,0,0,0,0,0,0,0,0,0,0,0,0,0,0,0,0,0,0,0,0,0,2,3,3,3,3,3,3,3,3,3,2,3,3,3,3,3,3,3,3,3,3,3,3,4,3,3,3,3,3,3,3,3,3,3,3,3,3,3,3,3,3,3,3,4,6,9,11,13,16,17,18,19,20,20,19,18,17,15,15,16,17,19,20,21,21,21,18,16,15,14,13,13,14,14,14,12,11,9,9,10,10,9,7,6,6,5,5,5,5,4,4,3,3,3,3,3,3,4,4,4,4,4,4,4,4,4,5,5,5,5,6,6,5,5,5,5,5,5,5,4,4,4,3,4,3,3,4,3,4,4,5,6,6,8,11,13,13,13,14,16,16,15,13,12,12,13,14,15,17,19,20,21,20,18,16,13,11,7,5,3,3,3,3,4,4,3,3,3,3,3,3,3,3,3,3,3,3,3,3,3,3,3,3,3,3,3,3,3,3,3,3,3,3,3,3,3,3,2,2,1,1,1,0,0,0,0,0,0,0,0,0,0,0,0
0,0,0,0,0,0,0,0,0,0,0,0,0,0,0,0,0,0,0,0,0,0,0,0,0,0,3,3,3,3,3,3,3,3,3,3,3,3,3,3,3,3,3,3,3,3,3,3,3,3,3,3,3,3,3,3,3,3,3,3,3,3,3,3,3,3,3,4,6,8,11,13,15,17,18,19,20,21,20,19,18,16,15,16,18,21,22,22,21,20,17,15,13,12,11,10,10,10,11,11,10,9,8,8,8,10,9,7,6,6,5,5,4,4,3,3,3,3,3,3,3,3,3,4,4,4,4,4,4,4,4,3,4,5,5,5,5,5,4,4,4,3,3,3,3,3,3,4,4,4,4,4,5,5,5,5,5,5,5,4,5,6,8,10,11,13,15,16,16,15,13,12,13,13,14,15,17,19,21,21,20,18,16,13,9,6,4,2,2,3,3,3,3,3,3,4,3,3,3,3,3,3,4,3,3,3,3,3,3,3,3,3,3,3,3,3,3,3,3,3,3,3,3,2,2,3,3,2,2,3,3,2,2,2,1,1,1,0,0,0
0,0,0,0,0,0,0,0,0,0,0,0,0,0,0,0,0,0,0,0,0,0,0,0,0,1,3,3,3,3,3,3,3,3,3,3,3,3,3,3,3,3,3,3,3,3,3,3,3,3,3,3,3,3,3,3,3,3,3,3,3,3,3,3,3,3,5,7,10,12,14,16,18,20,21,22,21,19,18,17,17,17,18,21,22,22,21,19,16,12,9,8,6,5,6,6,8,10,12,11,9,8,8,8,7,8,7,5,5,4,4,4,4,4,3,4,3,3,3,3,3,3,3,3,3,3,3,4,4,4,3,4,4,5,5,4,4,3,3,3,3,3,3,3,3,3,3,4,4,4,4,4,4,4,5,5,5,6,6,6,5,4,4,5,6,8,10,13,15,17,17,15,14,13,13,13,14,14,16,18,20,21,20,19,17,13,9,6,4,3,3,3,3,3,3,4,3,3,3,3,3,3,3,3,3,3,4,4,3,3,3,3,3,3,3,3,3,3,3,3,3,3,3,3,3,3,3,3,3,3,3,3,3,3,3,3,3,3,2,2
0,0,0,0,0,0,0,0,0,0,0,0,0,0,0,0,0,0,0,0,0,0,0,0,0,1,3,3,3,3,3,3,3,3,3,3,3,3,3,3,3,3,3,3,3,3,3,3,3,3,3,3,3,3,3,3,3,3,3,3,3,3,3,3,4,6,8,11,14,16,17,19,21,23,22,20,18,17,17,18,19,20,23,23,21,17,13,10,7,4,4,4,5,6,7,8,9,12,12,11,9,8,7,6,5,5,4,3,3,3,3,3,4,3,4,4,4,3,3,3,3,3,3,3,3,3,3,3,3,3,3,4,5,5,5,4,3,3,3,3,3,3,3,3,3,3,3,4,4,4,3,3,3,3,4,4,4,5,5,5,5,5,5,5,5,5,6,8,10,13,15,16,16,15,13,12,12,13,14,15,17,18,20,21,21,19,16,13,9,6,4,3,3,3,3,3,3,3,3,3,3,3,3,3,3,3,3,4,4,3,4,3,3,3,3,3,3,3,3,3,3,3,3,3,3,3,3,3,3,3,3,3,3,3,3,3,3,3,3,2
0,0,0,0,0,0,0,0,0,0,0,0,0,0,0,0,0,0,0,0,0,0,0,0,0,2,3,3,3,3,3,3,3,3,3,3,3,3,3,3,3,3,3,3,3,3,3,3,3,3,3,3,3,3,3,3,3,3,3,3,3,2,3,4,7,10,13,14,16,18,20,21,22,22,19,18,17,19,20,21,21,22,20,16,11,8,6,3,3,2,4,7,8,8,9,11,12,13,13,12,10,7,6,5,4,4,3,3,3,3,3,3,3,3,4,4,3,3,4,3,3,3,3,3,3,3,3,3,3,3,3,4,5,5,5,4,4,3,3,3,3,3,3,3,3,3,3,4,3,3,3,3,4,4,3,3,3,3,4,4,5,5,5,5,5,4,4,4,5,7,9,13,15,16,16,15,12,11,12,14,15,16,17,18,20,21,21,19,17,13,9,6,4,3,3,2,3,3,3,3,3,3,3,3,3,3,3,3,3,4,4,3,3,3,3,3,3,3,3,3,3,3,3,3,3,3,3,3,3,3,3,3,3,3,3,3,3,3,3,3
0,0,0,0,0,0,0,0,0,0,0,0,0,0,0,0,0,0,0,0,0,0,0,0,0,3,3,3,3,3,3,3,3,3,3,3,3,3,3,3,3,3,3,3,3,3,3,3,3,3,3,3,4,4,3,3,3,3,3,3,3,3,5,8,11,13,16,17,19,21,22,22,20,19,18,19,20,21,21,20,18,15,10,6,4,3,2,3,4,6,9,10,10,11,12,14,14,14,13,11,8,6,5,4,3,3,4,4,3,3,3,3,3,3,3,3,3,3,3,3,3,3,3,3,3,3,3,3,3,3,4,4,5,5,5,4,4,3,3,3,3,3,3,3,3,3,3,4,3,3,3,3,3,3,3,3,3,3,3,4,5,6,6,5,4,4,4,4,4,4,6,8,11,13,15,16,17,15,13,12,13,14,15,15,17,18,20,20,20,19,16,13,9,6,3,2,2,3,3,3,3,3,3,3,3,3,3,3,3,3,3,3,3,3,3,3,3,3,3,3,3,3,3,3,3,3,3,3,3,3,3,3,3,3,3,3,3,3,3,2
0,0,0,0,0,0,0,0,0,0,0,0,0,0,0,0,0,0,0,0,0,0,0,0,0,3,3,3,3,3,3,3,3,3,3,3,3,3,3,3,3,3,3,3,3,3,3,3,3,3,3,3,3,3,3,3,3,3,3,3,4,6,9,12,14,16,18,20,22,22,21,20,19,19,20,21,21,19,16,13,9,6,3,3,3,3,3,5,7,9,11,13,14,15,16,17,16,16,16,13,9,6,4,3,3,3,4,4,4,4,4,4,3,3,3,3,3,3,3,3,3,3,3,3,3,3,3,3,3,3,4,4,5,5,5,4,4,4,3,3,3,3,4,3,3,3,3,3,3,3,4,3,3,3,3,3,3,3,3,4,5,7,6,5,4,4,3,3,3,4,4,5,7,9,11,13,16,18,18,15,14,13,13,14,14,15,15,17,19,19,19,18,15,11,7,4,2,2,3,3,3,3,3,3,3,3,3,3,3,3,3,3,3,3,3,3,3,3,3,3,3,3,3,3,3,3,3,3,3,3,3,3,3,3,3,3,3,3,3,3
0,0,0,0,0,0,0,0,0,0,0,0,0,0,0,0,0,0,0,0,0,0,0,0,1,3,3,3,3,3,3,3,3,3,3,3,3,3,3,3,3,3,3,3,3,3,3,3,3,3,3,3,3,3,3,3,3,3,3,4,7,10,13,15,17,18,20,22,22,21,19,19,20,21,21,18,15,11,8,5,3,3,3,3,3,6,7,10,12,14,15,17,17,18,19,18,17,17,16,13,9,6,4,3,3,4,4,4,4,4,4,4,3,3,3,3,3,3,3,3,3,3,3,3,3,3,3,3,3,3,4,4,5,5,5,4,4,3,3,3,3,3,3,3,3,3,3,3,3,3,3,3,3,4,3,3,3,3,3,4,5,7,6,5,4,3,3,3,3,3,4,5,5,6,8,9,11,13,15,16,15,14,13,12,12,13,14,16,17,17,18,19,19,18,15,11,7,5,2,2,3,3,3,3,3,3,3,3,3,3,3,3,3,3,3,3,3,3,3,3,3,3,3,3,3,3,3,3,2,2,3,3,3,3,3,3,3,3,3,3
0,0,0,0,0,0,0,0,0,0,0,0,0,0,0,0,0,0,0,0,0,0,0,0,2,3,3,3,3,3,3,3,3,3,3,3,3,3,3,3,3,3,3,3,3,3,3,3,3,3,3,3,3,3,3,3,2,3,5,9,11,14,16,19,22,23,23,22,20,19,19,20,20,18,14,9,6,5,3,3,2,4,4,6,8,11,13,15,16,17,18,19,19,19,19,18,17,14,11,8,6,4,4,3,4,4,4,4,4,4,4,3,3,3,3,3,3,4,3,3,3,3,3,3,3,3,3,3,3,4,4,5,5,5,5,4,3,3,3,3,3,3,3,3,3,3,3,3,3,3,3,3,4,4,4,3,3,3,3,4,5,6,6,4,3,3,3,3,3,4,4,4,4,5,6,7,8,9,10,13,15,15,15,14,12,12,12,13,15,15,15,16,19,20,20,17,14,10,6,4,3,2,3,3,3,3,3,3,3,3,3,3,3,3,3,3,3,3,3,3,3,3,3,3,3,3,3,3,3,3,3,3,3,3,3,3,3,3,3,3
0,0,0,0,0,0,0,0,0,0,0,0,0,0,0,0,0,0,0,0,0,0,0,0,3,3,3,3,3,3,3,3,3,3,3,3,3,3,3,3,3,3,3,3,3,4,4,3,4,3,3,3,3,3,3,3,2,6,10,13,15,17,20,23,24,23,21,18,17,17,17,16,12,8,5,3,3,3,3,4,6,8,10,11,13,14,16,17,17,18,19,19,19,19,18,16,13,9,6,5,4,4,4,4,4,4,4,4,3,4,3,3,3,4,3,3,3,4,3,3,3,3,4,4,3,3,3,3,3,4,5,6,5,5,4,4,4,4,3,3,3,3,3,3,3,3,3,3,3,3,3,3,3,4,4,3,3,3,3,4,5,7,5,3,3,3,3,3,3,4,4,4,4,4,5,5,6,7,8,9,11,13,15,16,15,14,12,11,12,13,14,15,15,17,18,20,19,16,13,9,5,3,3,2,3,3,3,3,3,3,3,3,3,3,3,3,3,3,3,3,3,3,3,3,3,3,3,3,3,3,3,3,3,3,3,3,3,3,3,3
0,0,0,0,0,0,0,0,0,0,0,0,0,0,0,0,0,0,0,0,0,0,0,0,3,3,3,3,3,3,3,3,3,3,3,3,3,3,3,3,3,3,3,3,3,4,4,4,4,3,3,3,3,3,3,4,7,10,13,15,18,23,25,24,22,18,16,16,15,13,11,7,4,2,2,2,3,5,6,8,9,11,12,12,12,12,13,14,14,14,13,14,14,15,15,13,11,8,6,5,4,4,3,4,4,4,4,4,3,4,3,3,4,4,4,4,4,5,3,4,4,4,5,5,4,4,4,4,4,5,6,7,7,7,6,5,4,4,3,3,3,3,3,3,3,3,3,3,3,3,3,3,3,3,3,3,3,3,3,4,6,6,5,3,3,3,3,3,3,4,3,3,3,4,4,4,4,5,7,7,8,10,12,14,16,16,16,15,13,12,13,13,14,14,14,16,18,18,17,15,11,7,4,2,2,2,3,3,3,3,3,3,3,3,3,3,3,3,3,3,3,3,3,3,3,3,3,2,3,3,3,3,3,3,3,3,3,3,3,3
0,0,0,0,0,0,0,0,0,0,0,0,0,0,0,0,0,0,0,0,0,0,0,1,3,3,3,3,3,3,3,3,3,3,3,3,3,3,3,3,3,3,3,3,3,4,4,4,4,3,3,3,3,3,4,7,11,14,15,16,21,25,23,19,16,15,15,13,10,7,4,3,3,3,4,5,8,9,9,10,11,11,10,10,10,9,9,9,9,9,9,9,10,10,11,11,12,11,7,4,3,3,3,4,4,4,4,4,4,4,4,4,4,4,4,4,4,4,5,7,8,9,9,9,8,7,5,4,4,6,7,8,8,8,8,6,5,4,3,3,3,3,3,3,3,3,3,3,3,3,3,3,3,3,3,3,3,3,4,5,6,6,5,3,3,3,3,3,3,3,3,3,3,3,3,3,3,3,4,6,7,8,9,11,13,15,17,18,17,14,13,12,12,13,14,14,15,17,18,18,16,13,10,5,3,2,2,2,3,3,3,3,3,3,3,3,3,3,3,3,3,3,3,3,3,3,3,3,3,3,3,3,3,3,3,3,3,3,3,3
0,0,0,0,0,0,0,0,0,0,0,0,0,0,0,0,0,0,0,0,0,0,0,1,2,3,3,3,3,3,3,3,3,3,3,3,3,3,3,3,3,3,3,3,3,3,4,3,3,3,3,3,3,4,8,13,14,17,19,19,20,20,17,14,14,12,8,7,3,3,3,3,5,8,10,10,10,11,11,11,10,10,9,8,8,8,8,8,8,7,6,7,7,7,8,9,9,9,7,6,5,4,4,4,4,4,4,4,4,4,4,4,5,5,5,5,6,9,11,13,14,15,15,15,15,14,11,7,4,4,6,7,7,6,6,5,5,5,4,4,3,3,3,3,3,3,4,3,3,3,3,4,3,3,3,3,3,4,4,5,7,7,5,3,3,3,3,3,3,3,3,3,3,4,3,3,3,4,4,4,5,6,7,8,10,12,13,15,16,15,14,13,13,12,12,12,13,14,15,16,17,17,15,12,8,5,3,2,3,3,3,3,3,3,3,3,3,3,3,3,3,3,3,3,3,3,3,3,3,3,3,3,3,3,3,3,3,3,3,3
0,0,0,0,0,0,0,0,0,0,0,0,0,0,0,0,0,0,0,0,0,0,0,2,3,3,3,3,3,3,3,3,3,3,3,3,3,3,3,3,3,3,3,3,3,3,4,3,3,4,4,3,4,9,13,15,16,21,24,21,17,14,13,11,7,5,4,3,2,4,6,8,12,14,13,11,10,9,10,10,10,9,9,10,10,10,10,10,9,9,8,7,7,6,6,6,6,6,7,7,6,5,4,4,4,4,4,4,4,4,4,5,5,6,8,10,13,15,16,16,17,17,18,18,17,17,16,13,8,4,5,6,6,5,3,4,4,5,5,4,3,3,3,3,3,4,4,4,3,4,4,4,4,4,5,5,5,6,7,6,7,8,6,4,4,3,3,4,3,3,3,3,3,4,4,4,4,4,4,4,4,5,6,7,7,8,9,11,13,13,13,14,15,14,13,12,12,12,13,14,16,17,17,16,14,10,6,3,2,2,3,3,3,3,3,3,3,3,3,3,3,3,3,3,3,3,3,3,3,3,3,3,3,3,3,3,3,3,3,3
0,0,0,0,0,0,0,0,0,0,0,0,0,0,0,0,0,0,0,0,0,0,0,3,3,3,3,3,3,3,3,3,3,3,3,3,3,3,3,3,3,3,3,3,3,3,3,3,3,3,3,6,10,13,15,17,21,24,22,17,14,11,8,5,3,3,2,3,6,10,14,16,16,14,11,10,9,9,10,10,11,12,12,12,12,13,13,12,12,12,12,11,10,10,8,7,6,5,6,6,6,5,5,5,5,5,5,5,5,5,6,8,10,12,14,16,16,17,17,17,18,18,18,18,17,17,17,17,12,6,6,7,7,6,4,4,4,5,6,6,4,3,4,3,3,4,4,5,5,5,6,5,5,6,7,7,7,8,8,7,6,7,6,4,4,4,3,3,3,3,3,3,3,4,4,4,4,4,4,4,4,4,5,6,7,8,8,8,9,10,12,13,15,16,15,14,13,12,11,12,13,14,16,17,16,14,11,7,4,3,3,3,3,3,3,3,3,3,3,3,3,3,3,3,3,3,3,3,3,3,3,3,3,3,3,3,3,3,3,2
0,0,0,0,0,0,0,0,0,0,0,0,0,0,0,0,0,0,0,0,0,0,1,3,3,3,3,3,3,3,3,3,3,3,3,3,3,3,3,3,3,3,3,3,3,3,3,3,3,3,6,10,13,16,17,21,24,20,16,14,11,8,5,4,3,3,5,9,13,16,16,15,12,9,7,9,10,10,11,12,12,13,13,13,13,14,14,14,14,14,14,14,13,13,12,11,9,7,5,5,5,6,6,6,6,5,6,6,7,9,12,13,15,16,17,17,17,17,17,17,17,18,18,18,18,18,17,18,15,9,6,7,7,7,5,4,5,5,5,6,6,5,5,5,5,5,5,6,7,7,7,7,9,10,11,11,10,9,9,8,7,7,6,5,5,4,4,3,3,3,3,3,4,4,4,4,5,5,5,4,4,4,5,5,7,9,8,6,6,7,8,11,14,16,17,16,15,13,12,11,11,12,14,15,16,16,15,12,8,5,3,2,2,3,2,2,3,3,3,3,3,3,3,3,3,3,3,3,3,3,3,3,3,3,3,3,3,3,2,2
0,0,0,0,0,0,0,0,0,0,0,0,0,0,0,0,0,0,0,0,0,0,1,3,3,3,3,3,3,3,3,3,3,3,3,3,3,3,3,3,3,3,3,3,3,3,3,3,3,6,10,13,15,18,21,22,19,16,14,11,7,5,4,4,4,7,12,15,17,16,13,11,8,6,7,10,12,12,13,13,13,13,13,13,14,14,15,15,15,15,15,15,14,14,14,13,12,11,8,6,6,6,6,6,6,7,8,10,13,14,15,16,16,17,17,17,17,17,17,17,17,18,18,17,18,18,18,17,15,10,7,7,8,7,7,8,8,6,4,5,5,5,5,5,6,7,7,8,9,9,11,12,13,14,15,15,15,14,13,12,11,10,9,8,6,5,4,4,4,3,3,4,4,4,4,4,5,5,5,5,4,5,5,5,7,9,8,7,8,7,6,6,9,13,17,19,19,17,15,13,11,11,11,14,15,16,16,15,12,9,5,3,2,3,3,3,3,3,3,3,3,3,3,2,3,3,3,3,3,3,3,3,3,3,3,3,3,3,3,3
0,0,0,0,0,0,0,0,0,0,0,0,0,0,0,0,0,0,0,0,0,0,2,3,3,3,3,3,3,3,3,3,3,3,3,3,3,3,3,3,3,3,3,3,3,3,3,2,6,11,14,15,19,22,20,17,17,14,10,9,7,4,4,4,8,13,15,15,14,11,9,7,6,6,9,12,14,14,15,15,15,14,13,13,13,14,15,15,16,16,15,15,15,15,15,14,13,13,12,10,8,7,7,8,9,11,13,15,15,16,16,16,16,16,17,17,17,17,17,17,17,17,17,17,17,17,18,18,17,14,11,11,12,13,14,15,14,10,6,3,4,5,6,9,10,10,11,12,12,13,14,14,15,17,17,17,17,17,16,15,14,13,12,11,9,8,6,5,4,3,3,3,4,4,4,4,5,5,5,5,5,5,5,5,7,8,8,8,10,10,8,6,5,7,10,14,18,19,19,17,14,11,10,11,13,15,15,15,14,12,9,6,3,3,3,3,3,3,3,3,3,3,3,3,3,3,3,3,3,3,3,3,3,3,3,3,3,3,3,3
0,0,0,0,0,0,0,0,0,0,0,0,0,0,0,0,0,0,0,0,0,0,3,3,3,3,3,3,3,3,3,3,3,3,3,3,3,3,3,3,3,3,3,3,3,3,3,5,11,14,15,18,20,19,17,17,14,11,9,8,6,4,6,10,13,13,12,11,9,7,6,6,6,8,12,15,16,16,17,17,16,14,12,12,13,15,16,16,16,17,17,16,16,15,15,14,14,14,14,14,12,10,10,12,14,15,15,16,16,16,16,16,16,17,17,17,17,17,16,16,17,17,17,17,17,17,17,18,18,17,16,16,17,17,17,17,17,15,9,3,6,10,13,14,14,14,14,14,15,15,14,15,17,17,17,17,17,17,17,17,16,14,14,13,11,10,9,8,6,5,4,4,4,4,5,4,5,5,5,6,6,6,6,6,8,9,9,10,11,11,10,8,6,5,5,7,11,15,18,20,19,16,13,11,11,13,15,15,15,14,13,10,7,4,3,3,3,3,3,3,3,3,3,3,3,3,3,3,3,3,3,3,3,3,3,3,3,3,3,2
0,0,0,0,0,0,0,0,0,0,0,0,0,0,0,0,0,0,0,0,0,0,3,3,3,3,3,3,3,3,3,3,3,3,3,3,3,3,3,3,3,3,3,3,3,3,6,11,14,15,17,19,18,16,17,16,13,11,9,7,6,8,11,12,12,10,8,7,6,6,6,6,8,12,16,17,17,18,17,17,17,16,14,11,12,15,16,17,17,17,17,17,16,16,15,14,14,15,15,16,16,14,14,15,16,16,16,16,16,16,16,16,16,17,17,17,17,17,16,16,16,16,17,17,18,18,17,18,18,18,17,17,17,18,17,17,17,16,11,7,10,14,16,16,16,16,15,15,15,15,15,16,17,17,17,17,17,17,17,17,16,15,14,13,12,12,11,10,9,7,6,5,4,4,5,5,5,5,5,5,6,6,6,8,9,10,11,12,12,11,10,9,7,5,4,3,5,9,13,17,19,19,17,14,12,12,14,15,15,15,14,13,10,7,4,3,3,3,3,3,3,3,3,3,3,3,3,3,3,3,3,3,3,3,3,3,3,3,2,3
0,0,0,0,0,0,0,0,0,0,0,0,0,0,0,0,0,0,0,0,0,1,3,3,3,3,3,3,3,3,3,3,3,3,3,3,3,3,3,3,3,3,3,2,4,7,12,14,15,18,18,16,16,17,17,15,11,10,7,6,9,13,13,10,8,7,6,6,7,7,8,7,9,15,18,18,18,18,18,18,18,17,16,12,11,14,16,17,17,17,17,17,16,16,15,15,15,16,17,17,17,17,16,16,16,16,16,16,16,16,16,16,16,17,17,17,17,16,16,16,16,16,16,17,17,17,17,17,17,17,17,17,17,17,17,17,17,16,11,8,12,15,16,16,16,16,16,16,16,16,17,17,17,17,17,17,17,17,17,17,17,16,15,14,13,12,12,11,10,9,7,6,5,5,5,5,5,6,5,6,6,7,7,9,9,10,13,15,14,13,12,10,9,7,6,4,3,4,7,11,15,18,19,19,16,13,12,14,15,15,15,14,12,9,6,4,3,3,3,3,3,3,3,3,3,3,3,3,3,3,3,3,3,3,3,3,3,3,3,3
0,0,0,0,0,0,0,0,0,0,0,0,0,0,0,0,0,0,0,0,0,2,3,3,3,3,3,3,3,3,3,3,3,3,3,3,3,3,2,3,3,3,3,3,7,11,14,15,19,20,16,14,15,15,12,10,10,8,6,9,13,12,10,7,6,6,7,9,10,11,11,9,12,17,18,18,18,18,18,18,18,18,17,15,12,13,16,17,18,17,17,17,17,16,15,15,16,17,17,17,17,17,16,16,16,17,16,16,16,17,17,16,16,16,17,16,16,16,16,16,16,16,16,17,17,17,17,17,17,17,17,17,17,17,17,17,17,15,10,9,13,15,16,16,16,17,17,17,17,17,17,17,17,17,17,17,17,17,17,17,17,16,15,14,14,13,12,11,11,11,9,7,5,5,5,5,5,5,6,6,7,8,8,9,9,9,11,14,15,15,15,13,11,9,7,5,4,4,4,6,10,14,17,19,18,16,14,13,14,15,15,14,14,12,9,6,3,3,3,3,3,3,3,3,3,3,3,3,3,3,3,3,3,3,3,3,3,3,3,3
0,0,0,0,0,0,0,0,0,0,0,0,0,0,0,0,0,0,0,0,0,3,3,3,3,3,3,3,3,3,3,4,3,3,3,3,2,3,3,3,3,3,4,7,12,14,15,18,19,17,14,14,13,11,11,11,9,7,10,14,12,8,6,5,7,10,12,13,14,14,14,13,14,17,18,18,18,18,18,18,18,18,18,17,13,13,16,17,17,18,17,17,17,16,15,15,16,17,17,17,17,17,17,17,17,17,17,17,17,17,17,16,16,16,16,16,16,16,16,16,16,16,16,17,17,17,17,17,17,17,17,17,17,17,17,17,17,15,11,11,14,16,16,16,16,17,17,17,17,17,17,17,17,17,16,16,17,17,17,17,17,15,15,15,14,13,12,12,12,12,10,9,6,5,5,6,6,7,8,8,8,8,8,7,7,7,9,10,13,14,16,16,15,13,10,8,6,5,4,4,6,9,13,16,18,18,16,14,13,14,15,15,14,14,11,8,5,3,3,3,3,3,3,3,3,3,3,3,3,3,3,3,3,3,3,3,3,3,3,3
0,0,0,0,0,0,0,0,0,0,0,0,0,0,0,0,0,0,0,0,0,3,3,3,3,3,3,2,3,3,3,3,3,3,3,3,3,3,3,3,3,4,8,12,14,15,17,18,16,15,14,12,11,12,12,10,8,11,15,14,10,5,5,8,12,15,16,16,16,16,15,14,15,17,18,18,18,18,17,17,18,18,18,18,15,14,16,17,17,17,17,17,17,16,15,16,17,17,17,17,17,17,17,17,17,17,17,17,17,17,17,16,16,16,16,16,16,16,16,16,16,16,16,17,16,17,17,17,17,17,17,17,17,17,17,17,17,15,13,14,14,15,16,16,16,16,17,17,17,17,17,17,17,17,16,16,16,17,17,17,16,15,15,14,13,13,14,14,13,13,12,10,7,5,6,6,6,6,6,6,7,7,7,7,6,6,7,7,9,12,14,16,17,16,14,11,9,7,5,4,4,5,7,12,16,18,17,16,14,14,14,14,15,14,13,11,8,5,3,3,3,3,3,3,3,3,3,3,3,3,3,3,3,3,3,3,3,3,3,3
0,0,0,0,0,0,0,0,0,0,0,0,0,0,0,0,0,0,0,0,1,3,3,3,3,3,3,3,3,3,3,3,3,3,3,3,3,3,3,3,4,8,12,14,14,15,15,15,16,14,12,11,11,11,9,8,11,16,17,12,5,5,9,14,17,18,18,18,17,16,15,15,16,16,17,18,18,18,17,17,17,18,18,18,17,14,15,17,17,18,17,17,17,17,16,16,16,17,17,17,17,17,17,17,17,17,17,17,16,16,16,16,16,16,16,16,15,16,16,16,16,16,16,17,17,17,17,17,17,17,17,17,17,17,17,17,17,14,13,13,14,15,16,16,16,16,16,17,17,17,17,17,17,16,16,16,16,16,17,17,15,14,14,13,13,14,15,15,15,14,14,13,10,8,8,8,7,6,7,7,8,8,8,9,9,8,7,6,7,8,11,14,17,17,16,14,12,10,7,5,4,3,4,7,11,16,17,16,15,14,14,14,14,14,14,13,10,7,4,3,2,3,3,3,3,3,3,3,3,3,3,3,3,3,3,3,2,2,3,3
0,0,0,0,0,0,0,0,0,0,0,0,0,0,0,0,0,0,0,0,2,3,3,3,3,3,3,3,3,3,3,3,3,3,3,3,4,3,2,4,8,12,14,15,16,16,14,16,16,12,11,11,11,9,8,13,17,18,15,7,3,7,14,18,19,18,18,18,17,16,15,15,16,16,16,17,18,18,17,17,17,17,18,18,18,15,14,17,17,17,17,17,17,17,17,16,16,16,17,17,17,17,17,17,17,17,17,17,16,16,16,16,16,16,16,16,16,16,16,16,16,16,16,16,16,16,16,17,17,16,16,17,17,17,17,17,16,13,11,11,13,15,16,16,16,16,16,16,17,17,17,17,16,16,16,16,16,16,17,16,15,13,12,13,14,15,16,16,16,15,14,14,13,12,12,12,12,12,11,11,11,10,10,10,10,9,8,7,7,6,8,11,14,17,18,17,15,13,9,7,6,4,3,5,8,12,15,16,15,14,14,14,14,15,15,14,12,9,6,3,2,3,3,3,3,3,3,3,3,3,3,3,3,3,3,3,3,2,3,3
0,0,0,0,0,0,0,0,0,0,0,0,0,0,0,0,0,0,0,0,2,3,3,3,3,3,3,3,3,3,3,3,3,3,3,3,3,3,3,8,13,14,16,19,19,15,16,16,12,11,11,11,10,9,13,18,19,16,10,4,5,11,17,18,18,18,18,18,18,17,16,16,17,17,16,16,17,18,17,17,17,17,18,18,18,16,14,16,17,18,18,17,17,17,17,17,17,16,16,17,17,17,17,17,16,17,17,16,16,16,16,16,16,16,16,16,16,16,16,16,16,16,16,16,16,16,17,17,17,16,16,17,17,17,17,17,16,13,9,10,13,15,16,16,16,16,16,16,16,17,17,17,16,16,16,16,16,16,17,17,16,14,13,13,15,15,16,16,16,16,15,15,15,15,14,14,14,14,13,13,12,12,12,11,10,10,9,8,7,6,6,8,11,14,16,17,16,15,12,10,8,6,4,4,5,8,12,14,15,15,14,14,14,14,15,15,13,11,8,5,3,3,3,3,3,2,3,3,3,3,3,3,3,3,3,3,3,3,3,3
0,0,0,0,0,0,0,0,0,0,0,0,0,0,0,0,0,0,0,0,3,3,3,3,3,3,3,3,3,3,3,3,3,3,3,3,3,3,8,12,14,16,18,18,16,15,15,12,11,12,11,10,10,13,18,19,18,12,6,4,7,13,17,18,18,18,18,18,18,17,16,16,17,18,17,17,17,18,17,17,17,17,17,18,18,17,15,15,17,17,17,17,17,17,17,17,17,16,16,16,16,17,17,17,16,16,16,16,16,16,16,16,16,16,16,16,16,16,16,16,15,16,16,16,16,16,17,17,17,16,16,17,17,18,17,17,15,11,7,10,13,15,16,16,16,16,16,16,16,17,17,16,16,16,15,15,16,16,16,17,16,15,14,14,14,15,15,16,16,16,15,15,15,15,15,15,14,14,14,14,14,13,13,13,12,11,10,10,9,7,6,6,7,10,13,15,16,16,15,12,10,7,5,3,3,5,9,12,14,15,14,14,15,15,14,14,14,12,10,7,4,3,3,3,2,2,2,3,3,3,3,3,3,3,3,3,3,3,3,3
0,0,0,0,0,0,0,0,0,0,0,0,0,0,0,0,0,0,0,1,3,3,3,3,3,3,3,3,3,3,3,3,3,3,3,3,4,8,12,14,16,20,19,16,15,14,12,12,12,12,10,10,13,17,20,19,13,7,4,4,9,14,18,18,18,18,18,18,17,17,16,16,17,18,18,17,17,17,17,17,17,16,16,17,18,18,17,16,15,17,18,18,17,17,17,17,17,17,16,16,16,17,17,17,16,16,16,16,16,16,16,16,16,16,16,16,16,16,16,15,16,16,16,16,16,17,17,17,17,16,16,17,17,17,17,17,13,8,7,10,14,15,16,17,17,17,17,16,17,17,17,16,16,16,15,15,15,16,16,16,17,16,15,15,15,15,15,16,16,16,16,15,15,15,15,15,15,14,14,14,14,14,14,13,13,12,11,11,10,9,7,5,6,8,10,12,14,15,15,14,12,10,7,5,3,3,5,9,12,14,14,14,15,15,14,14,14,13,12,9,5,3,3,3,3,3,3,3,3,3,3,3,3,3,3,3,3,3,3,3
0,0,0,0,0,0,0,0,0,0,0,0,0,0,0,0,0,0,0,2,3,3,3,3,3,3,3,3,3,3,4,3,3,3,3,4,7,12,14,16,18,19,18,16,13,11,11,12,12,10,10,13,18,19,17,11,7,3,4,5,8,14,17,18,18,18,18,17,17,17,17,16,17,17,17,17,17,17,17,17,17,17,16,16,17,18,18,17,16,15,17,18,18,17,17,16,16,17,16,16,16,17,17,16,16,16,16,16,16,16,16,16,16,16,16,16,16,15,15,16,16,16,16,16,17,17,17,17,17,17,16,17,17,17,17,16,11,7,8,12,14,16,17,17,17,17,17,17,16,16,17,16,16,15,15,15,15,15,16,16,16,16,16,15,15,16,16,16,16,16,15,15,15,15,15,15,15,14,15,15,15,15,14,14,13,13,12,11,11,10,9,6,6,6,6,8,9,11,12,13,14,13,11,8,5,3,3,5,9,13,14,14,14,15,15,15,13,13,13,11,8,4,3,2,3,3,3,3,3,3,3,3,3,3,3,3,3,3,3,3
0,0,0,0,0,0,0,0,0,0,0,0,0,0,0,0,0,0,0,2,3,3,3,3,3,3,3,4,3,3,4,3,3,3,3,7,12,14,16,18,18,16,16,13,11,12,12,11,11,10,13,17,18,14,7,3,2,3,5,5,8,13,17,18,18,18,18,17,17,17,17,17,17,17,17,17,17,17,17,17,17,17,17,16,17,17,18,18,17,15,15,17,18,18,17,16,16,17,17,16,17,17,17,16,16,16,16,16,16,16,16,16,16,16,16,16,16,16,16,16,16,16,16,16,17,17,17,17,17,17,17,17,17,17,17,15,10,6,9,13,15,16,17,17,17,17,17,17,16,17,17,16,16,15,15,15,15,15,15,16,16,16,16,16,16,16,16,16,16,16,15,15,15,14,14,15,15,15,15,15,15,15,14,14,13,12,12,12,12,11,9,7,6,6,5,6,7,7,9,11,13,14,14,12,8,5,3,3,6,10,13,14,14,14,15,16,15,13,13,12,9,6,3,3,3,3,3,3,3,3,3,3,3,3,3,3,3,3,3,3
0,0,0,0,0,0,0,0,0,0,0,0,0,0,0,0,0,0,0,3,3,3,3,3,3,3,3,3,3,3,4,3,3,4,7,11,14,16,18,18,16,15,13,11,12,12,12,11,10,12,15,15,11,5,3,2,3,4,5,5,7,11,15,17,18,18,18,17,17,17,17,17,17,17,17,17,17,17,17,17,17,17,17,17,16,17,17,18,18,16,14,16,18,18,17,16,16,16,17,17,17,17,16,16,16,16,16,16,16,16,16,16,16,16,16,16,16,16,16,16,16,16,16,16,16,17,17,17,17,17,17,17,17,17,17,15,11,6,10,15,16,16,17,17,17,17,17,17,16,17,17,16,15,15,15,15,15,15,15,15,15,16,16,16,16,16,15,16,16,16,15,15,14,14,15,15,15,15,15,15,15,15,14,13,13,12,13,13,12,11,10,8,7,7,6,6,5,5,6,8,9,12,14,14,12,8,5,3,3,6,10,14,14,14,15,16,16,15,14,12,10,8,5,3,3,3,3,3,3,3,3,3,3,3,3,3,3,3,3,3
0,0,0,0,0,0,0,0,0,0,0,0,0,0,0,0,0,0,0,3,3,3,3,3,3,3,3,3,3,3,3,3,4,7,10,13,15,18,17,16,14,12,11,12,12,11,11,10,11,14,14,9,5,3,4,7,9,10,9,8,7,9,12,16,17,18,18,17,17,17,17,17,17,17,17,17,17,17,17,15,15,16,17,17,16,16,17,18,18,17,14,14,16,18,18,17,16,16,17,17,17,16,16,16,16,16,16,16,16,16,16,16,16,16,15,16,16,16,16,16,16,16,16,16,16,16,17,17,17,17,17,17,17,17,16,14,10,8,13,16,17,17,17,17,17,17,17,17,16,17,16,16,15,15,15,15,15,15,15,15,15,15,15,15,15,15,16,16,16,16,15,14,14,15,15,15,15,15,15,15,15,14,14,13,13,13,14,14,13,12,10,8,8,8,8,8,7,6,5,5,6,8,12,15,15,12,9,4,3,3,6,11,14,14,14,16,16,16,14,13,11,9,5,3,3,3,3,3,3,3,3,3,3,3,3,2,3,3,3,3
0,0,0,0,0,0,0,0,0,0,0,0,0,0,0,0,0,0,1,3,3,3,3,3,3,3,3,3,3,2,2,3,7,11,13,16,19,18,15,14,12,12,12,12,12,11,10,11,14,15,10,4,4,6,11,14,16,16,15,14,11,9,9,13,16,17,18,18,17,17,17,17,17,17,17,17,17,17,18,17,15,16,17,17,16,16,17,18,18,16,14,13,16,18,18,17,16,16,17,16,16,16,16,16,16,16,16,16,16,16,16,16,16,16,15,15,16,16,16,16,16,16,16,16,16,16,17,17,17,17,17,17,17,17,16,13,10,12,16,17,17,17,17,17,17,17,17,17,17,17,16,16,15,15,15,15,15,15,15,15,15,15,15,15,15,16,16,16,16,16,15,14,15,15,15,15,15,15,15,15,15,14,13,13,14,14,15,14,14,13,10,8,9,11,11,11,10,9,8,6,5,6,8,12,15,15,13,8,4,2,3,6,11,14,15,16,16,16,14,13,12,10,7,4,3,3,3,3,3,3,3,3,3,2,2,3,3,3,3,3
0,0,0,0,0,0,0,0,0,0,0,0,0,0,0,0,0,0,2,3,3,3,3,3,3,3,3,3,3,2,2,6,11,13,15,20,19,15,13,12,12,14,14,13,11,11,10,13,16,12,5,3,6,12,17,18,18,18,18,17,15,13,10,10,13,16,18,18,17,17,16,16,16,16,16,17,17,17,17,17,17,17,17,16,16,16,17,18,17,15,14,15,17,18,18,17,17,16,16,16,16,16,16,16,16,16,16,16,16,16,16,16,16,15,15,16,16,16,16,16,16,16,16,17,17,17,17,17,17,17,17,17,17,17,15,12,10,14,17,17,17,17,17,17,17,17,17,17,17,17,16,16,15,15,15,15,15,15,15,15,15,15,15,15,15,15,16,16,16,16,15,15,15,15,15,15,15,15,15,15,15,14,13,14,15,15,15,15,14,13,10,10,12,14,14,13,13,12,11,9,6,5,6,9,13,16,15,12,7,3,3,4,6,11,14,16,16,17,16,15,13,11,8,5,3,3,3,3,3,3,3,3,3,3,3,3,3,3,3,3
0,0,0,0,0,0,0,0,0,0,0,0,0,0,0,0,0,0,3,3,3,3,3,3,3,3,3,3,3,3,5,11,13,15,19,19,15,13,11,12,13,15,14,12,11,10,11,15,13,7,4,5,11,17,19,19,19,19,18,18,17,16,14,11,11,14,16,17,17,17,17,16,16,16,16,16,16,17,17,17,17,17,17,16,16,17,18,18,16,14,15,17,18,18,18,17,16,16,17,16,16,16,16,16,16,16,16,16,16,16,16,16,15,16,16,16,16,16,16,16,16,16,16,17,17,17,17,17,17,17,17,17,17,16,14,10,11,16,17,17,17,17,17,17,17,17,17,17,16,16,16,15,15,15,15,15,15,15,15,15,15,15,15,15,15,15,16,16,16,16,16,16,15,15,15,15,15,15,15,15,14,14,14,15,16,16,16,15,15,13,12,13,15,15,15,15,14,14,13,11,9,6,5,7,10,13,16,15,11,6,3,3,4,8,12,15,17,18,16,15,13,12,9,6,3,3,3,3,3,3,3,3,3,3,3,3,3,3,3,3
0,0,0,0,0,0,0,0,0,0,0,0,0,0,0,0,0,0,3,3,3,3,3,3,3,3,3,3,3,6,10,13,15,18,19,16,13,12,11,12,12,12,12,11,11,11,13,13,9,4,4,9,15,19,19,19,18,18,18,18,18,17,17,16,13,13,14,16,17,17,17,16,16,16,16,16,16,17,17,17,17,17,17,16,16,17,18,18,16,14,16,18,18,18,18,17,16,17,17,16,16,16,16,16,16,16,16,16,15,16,16,15,15,16,16,16,16,16,16,17,16,16,16,17,17,17,17,17,17,17,17,17,17,16,12,9,11,16,17,16,17,17,17,17,17,17,17,17,17,17,16,15,15,15,15,15,15,15,15,15,15,15,15,15,15,15,16,16,16,16,16,16,16,15,15,15,16,16,16,15,14,15,15,15,16,16,16,15,14,13,14,15,16,16,15,15,15,15,14,13,11,8,6,5,7,10,13,15,14,9,3,2,4,6,10,14,17,18,17,16,15,13,11,7,3,3,2,2,2,3,3,3,3,3,3,3,3,3,3,3
0,0,0,0,0,0,0,0,0,0,0,0,0,0,0,0,0,1,3,3,3,3,3,3,3,3,3,3,5,9,13,15,19,19,16,14,12,12,12,12,12,11,11,11,11,13,13,9,5,4,7,13,17,19,19,18,18,18,17,17,17,17,17,17,16,15,16,17,17,17,17,16,16,16,16,16,16,17,16,16,17,17,16,16,16,17,18,18,16,14,17,18,18,18,18,17,17,16,16,16,16,16,16,16,16,16,16,16,16,16,15,15,15,16,16,16,16,17,17,17,17,17,17,17,17,17,17,17,17,17,17,17,16,14,10,10,12,15,16,16,16,17,17,17,17,17,17,17,17,16,16,15,15,15,15,15,15,15,15,15,15,15,15,15,15,16,16,16,16,16,16,16,15,15,15,15,16,16,15,14,15,15,16,15,16,16,16,15,14,14,15,16,16,16,16,15,15,15,14,14,12,10,8,7,6,7,10,14,16,12,5,2,3,6,10,13,15,18,19,17,15,13,12,9,5,3,3,3,3,3,3,3,3,3,3,3,3,3,3,3
0,0,0,0,0,0,0,0,0,0,0,0,0,0,0,0,0,2,3,3,3,3,3,3,3,3,3,4,9,12,15,18,20,17,14,12,11,12,12,12,11,11,11,11,12,14,10,4,2,5,10,16,19,19,18,18,18,17,17,17,17,17,17,17,18,17,17,17,17,17,16,16,16,17,16,16,16,16,16,17,17,17,16,16,16,17,18,18,16,14,16,18,18,18,18,18,17,17,16,16,16,16,16,16,16,16,16,16,16,16,15,15,15,16,16,16,17,17,17,17,17,17,17,17,17,17,17,18,17,17,16,16,14,13,12,12,14,15,14,15,16,17,17,17,17,17,16,16,16,16,15,15,15,15,15,15,15,15,15,15,15,15,15,15,15,16,16,16,16,16,15,15,15,15,15,16,16,16,15,14,15,16,16,16,16,16,16,16,15,15,16,16,16,16,15,15,15,15,15,14,13,11,10,9,7,6,7,10,13,13,9,4,3,5,9,12,14,16,18,17,15,14,12,10,6,4,2,3,3,3,3,3,3,3,3,3,3,3,3,3
0,0,0,0,0,0,0,0,0,0,0,0,0,0,0,0,0,3,3,3,3,3,3,3,3,3,3,8,12,14,18,22,18,13,12,11,12,13,13,12,11,11,11,12,13,11,6,3,3,8,14,18,19,19,18,18,17,17,17,17,16,16,16,17,17,17,17,17,17,16,16,16,16,16,16,16,16,16,17,17,17,16,16,16,17,17,18,17,17,15,16,17,18,18,18,18,17,17,16,16,16,16,16,16,16,16,16,15,15,15,15,15,15,16,16,17,17,17,17,17,17,17,17,17,17,17,18,18,18,17,15,14,15,15,15,15,16,15,15,16,17,17,17,16,17,17,17,16,16,16,16,15,15,15,15,15,15,15,15,15,15,15,15,15,15,16,16,16,15,16,15,15,15,15,15,16,16,16,15,15,15,15,16,16,16,16,16,16,16,16,16,16,16,16,15,15,15,15,14,14,13,12,12,11,9,7,6,7,10,13,11,6,3,5,9,12,14,16,18,17,15,13,13,11,8,4,2,3,3,3,3,3,3,3,3,3,3,3,3,3
0,0,0,0,0,0,0,0,0,0,0,0,0,0,0,0,0,3,3,3,3,3,3,3,3,3,7,12,14,17,21,19,13,11,12,12,13,13,13,12,11,11,12,13,12,7,4,3,6,12,17,19,19,18,18,18,17,17,17,17,16,16,16,16,16,16,16,16,16,16,16,16,16,16,16,16,17,17,17,16,16,16,16,17,17,17,17,17,17,16,15,16,17,17,18,18,18,17,16,16,16,16,16,16,16,16,15,15,15,15,15,15,15,16,17,17,17,17,17,17,17,17,17,17,17,17,18,18,17,16,14,14,16,17,17,17,16,16,16,17,17,17,17,17,17,17,17,17,16,16,16,15,15,15,15,15,15,15,15,15,15,15,15,15,15,16,16,15,15,16,15,15,15,15,15,16,16,16,15,15,15,15,16,16,16,16,16,16,16,16,16,16,16,15,15,15,15,15,14,14,13,13,13,12,11,9,6,5,7,11,12,7,4,6,8,11,14,15,16,17,16,14,13,12,9,5,2,3,3,3,3,3,3,3,3,3,3,3,3,3
0,0,0,0,0,0,0,0,0,0,0,0,0,0,0,0,1,3,3,3,3,3,3,3,3,6,11,14,18,21,19,14,11,12,13,14,13,12,12,12,11,11,12,12,9,5,4,5,10,16,18,19,19,18,18,17,17,17,16,16,16,16,16,16,16,15,15,16,16,16,16,16,16,16,16,17,16,16,16,16,16,16,17,17,17,17,17,18,18,17,15,16,16,16,17,18,18,18,16,16,16,16,16,16,15,15,15,15,15,15,15,15,16,17,17,17,18,17,17,18,18,17,17,17,17,17,18,18,17,15,14,15,17,17,17,17,16,16,17,17,17,17,17,17,17,17,17,17,17,16,16,15,15,15,15,15,15,15,15,15,15,15,15,15,15,16,16,16,15,15,15,15,15,15,15,16,16,16,16,16,16,16,16,16,16,15,16,16,16,16,16,15,15,15,15,15,15,15,14,14,14,14,14,13,13,11,8,5,5,8,11,9,5,7,9,9,13,15,13,16,18,16,13,13,10,6,3,3,3,3,3,3,2,2,3,3,3,3,3,3
0,0,0,0,0,0,0,0,0,0,0,0,0,0,0,0,2,3,3,3,3,3,3,3,6,10,13,17,23,21,14,11,12,13,13,13,12,11,12,12,11,12,12,11,7,4,3,8,14,18,19,19,19,18,18,17,17,16,16,16,16,17,17,17,16,16,16,16,16,16,16,16,16,16,16,16,16,16,15,15,16,17,17,17,17,17,17,18,17,17,17,17,17,17,18,18,18,18,17,16,16,16,16,16,15,15,15,15,15,15,15,15,16,17,17,18,18,18,18,18,18,17,17,17,18,18,18,18,16,14,15,17,17,18,18,17,16,16,17,18,17,17,17,17,17,17,17,17,17,17,16,15,15,15,15,15,15,15,15,15,15,15,15,15,15,16,16,16,15,15,15,14,15,15,15,16,16,16,16,16,16,16,15,15,15,15,16,16,15,15,15,15,15,15,15,15,15,15,15,15,15,15,15,15,14,13,11,7,5,6,8,9,6,7,10,9,11,13,13,15,18,17,13,12,11,8,4,3,3,3,3,3,2,3,3,3,3,3,3,3
0,0,0,0,0,0,0,0,0,0,0,0,0,0,0,0,2,3,3,3,3,3,3,4,9,13,15,21,24,17,11,12,13,12,12,12,11,11,12,11,11,12,11,9,4,3,5,11,16,19,19,19,18,18,17,17,16,15,15,15,15,16,16,17,17,17,16,16,16,16,15,16,16,16,16,16,16,16,16,16,16,17,17,17,17,18,18,18,17,17,17,17,18,18,18,18,18,18,17,16,16,16,16,15,15,15,15,15,15,15,15,15,16,17,18,18,18,18,18,18,18,18,17,18,18,18,18,17,15,14,16,17,17,18,18,17,16,16,17,17,17,17,17,17,17,17,17,17,17,17,16,15,15,15,15,15,15,15,15,15,15,15,14,15,15,15,15,15,15,15,15,15,15,15,15,15,15,16,16,16,16,16,15,14,15,15,16,16,15,15,15,15,15,15,15,15,15,15,15,15,16,16,16,16,15,15,12,8,6,6,7,8,7,7,10,10,10,12,12,12,15,15,13,12,12,9,5,3,3,3,3,2,2,3,3,3,3,3,3,3
0,0,0,0,0,0,0,0,0,0,0,0,0,0,0,0,3,3,3,3,3,3,4,7,12,15,20,24,20,12,11,13,13,12,11,12,11,11,11,11,10,10,9,7,5,4,7,14,17,18,18,18,18,18,17,16,16,15,15,15,15,16,16,17,17,17,17,17,16,16,16,15,15,16,16,16,16,16,16,16,16,16,16,17,17,18,18,17,17,17,17,17,18,18,18,18,18,18,17,16,16,16,15,15,15,15,15,14,14,15,15,15,16,17,18,18,18,18,18,18,18,18,18,18,18,18,18,17,15,15,17,17,17,18,18,17,17,17,17,17,17,17,17,17,17,17,17,17,17,16,16,15,15,15,15,15,15,15,15,15,15,15,15,15,15,15,15,15,15,15,15,15,15,15,15,15,15,16,16,16,16,16,15,14,15,16,16,16,15,15,15,15,15,15,15,15,15,15,15,15,16,16,16,16,16,15,13,9,7,6,6,6,7,8,9,11,11,13,14,11,13,14,13,13,12,11,6,3,3,3,3,3,3,3,3,3,3,3,3,3
0,0,0,0,0,0,0,0,0,0,0,0,0,0,0,0,3,3,3,3,3,3,6,11,14,19,24,21,14,11,12,13,12,11,11,11,11,11,11,10,9,8,7,6,5,5,9,15,18,18,18,18,18,17,17,16,16,16,16,16,16,16,16,17,17,17,17,17,17,16,16,16,15,16,16,16,15,16,16,17,16,15,16,17,17,17,17,17,17,17,17,17,17,17,17,17,18,17,16,16,16,15,15,15,15,15,15,14,15,15,16,16,16,17,18,18,18,18,18,18,18,18,18,18,18,18,18,17,15,15,16,17,18,18,18,18,18,18,17,17,17,17,17,17,17,17,17,17,16,16,15,15,15,14,14,15,15,15,15,15,15,15,15,14,14,14,15,15,15,15,15,15,15,15,15,15,15,15,16,16,16,16,15,14,15,16,16,15,15,15,15,15,15,15,15,15,15,15,15,15,15,16,16,16,16,15,12,9,8,7,4,5,7,8,9,12,12,11,13,12,12,14,15,13,12,11,7,4,2,3,3,3,3,3,3,3,3,3,3,3
0,0,0,0,0,0,0,0,0,0,0,0,0,0,0,1,3,3,3,3,3,5,9,13,18,23,23,15,11,13,13,12,11,11,12,11,11,11,11,10,8,6,5,5,5,6,11,16,18,18,18,18,18,17,17,16,16,16,16,16,16,16,16,17,17,17,17,17,17,16,16,16,15,16,16,15,16,16,16,16,16,16,16,16,17,17,17,17,17,17,17,17,17,16,16,16,16,16,16,16,16,15,15,15,15,15,14,14,14,15,15,16,16,17,18,18,18,18,18,18,18,18,18,18,18,18,18,17,16,15,16,17,18,18,18,18,18,17,17,17,17,17,17,17,17,17,17,16,16,15,15,15,15,14,14,14,15,15,15,15,15,15,15,15,14,14,14,15,15,15,15,15,15,15,15,15,15,16,16,16,16,16,15,14,16,16,16,15,15,15,15,15,15,15,15,15,15,15,15,15,15,16,16,16,16,14,12,10,10,8,4,4,5,7,8,11,13,11,11,13,12,13,16,15,13,12,9,4,2,3,3,3,3,3,3,3,3,3,3,3
0,0,0,0,0,0,0,0,0,0,0,0,0,0,0,2,3,3,3,3,4,8,12,15,22,25,19,11,12,13,12,11,11,12,12,11,11,11,11,9,7,6,5,4,5,6,12,16,18,18,18,18,17,17,17,17,16,16,16,16,16,16,17,17,17,17,17,17,17,17,16,16,16,16,16,15,16,16,16,16,16,16,16,17,17,17,17,17,18,17,17,17,16,16,16,16,16,15,15,15,15,15,15,15,15,15,14,14,14,15,15,16,16,17,17,18,18,18,18,18,18,18,18,18,18,18,18,17,15,15,16,17,17,17,17,17,17,17,17,17,17,17,17,17,17,17,16,16,15,15,15,15,15,14,14,14,14,14,15,15,15,15,15,15,14,14,14,14,15,15,15,15,15,15,15,15,15,16,16,16,16,15,15,15,16,16,16,15,15,15,15,15,15,15,15,14,15,15,15,15,15,16,16,16,16,15,13,12,11,9,6,4,4,6,7,10,11,11,10,12,13,13,15,16,14,12,10,6,3,3,3,3,3,3,3,3,3,3,3,3
0,0,0,0,0,0,0,0,0,0,0,0,0,0,0,3,3,3,3,2,6,11,14,19,26,24,15,10,12,13,12,11,11,11,11,11,11,11,10,9,7,6,4,4,5,7,12,16,18,18,18,18,18,17,17,17,16,16,16,16,16,16,17,17,17,17,17,17,17,17,17,16,16,16,16,16,16,16,16,16,17,17,17,17,17,17,17,17,17,17,17,16,16,16,16,16,16,15,15,15,15,15,15,15,15,14,14,14,15,15,16,16,16,17,17,18,18,18,18,18,18,18,18,18,18,18,18,17,15,14,16,17,17,17,17,17,17,17,17,17,17,17,17,17,17,16,16,16,15,15,15,15,14,14,14,14,14,14,15,15,15,15,15,14,14,14,14,14,14,14,15,15,15,15,15,15,15,16,16,16,16,15,16,16,15,15,15,15,15,15,15,14,14,14,14,14,14,15,15,15,15,15,16,16,16,16,15,15,13,11,8,5,3,4,6,9,11,11,10,11,13,13,14,17,15,13,11,8,4,3,3,3,3,3,3,3,3,3,3,3
0,0,0,0,0,0,0,0,0,0,0,0,0,0,0,3,3,4,3,5,9,13,17,23,26,19,12,11,12,12,12,12,11,11,11,11,11,11,10,8,7,6,5,5,6,8,12,16,18,18,18,18,17,17,17,17,17,16,16,15,16,16,17,17,17,17,17,17,16,16,16,16,16,17,16,16,16,16,16,16,16,16,16,17,17,17,16,16,16,16,16,16,16,16,16,15,15,15,15,15,15,15,15,15,15,15,15,15,15,15,15,16,16,16,17,17,17,18,18,18,18,18,18,19,19,19,19,17,14,13,16,17,17,17,17,17,17,17,17,17,17,17,16,16,16,16,16,15,15,15,15,15,14,14,14,14,14,14,15,15,14,15,15,14,14,14,14,14,15,14,14,14,15,15,15,15,16,16,16,15,15,15,16,15,15,15,15,15,15,15,14,14,14,14,14,14,14,14,15,15,15,15,15,16,16,16,16,16,16,14,11,7,4,3,6,9,10,11,11,10,12,15,13,15,16,13,12,9,4,2,3,2,3,3,3,3,3,3,3,3
0,0,0,0,0,0,0,0,0,0,0,0,0,0,1,3,3,3,4,7,12,15,21,25,22,15,11,11,12,12,11,11,11,11,12,12,11,10,10,9,7,6,5,5,7,9,13,16,18,18,18,17,17,17,17,17,17,16,16,15,16,16,17,17,17,17,17,17,17,17,16,17,17,17,17,17,16,16,16,16,16,16,16,16,17,16,16,16,16,16,16,16,16,16,15,15,15,15,15,15,15,15,15,15,15,15,15,14,15,15,15,16,16,16,17,17,18,18,18,18,18,18,18,18,19,19,18,17,14,13,15,17,18,18,18,18,17,17,17,17,17,17,17,16,16,16,16,15,16,15,15,15,14,14,14,14,14,14,14,14,15,15,15,15,14,14,14,15,15,14,14,14,14,14,15,15,15,16,15,15,15,15,15,15,15,14,15,14,14,15,15,15,15,14,15,15,15,15,15,15,15,15,15,15,16,16,16,16,16,16,14,9,4,3,5,8,10,10,11,10,11,14,14,13,16,16,12,11,6,3,3,3,3,3,3,3,3,3,3,3
0,0,0,0,0,0,0,0,0,0,0,0,0,0,2,3,3,3,5,10,14,18,23,23,17,12,12,12,12,12,12,11,11,11,12,12,12,11,9,9,7,6,5,6,9,11,13,16,18,18,17,17,17,17,17,17,17,16,16,16,16,16,16,16,17,17,17,17,17,17,17,17,17,17,17,17,17,16,16,16,16,16,16,16,16,16,16,16,16,16,16,15,15,16,15,15,15,15,15,15,15,15,15,15,15,15,14,14,15,15,16,16,16,17,17,18,18,18,18,18,18,18,18,18,19,19,18,16,13,12,15,18,19,18,18,18,18,18,18,17,17,17,17,16,16,16,16,16,16,15,15,14,14,14,14,14,14,14,15,15,15,15,15,15,14,15,15,15,15,15,14,14,14,14,15,15,15,15,15,15,15,15,15,15,14,14,15,14,14,15,15,15,15,14,14,14,15,15,15,15,15,15,15,15,15,16,16,16,16,16,15,11,6,3,5,8,10,11,11,11,10,12,14,13,15,16,14,12,9,4,3,3,3,3,3,3,3,3,3,3
0,0,0,0,0,0,0,0,0,0,0,0,0,0,3,4,3,4,8,12,16,22,24,18,12,12,14,13,12,12,11,11,11,11,12,13,12,11,9,8,7,6,6,8,10,12,13,15,17,17,17,17,17,17,17,17,17,17,16,16,16,16,16,16,17,17,17,17,17,17,17,17,17,17,17,17,17,17,17,16,16,15,16,16,16,16,16,16,16,16,16,16,15,15,15,15,15,15,15,15,15,15,15,15,15,15,15,15,15,15,16,16,16,17,17,18,18,18,18,18,18,18,19,19,19,18,18,16,12,12,16,18,19,18,18,18,18,18,18,18,18,18,17,16,16,16,16,16,16,15,15,14,14,14,14,14,14,15,15,15,15,15,15,15,15,15,15,15,15,15,14,14,14,14,15,15,14,15,15,15,15,15,15,15,15,15,14,14,15,15,15,15,14,13,13,13,14,15,15,15,14,14,15,15,15,15,16,16,16,16,16,12,7,4,5,7,10,11,11,11,10,11,13,13,13,15,14,12,10,6,3,2,3,3,3,3,3,3,3,3
0,0,0,0,0,0,0,0,0,0,0,0,0,0,3,4,3,4,9,13,18,24,23,16,13,12,13,14,13,12,11,11,11,11,12,13,13,11,9,9,7,6,6,8,11,13,13,14,16,17,17,17,17,17,17,17,17,17,16,16,16,16,16,17,17,17,17,17,17,17,16,16,17,17,17,17,17,17,17,16,16,16,16,16,16,16,16,16,16,16,16,16,15,15,15,15,15,15,15,16,15,15,15,15,15,15,15,15,15,15,16,16,16,17,17,17,18,18,18,18,18,18,18,18,19,19,18,15,12,13,17,19,19,19,18,18,18,18,18,18,18,18,17,17,16,16,16,16,15,15,14,14,14,14,14,14,14,15,15,15,15,15,15,15,15,15,14,15,15,14,14,14,14,14,15,14,14,14,14,14,14,15,15,15,14,14,14,15,15,15,15,15,14,14,14,14,14,14,14,14,14,14,15,15,15,15,16,16,16,16,16,13,7,3,4,7,10,11,11,11,11,10,12,13,12,14,14,12,11,8,4,3,3,3,3,3,3,3,3,3
0,0,0,0,0,0,0,0,0,0,0,0,0,1,3,3,3,6,11,14,19,24,23,17,13,11,12,14,13,12,12,11,11,11,13,14,12,11,12,10,7,6,6,9,12,14,14,14,16,16,17,17,18,18,17,17,17,17,16,16,16,16,17,17,17,17,17,17,17,16,16,17,17,17,17,17,17,17,17,17,16,16,16,16,16,16,16,16,16,16,16,16,15,15,15,15,15,15,15,16,15,15,15,15,15,15,15,15,15,15,16,16,16,17,17,18,18,18,18,19,19,18,18,18,18,18,17,14,12,15,18,19,19,19,18,18,18,18,18,18,18,18,17,17,16,16,16,16,15,15,15,14,14,14,14,14,14,15,15,14,14,14,15,15,14,15,15,15,14,14,15,14,14,14,14,15,15,15,15,15,14,14,14,14,14,14,15,15,15,15,15,15,15,15,15,15,15,15,15,15,15,15,15,15,15,15,16,16,16,16,16,12,5,3,3,8,10,11,11,11,11,11,10,11,12,12,15,13,11,9,5,3,3,3,3,3,3,3,3,3
0,0,0,0,0,0,0,0,0,0,0,0,0,2,4,3,4,7,12,14,19,24,24,18,12,10,11,13,15,13,12,11,11,12,13,12,12,13,14,11,7,5,7,10,13,15,15,14,15,16,17,17,17,18,17,17,17,17,16,16,16,17,17,17,17,17,17,17,17,16,17,18,18,17,17,17,17,17,17,17,17,17,17,17,17,16,16,16,16,16,16,16,16,15,15,15,15,15,15,16,16,15,15,15,15,15,15,14,15,15,16,16,16,16,17,18,18,18,19,19,19,19,19,19,18,18,17,14,13,16,18,19,19,19,18,18,18,18,18,18,18,18,18,17,16,16,16,16,15,15,14,14,14,14,14,14,14,15,15,14,14,14,15,15,14,14,15,14,14,14,15,15,14,14,15,15,15,15,15,15,15,14,15,14,14,15,15,15,15,15,14,15,15,15,15,15,15,15,15,15,15,14,14,15,15,16,16,16,16,16,15,10,5,3,4,7,10,11,12,12,11,11,10,10,10,11,14,15,12,11,7,4,3,3,3,3,3,3,3,3
0,0,0,0,0,0,0,0,0,0,0,0,0,3,4,3,5,8,12,14,19,25,26,18,11,10,11,14,16,13,11,10,12,13,13,11,13,15,14,10,6,5,7,11,14,15,15,15,14,16,17,17,17,18,17,17,17,17,17,16,16,17,17,17,17,17,17,17,17,17,17,18,18,18,18,18,18,18,18,18,18,17,17,17,17,17,17,16,16,16,16,16,16,15,15,15,15,15,16,16,16,16,15,15,15,15,15,15,15,15,16,16,16,16,17,18,18,18,18,19,19,19,19,19,19,18,16,14,14,17,19,19,19,19,18,18,18,18,18,18,18,18,18,17,17,16,16,16,15,15,14,14,14,14,14,14,14,15,15,14,14,14,14,14,14,14,14,14,14,14,15,15,15,15,16,16,16,16,15,15,15,15,15,15,15,15,15,15,15,15,15,14,14,15,14,14,14,14,14,14,14,14,14,15,15,16,16,16,16,16,12,7,4,3,4,8,11,11,11,11,11,11,11,10,10,10,13,14,13,12,9,5,3,3,3,3,3,3,3,3
0,0,0,0,0,0,0,0,0,0,0,0,0,3,4,4,4,8,12,14,19,25,25,16,10,11,11,13,13,12,11,11,12,13,11,11,14,15,12,9,6,5,8,12,15,16,16,15,15,16,17,17,18,18,18,17,17,17,17,17,17,17,17,17,17,17,17,17,18,18,18,18,18,18,18,18,18,18,18,18,18,18,18,18,18,17,17,17,16,16,16,16,16,15,15,15,15,15,16,16,16,16,15,15,15,15,15,15,15,15,16,16,16,16,17,18,18,18,18,19,19,19,19,19,19,18,16,13,14,18,19,19,19,19,18,18,18,19,18,18,18,18,18,17,17,16,16,15,14,14,14,14,14,14,14,14,14,14,14,14,14,14,14,14,14,14,14,14,14,14,15,15,15,16,16,16,16,16,16,16,15,15,15,15,15,15,15,15,15,15,15,14,14,14,14,14,14,14,14,14,14,14,15,15,16,16,16,15,14,12,8,5,4,4,5,8,11,12,11,11,11,11,11,10,9,10,12,14,12,11,10,6,3,3,3,3,3,3,3,3
0,0,0,0,0,0,0,0,0,0,0,0,0,3,4,4,5,8,12,15,20,26,23,15,11,12,12,12,11,11,11,11,13,12,11,13,16,15,11,8,6,5,8,14,16,17,16,16,15,16,17,18,18,18,17,17,17,17,17,17,17,17,17,17,17,17,17,17,18,18,18,18,18,18,18,17,17,17,17,17,17,18,18,18,18,18,18,17,17,16,16,16,16,15,15,15,15,15,15,16,16,16,16,15,15,15,15,15,15,15,16,16,16,16,17,18,19,18,19,19,19,19,19,19,19,18,16,14,15,18,19,19,19,18,18,18,18,18,18,18,18,18,17,17,16,16,15,15,14,14,14,14,14,14,14,14,14,14,14,14,14,14,14,14,14,14,14,14,14,15,15,16,16,16,16,16,16,15,16,16,16,15,15,15,15,15,15,15,15,15,15,14,14,14,14,14,14,14,14,14,15,15,15,16,16,16,15,14,11,9,7,5,4,3,6,7,11,12,11,11,11,11,11,11,9,9,10,12,11,11,11,8,4,3,3,3,3,3,3,3
0,0,0,0,0,0,0,0,0,0,0,0,1,3,4,3,5,9,13,16,22,26,20,12,11,12,12,11,11,10,11,12,13,11,12,15,16,12,8,7,6,6,10,15,17,17,17,17,16,16,16,17,18,18,17,17,17,17,17,17,17,17,17,17,17,17,16,17,17,17,17,17,16,16,16,16,17,17,16,16,17,17,18,18,18,18,18,18,17,17,17,16,16,16,15,15,15,15,15,16,16,16,17,16,15,15,15,15,15,15,15,16,16,16,17,18,18,18,19,19,19,19,19,19,19,18,15,14,17,19,19,19,18,18,18,18,18,18,18,18,18,18,17,16,15,15,15,15,14,14,14,14,14,14,14,14,14,14,14,14,14,14,14,14,14,14,15,15,15,16,16,17,17,16,15,14,14,14,15,16,16,16,16,15,15,15,15,15,15,15,15,14,14,14,14,14,14,14,14,14,15,15,15,16,16,16,15,15,15,13,10,7,3,3,5,7,10,12,12,10,11,11,11,11,10,9,9,11,11,11,11,9,5,3,3,3,3,3,3,3
0,0,0,0,0,0,0,0,0,0,0,0,2,3,3,3,5,10,13,16,24,25,17,11,12,12,12,11,11,10,11,13,12,11,14,16,14,9,6,6,6,7,12,16,17,18,17,17,17,16,17,17,18,18,17,17,17,17,17,17,18,17,18,18,18,17,17,16,15,14,14,13,14,14,16,17,17,18,17,16,16,17,17,18,18,18,19,19,18,17,17,17,16,16,16,15,15,15,15,16,16,17,17,17,16,15,15,15,15,15,15,16,16,16,17,18,19,19,19,19,19,19,19,19,19,16,13,15,18,19,19,19,18,18,18,18,18,18,18,18,18,17,16,15,15,15,14,14,14,14,14,14,14,14,14,14,14,14,14,14,14,14,14,14,14,15,15,15,16,16,16,17,16,16,15,14,14,15,15,15,16,16,16,16,15,15,15,15,15,15,15,14,14,14,14,14,14,14,14,14,14,15,15,15,16,16,16,16,17,16,15,11,5,3,4,7,10,12,12,11,11,11,11,11,10,8,9,12,14,12,11,10,6,3,2,2,2,3,3,3
0,0,0,0,0,0,0,0,0,0,0,0,3,3,3,3,5,10,13,17,25,25,14,11,12,12,12,11,11,11,11,12,11,12,15,14,10,5,5,6,6,9,13,17,18,18,18,17,17,17,18,18,18,18,17,17,17,17,17,18,18,18,18,18,17,16,15,13,11,10,11,13,15,16,16,17,17,16,14,12,12,13,14,16,17,18,19,19,18,17,17,17,17,16,16,16,15,15,15,16,16,17,18,18,17,16,15,15,15,15,15,16,16,16,17,18,18,18,18,19,18,19,19,20,19,14,12,16,19,19,19,19,18,18,18,18,18,18,18,17,16,16,16,15,15,14,14,14,14,14,14,14,14,14,14,14,14,14,14,14,14,14,14,15,15,15,15,16,16,16,17,16,16,16,16,16,16,15,15,15,15,16,16,16,15,15,15,15,15,15,15,15,14,14,14,14,14,14,14,14,14,15,15,15,16,16,16,16,16,16,16,14,7,3,3,6,9,12,12,11,10,11,11,11,11,9,8,11,15,14,12,11,7,3,3,3,2,3,3,3
0,0,0,0,0,0,0,0,0,0,0,0,3,3,3,3,6,10,14,19,25,22,13,11,12,12,11,11,11,11,11,10,11,14,14,10,6,4,5,7,7,10,15,17,18,18,18,18,18,18,18,18,17,17,17,17,17,18,18,18,18,18,18,17,15,13,11,11,12,15,17,17,17,17,17,16,15,14,12,11,11,13,15,17,18,19,19,18,18,17,17,17,16,16,16,16,16,15,15,16,16,17,18,18,18,16,15,15,15,15,15,15,15,16,17,18,18,18,18,18,18,19,20,19,17,13,13,17,19,19,19,18,18,18,18,18,18,17,17,16,16,16,16,15,15,14,14,14,14,14,14,14,14,14,14,14,14,14,14,14,14,14,14,15,15,15,16,16,16,16,16,16,16,16,16,16,16,16,16,15,15,14,14,14,15,15,15,15,15,15,15,15,15,14,14,14,14,14,14,14,14,15,15,15,15,16,16,16,16,16,16,15,9,4,2,5,9,12,12,11,10,11,11,12,12,10,8,9,13,14,12,11,9,4,3,2,2,3,3,2
0,0,0,0,0,0,0,0,0,0,0,1,3,3,3,4,7,11,15,21,25,20,12,11,12,11,11,11,12,11,10,11,13,14,10,6,4,5,7,8,8,11,15,17,17,18,18,18,18,18,17,17,17,17,17,17,18,18,18,18,18,18,16,14,12,11,12,16,17,18,19,19,18,18,18,16,16,14,12,12,14,16,18,18,19,19,19,19,18,17,17,17,16,16,16,16,16,15,15,16,16,17,17,18,19,17,16,15,15,15,15,15,15,16,17,17,17,18,18,18,19,19,19,19,16,13,14,17,19,19,19,19,19,18,18,18,18,17,17,16,16,15,15,15,15,14,14,14,14,14,14,14,14,14,14,14,14,14,14,15,14,14,15,15,15,15,15,15,15,16,16,16,16,16,16,16,16,16,16,16,16,14,14,15,15,15,15,15,15,15,15,15,14,14,14,14,14,14,14,14,15,15,15,15,15,15,16,16,16,16,16,15,10,4,2,4,7,11,12,11,10,10,11,12,12,11,10,8,11,13,13,11,10,6,3,3,3,3,3,3
0,0,0,0,0,0,0,0,0,0,0,2,3,3,3,4,8,12,16,23,25,16,11,12,11,11,11,13,12,10,10,13,14,11,7,4,5,7,8,8,8,11,15,17,18,18,18,18,18,18,18,18,18,17,17,18,18,18,18,18,17,15,13,12,12,15,17,18,18,18,18,19,18,18,18,17,16,13,13,15,18,18,19,19,19,19,18,18,17,17,17,17,16,16,16,16,16,16,16,16,16,17,17,18,19,18,17,16,15,15,15,15,15,16,17,17,17,17,18,18,19,19,19,18,15,13,15,18,19,19,19,19,19,19,18,18,17,16,16,16,15,15,14,15,15,14,14,14,14,14,14,15,15,15,15,14,14,14,14,14,14,14,14,15,15,15,15,15,15,15,16,16,16,16,15,15,16,16,16,16,16,16,16,16,15,15,15,15,15,15,15,14,14,14,14,14,14,14,14,14,15,15,15,15,15,15,16,16,16,16,16,14,9,5,3,4,6,10,12,11,10,10,11,11,11,12,11,8,10,12,13,12,11,7,4,2,3,3,3,3
0,0,0,0,0,0,0,0,0,0,0,3,3,3,3,5,10,14,19,26,23,12,10,12,11,11,12,14,11,9,12,15,11,7,5,5,7,8,8,8,9,12,15,17,17,17,18,18,18,18,18,18,18,18,18,18,18,18,18,17,15,14,13,13,15,17,18,19,19,18,18,19,18,18,17,16,15,14,15,18,19,19,19,19,18,18,18,18,17,17,17,17,16,16,16,16,16,16,16,16,17,17,17,18,18,19,18,16,16,15,15,15,15,16,16,16,16,17,18,18,19,19,19,18,15,14,16,18,18,18,19,19,19,18,18,17,16,16,16,16,15,14,14,14,15,15,15,14,14,14,15,15,15,15,15,15,14,14,14,14,14,14,14,15,15,15,15,16,15,15,15,15,15,15,15,15,15,15,15,16,16,16,15,15,15,15,15,15,15,15,15,14,14,14,14,14,14,14,15,15,15,15,15,15,15,15,15,15,15,15,15,13,9,5,4,4,6,9,11,11,11,11,11,11,11,12,11,9,9,12,13,12,12,8,4,3,3,3,3,3
0,0,0,0,0,0,0,0,0,0,0,3,3,3,4,7,11,16,21,25,19,11,11,12,11,11,13,12,9,10,13,11,7,6,6,7,8,8,7,8,10,11,13,14,16,17,17,18,18,18,18,18,18,18,18,18,18,18,17,15,14,14,14,15,16,17,17,18,18,18,18,18,18,18,17,16,15,16,18,19,19,19,19,18,18,18,17,17,17,17,17,16,17,17,16,17,17,17,17,17,17,17,18,18,19,19,18,17,16,15,15,15,15,15,16,16,16,17,18,19,19,19,19,17,15,13,16,17,17,18,18,19,19,19,18,17,17,16,16,16,15,14,15,15,14,15,15,14,14,15,16,16,15,15,15,15,15,14,14,14,14,14,14,15,15,15,15,15,15,15,15,15,15,15,15,15,15,15,15,15,15,15,15,14,15,15,15,15,15,15,14,14,14,14,14,14,14,15,15,15,15,15,15,15,15,15,15,15,15,15,14,12,8,6,4,4,5,8,11,11,11,11,11,11,11,12,12,10,9,10,14,12,12,11,5,2,2,3,3,3
0,0,0,0,0,0,0,0,0,0,1,3,3,3,5,8,12,18,24,23,16,11,11,11,11,12,12,9,8,10,10,8,7,7,7,8,7,7,8,10,11,11,12,13,14,15,16,17,17,18,18,18,18,18,18,18,18,17,16,14,13,13,14,16,16,16,17,18,18,18,18,18,18,18,18,17,17,18,19,19,19,19,19,18,18,18,17,17,17,17,16,16,17,17,18,18,18,18,17,17,17,18,18,18,19,18,18,18,17,16,15,15,15,15,15,16,16,16,17,19,19,20,19,18,15,13,14,16,17,18,19,19,19,19,18,17,16,16,15,15,15,14,15,15,14,14,14,15,16,16,17,16,16,15,15,15,15,14,14,14,14,14,14,14,14,15,15,15,15,15,15,15,15,15,15,15,15,14,15,14,14,14,14,14,15,15,14,14,14,14,14,14,14,14,14,14,14,15,15,15,15,15,15,15,15,15,15,15,15,15,15,12,8,6,5,4,5,7,10,11,11,10,11,11,10,11,12,11,9,9,13,14,12,12,7,3,3,3,3,3
0,0,0,0,0,0,0,0,0,0,2,3,3,4,6,10,14,21,25,21,13,11,11,11,11,12,10,7,7,7,7,8,8,7,7,7,7,8,11,12,13,13,13,13,13,13,14,14,15,16,16,17,17,17,17,18,17,16,14,13,12,14,15,17,17,17,17,18,18,18,18,18,18,18,18,18,18,19,18,18,19,18,18,18,17,17,17,17,17,17,17,17,17,18,19,19,19,18,18,18,18,18,18,18,18,18,18,18,18,17,16,15,15,15,15,16,16,17,18,19,19,20,19,17,13,9,11,14,17,18,19,19,18,18,18,17,16,16,15,15,15,15,15,15,15,14,14,16,17,17,17,16,16,15,15,15,15,14,14,14,14,14,14,14,14,14,14,15,15,15,15,15,15,15,15,15,14,15,15,15,14,14,14,14,15,14,14,14,14,14,14,14,14,15,14,14,15,15,15,15,15,15,15,15,15,15,15,16,16,16,16,14,10,6,5,4,5,7,10,11,11,10,10,11,11,11,12,11,9,9,13,15,13,12,9,4,3,3,3,3
0,0,0,0,0,0,0,0,0,0,2,3,3,4,7,12,16,24,26,18,10,11,11,11,11,11,8,6,6,6,10,11,7,6,7,7,9,12,14,14,15,15,15,14,14,14,13,13,13,13,13,14,14,14,14,14,13,12,10,9,11,14,16,17,17,18,18,18,18,19,19,18,18,18,18,18,18,18,18,18,18,18,18,17,17,17,17,17,17,17,17,18,18,18,19,19,19,19,18,18,18,18,18,18,18,19,19,19,19,17,16,16,15,15,15,15,16,17,18,19,19,20,19,16,9,4,7,13,18,19,19,19,18,18,17,16,16,16,15,15,15,14,15,15,15,15,16,17,17,17,17,16,16,15,15,15,14,14,15,15,14,14,14,14,15,15,15,15,15,15,15,15,15,15,15,15,15,15,15,15,15,15,15,15,15,15,14,14,14,14,14,15,14,14,14,15,15,15,15,15,15,15,15,15,16,16,16,16,16,16,16,14,10,7,4,4,4,6,10,12,12,11,10,10,11,11,11,11,10,8,12,15,14,12,10,6,3,3,3,3
0,0,0,0,0,0,0,0,0,0,3,3,3,5,10,13,19,26,24,15,11,12,11,11,10,8,7,7,7,10,14,11,7,7,7,9,13,14,15,16,16,15,15,15,15,15,15,15,14,14,13,13,12,12,11,11,10,8,7,7,10,14,16,17,17,17,18,18,19,19,19,19,18,18,18,18,18,18,18,18,18,17,17,17,17,17,16,16,17,17,18,18,18,19,19,19,19,19,18,18,18,18,18,18,18,18,19,19,19,18,17,17,16,16,15,15,16,17,18,19,19,20,19,14,6,4,7,13,19,19,19,19,18,18,17,16,16,15,15,15,15,14,14,15,15,16,17,18,17,17,16,16,15,15,15,15,15,15,15,14,14,14,14,15,15,15,15,15,15,15,15,15,16,16,16,16,16,16,16,16,16,16,16,16,15,15,15,15,15,15,15,15,15,15,15,15,15,15,15,15,15,15,15,15,16,16,16,16,16,16,16,14,11,7,4,4,4,6,9,14,15,13,11,10,11,10,10,11,10,8,10,16,15,12,12,7,3,3,3,3
0,0,0,0,0,0,0,0,0,1,3,3,4,7,11,15,22,26,20,13,11,11,11,10,9,8,8,8,8,11,12,10,7,6,8,12,15,16,16,17,16,16,16,16,16,17,17,17,16,16,16,15,16,15,15,14,13,11,10,10,12,14,15,16,16,17,18,18,19,18,18,18,18,18,18,18,18,18,18,18,17,17,17,17,17,17,17,17,18,18,18,18,19,18,19,19,19,19,18,18,18,18,18,18,18,18,19,19,19,19,18,18,17,16,16,16,16,17,18,19,20,20,17,11,6,6,10,15,19,19,19,18,18,18,17,16,16,15,15,15,15,14,15,16,17,17,18,18,17,17,16,16,15,15,15,15,15,15,14,14,14,14,15,15,15,15,15,15,16,15,15,16,17,17,17,17,17,17,16,17,17,17,17,16,16,16,16,16,15,15,15,15,14,14,15,15,15,15,15,15,15,15,15,15,16,16,16,16,16,16,15,13,10,6,4,4,4,6,8,13,16,15,12,10,11,10,10,11,10,8,9,15,16,13,11,8,3,3,3,3
0,0,0,0,0,0,0,0,0,1,3,3,5,9,13,18,25,25,16,11,11,10,10,10,8,9,10,9,9,10,10,9,6,5,10,15,16,17,17,17,16,15,16,17,17,17,18,17,17,16,16,16,17,17,17,16,16,15,14,12,13,14,14,15,16,17,18,19,19,19,18,18,18,18,18,18,18,18,17,17,17,17,17,17,17,17,17,18,18,19,18,18,19,19,19,19,19,19,18,18,18,18,18,18,18,18,19,19,19,19,19,19,18,17,16,16,16,17,18,19,20,19,15,9,5,7,13,18,19,19,19,18,18,18,17,16,15,15,15,15,15,15,16,17,18,18,18,17,17,16,16,16,16,15,15,15,15,15,14,15,15,15,15,15,15,16,16,16,16,16,16,17,17,17,17,17,17,16,15,15,16,16,17,17,17,17,17,16,15,15,15,15,15,15,15,15,15,15,15,15,15,15,16,16,16,16,16,16,16,16,14,12,9,6,4,4,5,7,8,11,15,16,14,11,11,11,11,11,10,9,9,13,16,14,12,9,4,3,3,3
0,0,0,0,0,0,0,0,0,3,3,3,7,11,15,21,27,21,13,11,11,10,11,9,7,10,10,8,8,8,8,8,5,6,13,16,17,18,18,18,16,15,16,17,17,17,18,18,18,17,17,16,17,17,17,17,17,16,16,15,14,14,13,14,15,16,18,19,19,19,19,18,18,18,18,18,17,17,17,17,17,17,17,17,17,17,18,18,19,19,18,18,19,19,19,19,19,18,18,19,19,18,18,18,18,18,19,19,19,19,19,19,19,18,17,16,17,17,18,19,20,18,14,8,5,10,16,19,19,19,18,18,18,17,17,16,15,15,15,15,16,17,18,18,18,18,18,17,16,16,16,16,16,15,15,15,15,15,15,15,15,15,15,15,15,16,16,16,16,17,17,17,17,17,17,17,16,15,14,13,13,14,15,16,16,16,17,17,16,16,15,15,15,15,15,16,15,15,16,15,15,15,16,16,16,16,16,16,16,15,13,11,7,5,4,5,6,7,8,10,12,15,16,13,11,11,10,10,11,9,8,12,16,15,12,10,5,3,3,3
0,0,0,0,0,0,0,0,0,3,2,4,9,13,17,24,27,16,11,11,10,10,10,7,8,12,10,7,5,5,6,6,5,9,15,17,18,18,18,17,17,16,16,17,17,18,18,17,17,17,17,16,17,17,17,17,17,17,15,13,13,13,13,14,16,17,18,18,18,18,19,19,19,18,18,18,17,17,17,17,17,17,17,17,17,17,18,18,18,18,19,19,19,19,19,18,18,18,18,19,19,19,18,18,18,19,19,19,19,19,19,19,20,19,18,17,17,17,18,19,20,18,13,7,5,12,18,19,19,19,18,17,17,17,17,16,16,15,16,17,18,18,18,18,18,18,18,17,16,16,16,16,16,16,16,16,16,16,15,15,15,15,15,15,16,16,16,16,17,17,17,17,17,17,16,16,16,15,14,14,13,13,13,14,15,16,17,17,16,16,15,15,15,15,15,16,15,16,16,16,15,15,16,16,16,16,16,16,15,14,12,9,6,5,5,5,6,8,9,10,10,13,16,15,12,11,10,10,11,10,7,11,16,16,13,11,6,3,3,3
0,0,0,0,0,0,0,0,1,3,3,6,11,15,20,26,23,12,10,11,10,10,8,8,10,11,9,5,4,4,5,6,9,13,16,17,18,18,18,17,17,16,16,16,17,17,17,17,17,17,17,17,17,17,17,17,17,17,14,11,11,12,14,17,18,18,18,18,18,19,19,19,18,18,18,18,17,18,18,17,17,17,17,17,17,18,18,18,18,18,19,19,19,19,19,18,18,19,19,19,19,19,18,19,19,18,18,19,19,19,19,19,20,20,19,17,17,17,18,19,19,18,14,8,7,14,19,20,19,19,18,17,17,17,16,16,16,17,18,18,18,18,18,18,18,18,17,17,17,17,17,17,17,17,17,17,16,16,16,16,15,15,15,15,16,16,16,16,17,17,17,17,17,16,16,16,16,16,15,15,15,14,13,13,14,15,17,17,17,16,16,15,15,15,16,16,15,16,16,15,15,16,16,16,16,16,16,16,14,13,11,7,5,5,5,5,7,8,9,10,10,11,14,15,14,14,13,10,11,11,8,9,15,18,14,11,8,4,3,3
0,0,0,0,0,0,0,0,1,3,4,8,13,17,23,26,18,11,10,11,11,9,8,9,12,10,6,4,4,5,9,13,15,17,17,17,17,17,17,17,17,17,16,16,16,16,17,16,16,17,17,17,18,18,17,17,18,16,13,10,10,12,15,18,19,19,19,19,18,18,18,18,18,18,18,17,17,18,18,17,17,17,18,18,18,18,18,18,19,19,19,19,19,19,19,18,19,19,19,19,19,19,18,18,18,18,18,19,19,19,19,19,20,19,19,18,17,18,18,19,19,18,15,9,9,15,19,20,19,18,18,18,17,17,16,17,17,18,19,19,18,18,18,18,18,17,17,17,17,17,17,18,18,17,17,17,17,17,17,16,16,15,15,15,15,16,16,16,17,17,17,17,17,17,17,17,17,17,16,15,16,16,15,14,13,14,16,17,17,16,16,16,15,15,16,16,16,16,15,15,16,16,16,16,16,16,16,15,14,12,9,6,5,5,6,7,8,8,9,10,10,10,11,13,15,15,13,10,11,12,9,8,15,19,15,12,9,4,3,3
0,0,0,0,0,0,0,0,2,3,6,11,14,20,25,23,13,9,11,11,10,8,8,10,12,8,4,3,4,10,15,17,18,18,18,17,17,17,17,17,17,17,17,16,16,16,16,16,15,16,17,18,18,18,18,17,18,16,13,10,10,13,16,18,18,19,19,18,18,18,18,18,18,18,17,17,17,17,17,17,17,17,18,18,18,18,18,19,19,19,19,19,19,19,19,19,19,19,19,19,19,19,18,18,18,18,18,19,19,19,19,19,19,19,19,19,18,18,18,19,19,18,16,10,11,17,19,19,19,19,18,18,17,17,17,18,19,19,19,19,19,18,18,18,17,17,17,17,17,17,18,18,18,17,17,17,18,17,17,17,16,16,15,15,15,15,16,16,16,17,17,16,17,17,17,17,17,17,17,17,17,17,17,15,14,13,15,17,17,16,17,16,16,16,16,16,16,16,15,15,16,16,16,16,16,16,16,15,13,10,7,6,6,6,8,9,10,9,9,10,10,10,10,11,12,13,12,10,11,13,10,9,14,19,16,12,10,5,3,3
0,0,0,0,0,0,0,0,2,4,8,13,17,24,26,19,9,10,11,11,10,7,8,11,11,7,3,3,7,14,18,18,18,18,18,17,17,17,17,17,17,17,17,17,17,16,16,16,15,15,16,18,18,18,18,17,17,16,12,10,13,16,17,18,18,19,19,18,18,18,18,18,18,18,17,17,18,17,17,17,17,18,18,18,18,18,18,18,18,18,18,19,19,18,18,18,18,18,18,19,19,18,18,17,17,17,18,19,19,19,19,19,19,19,19,19,19,19,18,18,19,19,16,10,12,17,19,19,19,19,18,18,18,18,18,19,19,19,19,19,19,18,18,18,17,17,17,17,17,17,18,18,18,17,17,17,18,17,17,17,16,16,15,14,15,15,16,16,16,16,16,16,17,17,17,17,17,17,17,17,17,18,18,17,15,13,13,16,17,17,17,16,16,16,16,16,16,16,15,15,16,16,16,16,16,15,15,14,12,8,6,5,6,7,9,10,11,10,9,10,10,10,10,11,11,11,12,10,10,13,11,8,14,20,17,13,11,5,3,3
0,0,0,0,0,0,0,0,3,6,10,15,20,26,23,14,9,10,11,10,9,7,9,11,9,5,4,6,12,17,19,18,18,18,18,17,17,16,16,16,17,17,17,17,17,17,17,16,16,17,17,18,18,18,17,17,17,15,10,11,16,18,18,18,18,19,18,18,18,19,18,18,18,18,17,17,17,17,17,17,18,18,18,18,18,18,18,18,18,18,18,18,18,18,18,18,18,18,19,19,19,19,18,18,18,18,18,19,19,19,19,19,19,19,19,19,19,19,19,19,19,19,16,12,13,17,19,19,19,19,19,18,18,19,19,19,19,19,19,18,18,18,18,17,17,17,17,17,17,17,17,18,18,18,18,17,17,18,17,17,17,16,16,15,15,15,16,16,16,16,16,17,17,17,17,17,17,17,17,17,17,18,18,17,17,14,13,15,17,17,17,16,16,16,16,16,16,16,16,16,16,16,16,15,15,15,15,13,10,7,5,5,5,6,8,10,11,10,9,10,10,10,10,11,11,11,11,11,9,12,12,8,12,21,20,13,11,6,3,3
0,0,0,0,0,0,0,1,4,8,12,17,23,24,17,11,10,10,10,9,8,8,11,11,7,4,5,9,15,18,19,18,18,18,18,17,17,16,16,16,16,16,17,17,17,17,17,17,17,18,18,18,18,18,17,17,17,14,9,14,17,18,18,18,19,18,18,19,19,18,18,17,17,17,17,18,18,17,17,17,18,18,18,18,17,18,18,18,18,18,18,19,19,19,18,18,18,19,19,19,19,19,18,18,17,18,18,18,19,19,19,19,19,19,19,19,19,19,19,19,20,19,16,13,14,18,19,19,19,19,19,19,19,19,19,19,19,19,19,18,18,18,17,17,17,17,17,18,18,17,17,18,18,18,18,18,18,18,18,17,17,17,16,16,15,15,16,16,16,16,16,17,17,17,17,17,16,17,17,17,17,17,17,17,18,16,13,14,17,17,17,16,16,17,17,17,16,16,16,16,16,16,16,15,15,14,13,11,8,7,6,5,5,5,7,9,10,10,9,9,10,11,10,11,10,11,11,11,10,10,12,10,11,19,21,15,11,8,4,3
0,0,0,0,0,0,0,2,5,10,14,20,26,22,13,10,10,10,10,8,7,11,13,10,5,3,7,13,18,19,18,18,18,18,17,17,17,16,16,16,15,16,16,16,16,17,17,18,17,18,18,18,18,17,17,17,17,13,10,15,18,18,18,18,19,18,18,19,18,18,18,17,17,17,17,17,18,17,18,18,18,18,18,18,18,18,18,18,18,18,19,19,18,18,18,18,18,18,18,19,19,18,18,17,17,17,18,18,19,19,19,19,20,20,20,20,19,19,19,19,19,19,16,14,15,18,19,19,19,19,19,19,19,19,19,19,19,19,19,18,18,18,17,17,17,17,18,18,18,18,17,18,18,18,18,17,17,18,18,17,17,17,16,16,15,15,16,16,16,16,16,17,17,17,17,17,16,17,17,17,17,17,17,17,17,17,13,12,16,17,17,17,17,17,17,16,16,16,16,16,16,16,15,15,14,13,11,8,6,7,7,7,6,5,6,9,10,11,9,9,10,11,10,10,11,11,11,11,10,10,11,10,11,18,22,17,12,9,4,3
0,0,0,0,0,0,0,2,7,12,16,23,27,20,10,10,10,10,10,6,8,14,14,7,3,5,11,17,19,19,18,18,18,18,18,17,16,16,15,15,15,15,16,15,16,16,17,17,17,17,17,17,17,17,17,17,15,12,11,16,18,18,18,18,18,18,18,18,18,18,18,18,17,17,17,17,18,18,18,18,18,18,18,18,18,18,18,18,18,18,18,18,18,18,18,18,18,18,18,18,18,18,18,17,16,16,16,17,18,18,19,19,20,20,20,19,19,19,19,19,19,19,16,13,16,19,19,20,19,19,19,19,19,20,19,19,19,19,19,18,18,17,18,17,17,18,17,18,18,18,17,18,18,18,18,18,18,18,18,17,17,17,17,16,16,16,16,16,16,16,16,16,16,17,17,17,17,17,17,17,17,17,17,17,18,17,14,12,15,17,17,17,17,17,16,16,16,16,16,16,16,15,14,13,12,10,7,7,7,7,8,8,7,6,6,7,10,11,9,8,10,11,10,10,11,11,11,11,9,10,12,10,10,17,23,18,13,9,5,2
0,0,0,0,0,0,0,4,9,13,18,26,26,17,10,10,10,10,8,6,11,15,12,5,3,8,14,18,19,19,19,18,17,17,18,17,17,16,15,15,15,15,15,15,15,15,16,16,16,15,15,16,17,17,17,16,14,11,11,16,18,18,18,18,18,18,18,18,18,18,18,18,17,17,17,17,18,18,18,18,18,18,18,18,18,18,18,18,18,18,18,18,18,18,18,18,18,17,17,17,17,17,16,16,16,15,16,17,17,18,19,19,19,20,19,18,18,19,19,19,19,19,15,12,17,20,20,20,19,18,18,19,20,20,19,19,19,19,19,18,18,17,17,17,17,17,18,18,18,18,18,18,18,18,18,18,18,18,18,18,17,17,17,17,16,16,16,16,16,16,16,16,17,17,17,17,17,17,17,17,17,17,18,18,18,17,12,10,13,16,16,16,17,16,16,16,16,15,15,15,14,13,11,11,10,8,8,8,7,7,7,8,8,7,6,6,9,11,9,8,11,12,10,11,10,10,11,11,10,10,13,10,9,15,23,20,13,11,6,2
0,0,0,0,0,0,1,6,11,15,22,27,24,14,9,10,10,9,7,7,12,14,9,4,4,10,16,19,19,18,18,18,17,17,17,17,17,16,15,14,15,15,15,14,14,14,15,16,15,14,14,15,17,17,16,15,13,9,10,16,18,18,18,18,18,18,18,18,18,18,18,18,17,17,17,17,18,18,18,18,18,18,19,19,18,18,18,18,18,18,18,18,18,18,18,18,17,17,16,16,16,16,15,15,16,15,16,16,16,17,19,19,20,19,19,18,18,19,19,19,19,18,13,13,17,20,20,19,18,18,18,19,20,19,19,19,19,18,18,18,18,17,17,17,17,18,18,18,18,18,18,18,18,18,18,18,18,18,18,18,17,17,17,17,16,16,16,16,16,16,16,16,16,17,17,17,17,17,17,17,17,17,18,18,17,13,8,7,9,13,15,15,16,15,14,14,13,13,12,11,11,11,11,11,11,10,9,8,7,7,7,7,8,8,6,5,7,10,9,7,10,12,11,10,10,11,11,11,11,11,13,12,9,13,21,21,14,11,7,3
0,0,0,0,0,0,3,8,13,18,24,27,20,11,9,10,10,8,6,9,13,12,7,3,6,13,18,19,18,18,18,18,17,17,16,17,17,17,15,14,15,15,15,15,15,14,15,16,16,15,14,15,16,16,15,14,12,7,9,16,19,18,18,18,19,18,18,18,18,18,18,18,18,17,17,17,18,18,17,18,18,18,18,18,18,18,18,18,18,18,18,18,18,17,17,16,16,16,15,15,15,15,15,15,15,15,16,16,16,17,18,19,20,19,19,18,18,19,19,19,19,16,11,13,18,20,19,18,18,18,18,19,19,19,19,19,19,18,17,17,17,17,17,17,18,18,18,18,18,18,18,18,18,18,17,18,18,18,18,17,17,17,17,17,17,16,16,16,16,16,16,16,16,17,17,17,17,17,17,17,17,16,15,12,9,7,6,6,6,7,8,10,11,12,12,12,12,12,12,12,13,13,13,12,12,11,10,9,8,8,7,6,8,8,8,6,6,8,8,7,9,12,11,10,10,11,11,12,12,11,13,12,9,13,20,21,15,12,8,4
0,0,0,0,0,0,5,11,15,21,26,26,17,8,10,10,10,7,5,11,13,10,5,4,8,15,19,18,18,18,18,17,17,17,16,16,17,17,16,15,14,15,15,16,16,15,16,16,16,16,15,15,15,15,13,12,9,6,10,16,19,18,18,18,19,19,18,18,18,18,18,18,18,17,17,18,18,17,17,18,18,18,18,18,17,17,18,18,18,18,18,18,17,16,16,16,16,15,15,15,15,15,15,15,15,15,16,16,15,15,17,19,20,20,19,19,19,19,19,19,18,14,10,14,19,20,19,19,19,18,18,19,20,19,19,19,18,17,16,16,16,17,17,17,18,18,18,18,18,18,18,18,18,17,17,18,18,18,17,18,18,18,17,17,17,16,16,17,17,17,17,16,17,16,17,17,17,18,18,17,17,17,16,14,11,8,8,7,7,7,7,9,11,13,13,14,14,15,15,15,15,15,14,13,12,11,10,10,9,8,7,6,7,9,10,7,5,7,7,6,8,11,11,10,11,11,13,15,13,10,13,12,8,12,20,21,16,12,9,4
0,0,0,0,0,0,7,12,16,24,27,24,13,7,10,11,9,6,6,11,11,7,4,5,9,15,19,18,18,18,18,17,17,17,16,16,17,17,17,16,15,15,15,16,16,16,16,16,16,16,15,14,12,11,10,8,7,8,12,16,19,19,18,18,19,19,18,18,18,18,18,18,18,17,17,18,18,17,18,18,18,18,18,17,18,18,18,18,17,17,17,16,16,15,15,15,15,15,15,15,15,15,15,16,15,15,15,16,15,15,16,18,19,19,19,19,19,19,19,19,18,13,9,15,20,19,19,19,19,18,18,20,20,20,19,18,17,17,16,16,16,16,16,17,17,17,17,18,18,18,18,18,18,17,17,17,17,17,17,18,18,18,17,17,17,17,17,16,16,16,16,16,16,17,17,17,17,17,18,18,18,18,18,18,17,15,13,12,11,11,13,14,14,15,15,15,16,16,16,16,15,15,15,14,13,11,10,9,9,7,6,6,7,9,11,9,7,8,7,5,6,10,11,10,11,11,13,16,13,9,12,13,8,11,19,23,17,13,10,4
0,0,0,0,0,2,9,14,19,26,26,19,11,8,10,10,8,6,8,11,9,5,4,7,10,14,18,18,18,18,18,17,17,16,16,16,16,17,17,17,16,15,15,16,16,17,17,17,17,16,14,11,7,6,6,6,9,11,13,17,19,19,18,19,19,18,18,18,17,17,18,18,18,17,18,18,18,18,18,18,18,18,18,17,18,18,18,18,17,17,16,16,15,14,15,15,15,15,15,15,15,15,15,15,15,15,16,16,15,16,16,17,18,18,18,18,19,19,20,19,19,17,16,18,20,20,19,19,19,19,19,20,21,20,18,17,17,16,16,16,16,16,16,16,16,17,17,17,18,18,18,18,18,17,17,18,18,18,17,18,18,18,18,17,17,17,16,16,16,17,16,16,16,17,17,17,17,17,17,17,18,18,18,18,18,18,17,17,16,15,15,15,15,15,16,16,16,16,17,16,16,16,15,14,13,11,10,10,9,8,5,5,6,7,8,8,8,8,7,5,5,9,11,10,10,11,12,15,15,11,10,13,9,10,16,22,19,13,10,6
0,0,0,0,0,4,11,16,22,26,23,15,10,9,11,10,7,7,9,9,6,4,6,9,13,15,17,18,18,18,17,17,17,16,16,16,16,16,16,17,16,16,16,15,16,17,17,17,17,17,15,11,7,6,6,8,12,14,15,17,19,18,18,19,19,18,18,17,17,17,18,18,18,18,18,17,17,18,18,18,18,18,18,17,18,18,18,17,17,16,15,15,15,15,14,15,15,15,15,15,15,15,15,16,16,16,16,16,16,16,17,17,18,18,18,17,17,18,18,18,18,19,18,18,19,19,19,19,19,19,20,20,20,18,17,16,15,15,15,15,16,16,16,15,16,16,17,17,17,18,17,18,18,17,18,18,18,18,18,18,18,18,18,18,17,17,17,16,16,17,17,16,16,17,17,18,18,17,17,17,17,17,17,18,18,18,18,18,18,16,15,15,15,16,16,16,17,17,17,16,16,16,15,14,13,12,11,10,9,8,6,4,5,5,6,7,8,8,7,7,6,7,10,10,10,11,11,14,15,13,10,12,10,11,16,21,20,14,10,7
0,0,0,0,0,7,12,17,24,27,20,12,9,10,11,8,5,8,9,6,3,4,8,13,16,17,17,17,18,18,17,17,17,16,16,16,16,16,16,17,17,16,16,16,16,16,16,17,17,17,15,12,9,8,9,11,14,15,16,17,18,18,18,18,18,18,18,18,17,18,18,18,18,18,18,18,17,18,18,18,18,18,18,17,17,17,16,16,16,16,15,15,15,15,15,16,15,15,15,15,15,15,15,15,16,16,16,16,16,17,17,18,19,19,19,18,17,16,16,17,16,16,17,17,17,18,18,19,19,18,18,19,18,17,15,15,15,15,15,15,15,15,15,15,15,15,15,16,17,17,17,17,18,17,17,18,18,18,18,17,18,18,18,17,17,17,17,17,17,17,16,16,17,17,17,17,17,17,17,17,17,17,18,18,18,18,18,18,17,16,16,16,16,16,16,17,17,17,17,17,16,16,15,14,14,14,14,15,14,12,10,7,5,5,5,6,8,8,8,7,6,7,9,10,10,11,11,13,16,14,12,12,11,11,16,21,20,14,11,7
0,0,0,0,0,10,13,19,26,27,17,9,9,12,10,6,6,9,8,4,3,8,13,17,18,18,18,18,17,17,17,17,17,16,16,16,16,16,16,17,17,17,16,16,16,15,16,16,16,16,15,12,9,9,11,14,16,17,17,17,18,18,18,18,18,18,18,17,17,18,18,18,17,18,18,18,18,18,18,18,17,18,18,17,17,16,15,15,15,15,15,15,15,15,15,15,15,15,14,14,14,15,16,16,16,16,16,16,16,17,17,18,19,20,20,18,17,16,17,17,14,12,15,17,17,17,17,18,18,17,17,18,17,16,15,15,15,15,15,15,15,15,15,15,15,15,15,15,16,17,17,17,17,17,18,18,18,18,18,18,18,18,18,17,17,17,17,17,17,17,17,17,17,17,17,17,17,17,17,17,17,18,18,18,18,18,17,17,17,16,16,16,16,16,17,17,17,17,17,17,16,15,15,15,15,16,16,16,17,16,15,13,9,6,4,5,8,8,7,8,7,7,9,10,10,11,11,13,15,13,11,13,11,11,16,22,21,14,12,8
0,0,0,0,2,11,15,22,26,24,14,8,10,11,9,6,7,8,5,3,7,13,18,19,19,18,18,18,17,17,17,17,17,16,16,16,16,16,16,17,17,17,17,16,16,15,15,15,15,15,14,11,9,10,13,16,17,18,18,18,18,18,18,18,17,17,17,17,17,18,18,17,17,18,18,17,18,18,18,18,18,17,18,17,17,16,15,15,15,15,15,15,15,15,15,15,15,15,14,14,15,15,16,16,16,16,16,16,17,17,17,18,18,20,19,18,16,16,17,17,15,14,15,16,17,17,17,18,18,18,18,18,17,16,16,16,16,15,15,15,15,15,15,15,15,15,14,15,16,16,17,17,17,17,17,17,17,17,17,18,18,18,18,18,17,17,17,17,17,17,17,17,17,17,17,18,17,17,17,18,18,18,18,18,18,17,17,17,17,16,16,16,17,17,17,17,17,16,16,16,15,15,15,16,16,16,17,17,17,17,17,16,14,10,5,4,6,8,7,7,7,6,9,10,10,12,11,11,13,11,12,14,11,11,16,23,22,14,12,8
0,0,0,0,4,13,18,24,26,20,11,9,11,11,7,6,8,7,4,6,13,17,19,19,18,18,18,18,17,17,17,17,16,16,16,16,16,16,16,16,17,17,17,16,16,16,15,13,13,13,12,10,9,12,15,17,18,18,18,18,18,18,18,18,18,17,17,17,17,18,18,17,17,17,17,17,18,18,17,18,17,17,17,17,15,15,15,15,15,15,15,14,15,15,15,15,14,14,15,15,15,16,16,16,16,16,16,16,16,17,17,17,18,18,18,17,16,16,16,17,17,17,17,17,17,17,17,18,19,20,20,19,18,17,16,16,16,15,15,15,15,15,15,15,15,15,15,14,15,15,16,17,17,18,17,17,17,17,17,17,17,17,17,17,17,17,17,17,17,17,17,17,17,17,18,17,17,17,17,18,18,18,18,18,17,17,16,16,16,16,16,17,17,17,17,17,16,15,15,14,15,16,16,16,16,17,17,17,17,17,17,17,17,14,8,4,4,7,7,7,7,6,8,10,11,11,11,11,12,11,13,16,13,12,18,23,21,15,12,9
0,0,0,0,8,14,19,25,24,16,10,10,12,10,6,6,8,5,5,11,17,19,18,18,18,18,18,17,17,17,17,16,17,16,16,16,16,16,16,16,16,17,17,17,17,17,15,12,10,9,9,7,8,13,17,18,18,18,18,18,18,18,18,18,18,17,17,17,17,18,18,17,17,17,17,17,17,17,17,17,17,17,17,16,15,14,14,15,15,15,15,14,14,15,15,14,14,15,15,15,15,16,16,16,16,16,16,16,17,17,16,16,17,18,18,18,17,15,14,14,13,15,16,17,17,16,17,18,19,20,19,18,18,17,16,16,16,15,15,15,14,15,15,14,14,15,15,14,14,15,15,16,16,17,18,17,17,17,17,17,17,17,17,17,17,17,17,17,17,17,17,17,17,17,17,17,17,17,18,18,18,18,18,18,17,17,16,15,16,16,16,17,17,17,17,16,15,15,16,16,16,16,17,17,17,17,17,17,17,17,17,17,17,16,12,6,3,5,6,7,7,7,8,10,11,11,11,11,11,12,14,16,13,13,20,24,20,15,12,9
0,0,0,0,11,14,20,26,23,13,9,11,12,8,5,7,6,4,7,14,19,19,18,18,18,18,17,17,17,17,17,16,16,16,16,16,16,16,16,16,16,16,17,17,17,17,16,13,10,8,6,7,9,14,17,18,18,18,18,18,18,18,18,18,18,17,17,17,17,17,17,17,17,17,17,17,17,17,17,17,17,17,16,15,15,15,14,14,14,15,15,14,14,15,15,15,15,15,16,16,16,16,16,17,16,16,16,16,17,17,17,17,17,18,18,19,18,14,11,10,10,12,14,16,17,17,17,18,19,18,17,17,17,17,16,16,16,15,15,15,14,15,15,14,14,15,15,14,14,14,15,15,16,16,17,17,18,18,17,17,17,17,17,17,17,17,17,17,17,17,17,17,17,17,17,17,18,18,18,18,18,18,18,18,17,17,15,14,15,16,17,17,17,17,16,16,16,16,17,17,17,17,17,17,17,17,17,17,17,17,17,17,17,17,14,8,5,5,5,7,9,7,7,10,11,11,11,11,11,12,14,13,10,14,22,24,19,14,12,9
0,0,0,1,13,15,21,26,21,11,8,12,12,7,6,7,5,4,10,16,19,19,18,18,18,17,17,17,17,17,16,16,16,16,16,16,16,16,16,16,16,16,16,17,17,17,16,15,14,11,8,6,8,14,17,18,18,18,18,18,18,18,18,18,18,17,17,17,17,17,17,17,17,17,18,17,17,17,17,17,17,16,16,15,15,15,14,14,14,14,14,14,15,15,15,15,15,16,16,16,16,16,16,16,16,16,16,17,17,17,17,17,18,18,19,19,19,14,10,10,11,11,11,15,18,18,18,18,17,17,16,16,17,17,17,16,16,15,15,15,15,15,15,14,14,14,15,15,15,14,14,14,15,16,17,18,18,18,17,17,18,17,17,16,17,17,17,17,17,17,17,17,17,17,17,18,18,18,18,18,18,18,18,18,17,16,14,12,14,16,17,17,17,17,17,17,17,17,17,17,17,17,17,17,17,17,17,17,17,17,18,18,17,18,16,9,5,4,4,7,10,8,6,10,11,11,11,11,11,13,14,13,9,14,25,24,17,13,12,9
0,0,0,4,13,17,23,25,19,10,10,13,10,6,6,6,4,6,12,17,19,18,18,18,18,17,17,17,16,16,16,16,16,16,16,16,16,16,16,16,16,16,16,16,17,17,17,17,17,16,13,8,7,12,17,18,18,18,18,18,18,18,18,18,18,17,17,17,17,17,17,18,17,18,18,17,17,17,17,17,16,16,15,15,14,14,14,14,14,14,14,14,15,15,15,15,16,16,16,16,16,16,16,16,16,16,16,17,17,17,18,17,17,18,18,19,19,15,11,11,10,10,12,17,19,19,18,18,17,17,16,17,17,17,16,16,16,15,15,15,15,15,15,15,14,14,15,15,15,14,14,14,15,16,17,18,18,17,17,17,18,18,17,17,17,17,17,17,17,17,17,17,17,17,18,18,18,18,18,18,18,18,18,18,17,16,12,11,13,16,17,17,17,17,17,17,17,17,17,17,17,17,17,16,16,17,17,17,17,17,17,17,17,18,16,10,6,4,4,7,10,9,7,9,11,10,11,11,12,13,13,11,9,16,24,23,16,13,12,8
0,0,0,6,14,19,24,24,16,9,11,13,8,5,7,5,3,7,13,18,19,18,18,18,18,17,17,16,16,16,16,16,16,16,16,16,16,16,16,16,16,15,16,16,16,16,17,17,17,17,15,11,7,10,16,17,18,17,17,18,18,18,18,18,17,17,18,18,18,17,17,18,17,18,18,18,17,17,17,17,16,15,15,14,14,14,14,14,15,15,14,14,15,15,15,16,16,16,16,16,16,16,16,16,16,16,16,17,17,17,17,17,17,17,18,19,19,16,13,10,9,11,15,19,20,19,19,18,17,16,16,17,17,17,16,16,16,15,15,15,15,15,15,15,15,15,14,14,14,14,14,14,15,15,16,17,17,17,18,18,18,17,17,17,18,18,18,17,17,17,17,17,17,17,17,18,18,18,18,18,18,18,17,17,17,15,11,9,13,16,17,17,17,17,17,17,17,17,17,17,17,16,17,16,16,17,17,17,17,17,17,18,18,17,13,9,7,4,4,7,9,9,7,9,11,10,11,11,12,13,13,10,10,17,23,21,15,13,11,7
0,0,0,9,15,21,25,23,13,8,13,13,6,5,7,5,4,7,13,18,18,18,18,18,17,17,16,16,16,16,16,16,15,15,15,16,16,16,16,16,16,15,15,16,16,16,16,17,17,17,17,14,10,9,12,15,17,17,17,17,18,18,18,18,17,18,18,18,17,17,17,18,18,18,17,17,17,17,18,17,16,15,15,15,15,14,14,15,15,16,15,15,16,16,16,16,16,16,16,16,16,16,16,16,16,16,16,16,16,17,17,17,17,17,18,19,19,17,13,11,11,13,17,19,19,18,18,17,17,17,17,17,18,17,16,16,15,15,15,15,15,15,15,14,15,14,14,14,14,14,15,14,15,15,15,17,17,18,18,18,18,17,17,17,18,18,18,17,17,17,17,17,17,17,18,18,18,18,18,18,18,18,18,18,17,14,9,8,13,16,17,17,17,17,17,17,17,17,17,16,16,16,16,16,17,17,17,17,17,17,17,18,17,14,8,5,5,4,4,6,9,9,7,9,11,11,11,11,12,13,13,9,10,19,22,18,14,13,9,5
0,0,0,12,16,24,26,21,10,8,14,12,5,6,7,5,5,7,12,16,18,18,18,18,17,17,16,16,16,16,16,15,15,14,14,15,15,16,16,16,16,16,16,16,16,16,16,16,17,17,17,16,13,9,9,12,15,16,16,17,18,18,18,18,18,17,17,17,17,17,17,18,18,18,17,17,17,17,17,17,16,15,15,15,15,15,14,15,16,16,16,16,16,16,16,16,15,15,15,16,16,16,16,16,16,16,16,16,17,17,17,17,17,17,18,18,19,18,14,13,14,16,19,19,19,18,17,16,17,17,17,17,17,17,16,16,15,15,15,15,15,15,15,14,14,14,14,14,14,15,15,14,14,15,15,16,17,17,18,17,17,17,17,17,18,18,17,17,17,18,17,17,17,17,18,18,18,18,18,18,18,18,18,18,16,12,7,8,13,16,16,17,17,17,17,17,17,16,16,16,16,16,16,16,17,17,17,17,17,17,17,17,16,14,10,8,6,4,4,5,9,9,6,9,11,11,11,11,12,13,13,9,10,21,22,16,13,12,7,4
0,0,3,13,19,25,24,16,9,10,13,10,5,6,7,5,6,8,12,16,18,18,18,18,17,17,16,16,16,16,16,16,15,14,14,14,15,15,16,16,16,16,16,15,15,16,16,16,16,17,17,17,15,11,7,8,11,13,15,17,18,18,18,18,18,17,17,17,17,17,17,18,18,18,18,18,18,17,17,17,16,15,14,15,15,15,15,15,16,16,16,16,16,16,15,15,16,15,16,16,16,16,16,16,16,16,16,16,16,17,16,16,16,17,18,18,19,17,15,15,16,17,19,19,18,17,17,17,17,17,17,17,17,16,16,16,16,15,15,15,15,15,15,15,14,14,14,14,14,14,14,14,14,15,15,16,17,17,17,17,17,17,17,17,18,18,18,17,18,18,17,17,17,17,17,18,18,18,18,18,18,18,18,18,16,10,5,6,11,14,15,16,17,17,17,16,15,15,15,15,15,16,16,17,17,17,16,16,16,16,17,17,17,17,16,16,12,6,3,4,8,10,7,8,11,11,11,11,11,13,12,8,11,21,21,15,12,10,5,3
0,0,6,15,21,25,22,14,9,11,12,8,5,7,7,5,6,10,15,18,19,19,18,18,17,17,16,16,16,16,16,16,16,15,14,14,15,15,16,16,16,16,16,16,15,15,16,16,16,17,17,17,17,15,8,5,6,8,12,16,18,18,18,18,18,17,17,17,17,17,17,18,17,18,18,18,17,17,17,17,16,15,14,15,15,15,16,16,16,16,16,16,16,16,16,15,16,16,16,16,16,16,15,15,15,15,15,16,16,16,16,16,17,17,17,18,18,17,16,15,17,18,18,18,18,17,17,17,17,17,17,17,17,17,16,16,16,16,16,15,15,15,15,15,15,14,14,14,14,14,14,14,14,15,15,16,16,17,17,17,17,17,18,18,18,18,18,17,18,18,17,17,17,17,17,18,18,18,18,18,18,18,18,17,14,8,3,4,7,10,13,14,15,16,16,15,15,15,16,16,16,16,16,16,17,17,16,16,16,17,17,17,17,17,18,18,15,9,5,4,7,10,8,8,11,11,11,11,11,12,11,9,13,21,19,14,12,8,4,3
0,0,9,16,23,26,19,11,9,11,11,5,5,8,7,4,7,14,18,19,18,18,18,17,17,16,16,16,16,16,16,16,16,16,16,15,15,15,15,16,16,16,16,16,15,15,15,15,16,16,17,17,18,17,12,6,3,5,10,16,18,18,18,18,18,17,17,17,17,17,17,18,18,18,18,18,18,17,17,16,15,15,14,15,15,16,16,16,16,16,16,16,16,16,16,16,16,16,16,16,16,16,16,15,15,16,16,16,17,16,16,16,17,17,17,18,18,18,16,16,17,18,18,18,18,17,17,17,16,16,16,16,16,16,16,16,16,16,16,15,15,15,15,15,15,15,14,14,14,15,15,14,14,14,15,15,16,17,17,17,17,18,18,18,18,18,18,17,17,17,17,17,17,18,18,18,18,18,18,18,18,18,18,16,12,6,3,4,5,7,10,12,13,14,15,15,15,16,16,16,16,16,16,16,16,16,16,16,17,17,17,17,17,17,18,18,16,12,6,3,7,10,8,8,10,11,11,11,12,12,10,8,15,20,18,14,11,7,4,3
0,0,12,18,26,26,17,9,9,12,9,4,5,8,6,4,10,16,19,18,18,18,18,17,17,16,16,16,16,15,16,16,16,16,16,16,15,15,15,16,16,16,16,16,15,15,15,15,15,16,17,17,18,18,15,10,5,6,11,16,18,18,18,18,18,17,17,17,17,17,17,18,18,18,18,18,18,17,17,16,15,15,15,16,17,17,17,16,16,16,16,16,16,16,16,16,15,15,15,15,15,15,16,16,16,16,16,16,17,17,17,16,17,17,17,18,18,18,17,16,17,18,18,17,17,17,16,16,17,16,15,15,16,16,16,16,16,16,16,15,15,15,15,15,15,15,15,15,14,14,15,15,14,14,14,15,16,17,17,17,17,17,17,18,18,17,17,17,17,17,17,17,17,18,18,18,18,18,18,18,18,18,18,15,10,5,5,6,6,7,9,11,12,13,13,14,14,15,15,15,15,16,16,16,16,16,17,17,17,17,17,17,17,17,18,18,18,14,6,3,6,10,7,8,11,11,12,12,12,12,10,11,20,21,16,13,10,5,3,3
0,2,13,19,26,24,15,9,10,11,7,4,6,8,6,6,12,17,18,18,18,18,17,17,16,16,16,16,16,15,16,16,16,16,16,16,16,15,15,16,16,16,16,16,16,16,15,15,15,16,16,17,17,18,17,14,9,8,12,17,18,18,18,18,18,17,17,17,17,17,17,18,18,18,18,18,18,17,17,16,15,15,16,17,16,16,16,16,16,16,16,15,15,16,16,16,15,15,15,15,16,16,16,16,16,16,16,16,16,17,17,16,17,17,18,18,18,18,17,17,17,18,18,17,17,17,16,17,17,16,16,16,16,16,16,16,15,15,15,15,15,15,15,15,16,16,15,15,15,15,15,15,15,15,15,15,16,17,17,17,17,17,17,18,18,18,17,17,17,17,17,17,17,18,18,18,18,18,18,18,18,18,18,14,7,5,7,8,9,9,9,10,11,12,12,13,14,14,14,15,16,16,16,16,17,16,17,17,17,17,17,17,17,17,18,18,18,15,8,3,5,10,7,7,11,11,12,12,12,11,11,18,25,22,15,12,9,4,3,2
0,5,14,20,25,22,13,9,11,10,6,5,8,9,6,8,13,17,18,18,18,18,17,17,17,16,16,16,15,15,15,15,15,16,16,16,16,16,16,15,16,16,16,16,16,16,15,15,15,15,15,16,17,18,18,18,14,10,12,16,18,18,18,18,18,17,17,17,16,17,17,18,18,18,18,17,18,17,17,16,16,16,16,16,16,16,16,16,16,16,16,16,15,16,16,16,16,15,16,16,16,16,16,16,16,16,16,16,16,16,17,17,18,18,18,18,18,17,17,17,18,18,18,17,17,17,16,17,17,17,16,16,16,16,16,16,15,16,16,16,15,15,15,15,16,16,15,15,15,15,15,15,15,15,15,15,16,16,17,17,17,17,17,18,17,17,17,17,17,17,17,17,18,18,18,18,18,18,18,18,18,18,17,13,7,5,6,8,9,10,9,9,11,12,13,14,15,15,16,16,16,17,16,16,17,16,16,17,16,16,17,17,17,17,18,18,18,15,9,5,5,8,7,7,11,11,11,12,11,11,13,22,27,23,15,12,8,4,3,1
0,8,15,22,26,22,12,9,11,9,5,5,9,9,5,8,14,17,18,18,18,17,17,17,17,17,16,16,15,15,15,15,15,16,15,16,16,16,16,16,16,16,16,16,16,16,16,16,15,15,15,16,17,17,18,18,17,14,12,14,17,18,18,18,18,17,17,17,16,16,18,18,18,18,18,18,18,17,17,17,16,16,16,16,16,17,16,17,17,17,16,16,16,16,16,16,16,16,16,16,16,16,16,16,16,16,16,16,16,16,17,17,17,18,18,18,18,17,17,18,18,18,17,17,17,17,17,17,17,17,16,16,16,16,16,16,16,16,16,16,15,15,15,15,15,16,15,15,15,15,15,15,15,14,15,15,16,16,17,17,17,16,17,18,18,17,17,17,17,18,17,17,18,18,18,18,18,18,18,18,18,18,17,15,9,5,5,7,9,10,11,12,14,15,15,16,17,17,17,17,17,16,16,16,16,16,16,16,16,16,17,17,17,17,18,18,18,15,10,5,5,8,7,7,10,11,11,11,11,11,13,22,26,21,16,12,8,4,3,1
0,11,16,23,26,22,11,9,11,8,4,6,11,10,4,8,13,16,16,17,17,18,17,17,17,17,17,16,15,15,15,16,15,15,15,15,16,16,16,16,16,16,16,15,15,16,16,16,16,15,15,15,16,17,17,18,18,17,15,13,15,17,18,18,18,18,17,17,16,16,17,18,18,18,18,18,17,17,17,17,17,16,16,16,16,17,17,17,17,17,16,16,16,16,16,16,16,17,16,16,16,16,16,16,16,16,16,16,16,17,17,17,18,18,18,18,18,16,16,17,18,18,17,17,17,17,16,16,16,16,16,16,16,16,16,16,15,16,16,15,15,15,15,15,15,15,15,16,16,15,15,15,14,14,15,15,16,16,17,17,17,17,18,18,18,17,17,17,17,17,17,17,17,17,17,18,18,18,18,18,18,18,18,17,12,6,5,7,10,13,14,15,16,17,17,17,17,17,17,17,16,16,16,16,16,16,16,16,16,16,17,17,17,17,18,17,17,16,11,5,5,7,7,7,10,11,11,11,12,11,12,23,26,21,16,12,8,4,3,0
1,12,17,23,26,21,11,9,11,8,5,8,12,10,6,8,11,14,15,16,17,18,17,17,17,17,17,16,15,15,15,15,15,15,15,15,15,15,15,16,16,16,16,16,15,15,16,16,16,15,15,15,15,16,17,17,17,18,17,15,14,15,17,18,18,18,17,17,16,16,17,18,18,18,18,18,18,17,16,16,17,16,16,16,16,17,16,16,17,17,16,16,16,16,16,16,17,16,16,16,17,16,16,16,17,17,16,17,17,17,17,18,18,18,18,18,17,14,15,17,18,18,18,17,17,17,17,16,16,16,16,16,16,16,16,15,15,15,15,15,15,15,15,15,15,15,15,16,16,16,15,15,15,14,14,15,15,16,17,17,17,17,17,17,17,17,17,17,17,17,17,17,17,17,17,18,18,18,18,18,18,18,18,18,13,7,5,8,12,14,15,16,17,17,17,17,17,17,17,16,16,16,16,16,16,16,16,16,16,16,17,17,17,17,18,18,18,17,12,5,4,8,7,7,11,11,11,11,12,11,11,24,27,22,16,12,8,3,2,0
4,13,18,24,25,18,10,9,10,7,6,9,12,9,6,8,11,13,14,16,18,18,17,17,17,17,16,16,15,15,15,15,16,16,15,15,15,15,15,15,16,16,16,16,15,15,15,16,16,16,15,15,15,16,16,17,17,18,18,17,15,15,15,16,17,17,17,17,16,16,17,18,18,18,18,18,17,16,16,16,16,16,16,16,16,16,16,16,17,17,16,16,16,16,16,17,17,16,16,16,17,16,16,16,16,17,17,17,17,17,17,17,17,18,18,18,15,13,15,17,18,18,18,17,17,17,17,17,17,17,16,16,16,16,16,16,15,15,15,15,16,15,15,15,15,15,15,16,16,16,15,15,15,14,15,15,16,17,17,17,17,17,18,17,17,17,17,17,17,17,17,17,17,18,17,17,18,18,18,18,18,18,18,18,14,7,7,10,13,15,16,17,17,17,17,17,17,17,16,16,16,16,16,16,16,16,16,16,16,16,17,17,17,17,17,18,18,17,13,6,4,7,7,7,10,11,11,11,12,12,13,23,26,22,16,12,8,4,2,0
7,14,20,25,23,15,9,10,10,7,7,11,12,8,7,9,12,13,15,17,18,18,17,17,17,17,16,16,15,15,15,16,16,16,15,15,15,15,15,15,15,16,16,16,15,15,15,16,16,16,16,15,15,16,16,16,16,17,18,17,17,16,16,15,16,17,17,17,17,17,17,17,18,18,18,17,16,16,16,16,16,16,16,16,16,16,16,17,17,16,16,16,16,16,16,16,16,16,16,16,16,16,16,16,16,17,17,17,17,17,17,17,17,18,19,17,13,12,15,18,18,18,18,17,17,17,17,17,16,16,16,16,16,16,16,16,15,15,15,16,16,16,16,15,15,15,15,15,16,16,16,16,15,15,15,15,16,17,17,17,17,17,18,18,17,17,17,16,17,18,17,17,17,18,18,18,18,18,18,18,18,18,18,18,14,9,8,12,14,16,17,17,17,17,17,17,16,16,16,15,16,16,16,16,16,16,16,16,16,16,17,17,17,17,18,18,18,17,13,6,4,7,7,7,10,11,11,11,12,11,14,23,26,21,15,12,8,4,1,0
10,15,20,24,21,12,8,10,10,7,7,13,13,7,6,10,12,14,16,17,18,17,17,17,17,16,16,16,16,15,15,16,16,16,15,15,15,15,15,15,15,15,15,15,15,15,16,16,16,16,16,16,16,16,16,16,16,16,17,17,17,18,17,15,16,17,18,17,17,16,17,17,18,18,17,17,16,15,16,16,16,16,16,16,16,16,17,17,17,16,16,16,16,16,16,16,16,16,16,16,17,17,16,16,16,17,17,17,17,17,17,18,18,19,19,16,12,12,16,17,18,18,18,18,17,16,16,16,16,16,16,16,16,16,16,16,15,16,16,16,15,16,16,16,16,16,16,16,16,16,16,16,16,15,15,15,16,17,17,18,18,17,17,17,17,17,17,17,17,18,17,17,17,18,18,18,18,18,18,18,18,18,18,17,14,10,10,12,15,17,17,17,17,17,16,16,16,16,15,16,16,16,16,16,16,16,16,16,16,16,16,17,17,17,18,18,18,17,13,6,4,6,7,7,10,11,11,11,12,10,15,24,26,20,14,11,7,3,0,0
12,15,20,24,21,13,8,10,10,7,8,13,13,7,6,11,13,15,16,17,18,17,17,17,17,16,16,16,16,15,15,15,16,15,15,15,15,15,15,15,15,15,15,15,15,15,16,16,16,15,15,16,16,16,16,16,16,16,16,16,17,17,17,16,16,17,18,17,16,16,16,17,17,17,17,16,16,16,16,16,16,16,16,16,16,16,16,16,16,16,16,16,16,16,16,16,16,16,17,16,17,17,17,17,17,17,17,17,17,17,18,18,18,19,19,14,10,11,16,18,18,18,18,18,17,17,16,16,16,16,16,16,16,16,16,16,16,16,16,16,16,16,16,16,16,16,16,16,16,15,16,16,16,15,15,16,17,17,18,18,18,18,18,17,17,17,17,17,17,18,18,17,17,18,17,18,18,18,18,18,18,17,17,16,13,10,10,13,16,17,17,17,17,16,16,15,15,16,16,16,16,16,16,16,16,16,16,16,16,16,16,17,17,17,18,18,18,17,12,5,4,6,5,7,10,11,11,11,11,9,15,25,26,18,13,12,7,2,0,0
11,15,21,25,24,18,12,10,10,8,9,14,12,6,6,11,15,16,17,17,17,17,17,17,16,16,16,16,16,16,15,15,15,15,15,15,15,15,15,15,15,15,15,15,15,15,16,16,16,16,15,15,16,16,16,16,16,16,15,16,16,17,17,17,16,17,17,17,16,16,16,16,16,16,16,16,15,15,15,16,16,16,16,16,16,16,16,16,16,16,16,16,16,16,16,16,16,17,17,17,17,17,17,17,17,17,17,17,17,18,18,18,18,19,16,11,10,12,16,18,18,18,18,17,17,17,17,17,16,16,16,16,16,16,16,16,16,16,16,16,16,16,15,16,16,16,16,16,16,16,16,16,16,16,16,16,17,17,18,18,18,18,18,17,17,17,17,17,18,18,18,18,18,17,17,17,17,18,17,17,17,17,16,14,11,10,11,14,17,17,17,17,16,16,16,15,16,16,16,16,16,16,16,16,16,16,16,16,16,16,16,17,17,17,18,18,18,16,11,5,4,5,5,6,10,11,11,11,11,10,16,24,25,18,13,10,6,2,0,0
12,15,22,26,24,17,11,10,11,8,10,15,11,5,7,12,16,17,17,18,17,17,17,17,16,16,16,16,16,16,15,15,15,15,15,15,15,15,15,15,15,15,15,15,15,15,15,16,16,15,16,15,15,16,16,16,16,15,15,15,16,16,17,17,17,16,16,16,16,16,16,16,16,16,16,15,15,15,16,16,16,16,16,16,16,16,16,16,16,16,16,16,16,16,16,17,17,17,17,17,17,17,17,17,17,17,17,17,18,18,18,18,19,18,13,10,11,12,15,18,18,18,18,18,18,18,17,17,17,17,16,16,16,16,16,16,16,15,15,15,16,16,16,16,16,15,16,16,16,16,16,16,16,17,16,16,17,18,18,18,18,18,18,17,17,17,17,17,18,17,18,18,18,18,17,16,16,17,17,17,17,16,13,10,9,10,12,15,17,17,17,16,16,15,15,15,16,16,16,16,16,16,16,16,16,16,16,16,16,16,17,17,17,17,18,18,17,14,10,6,4,5,5,6,9,11,12,11,10,9,14,22,23,17,13,10,5,1,0,0
12,16,23,26,21,13,8,11,11,7,11,16,10,4,7,14,17,17,18,18,17,17,17,16,16,16,15,16,16,16,16,16,16,15,16,16,16,16,16,16,15,15,15,15,15,15,15,15,15,15,15,15,15,15,16,16,16,16,16,16,16,16,16,16,17,16,16,16,16,16,16,16,16,16,15,15,15,15,16,16,16,16,16,16,16,16,16,16,17,16,16,16,16,16,16,17,17,17,17,17,17,17,17,17,17,17,17,17,17,18,18,19,19,15,11,10,11,10,15,18,19,18,18,18,17,17,17,16,16,16,16,16,16,16,16,16,16,16,15,16,16,16,16,16,16,16,16,16,17,16,16,16,16,17,17,17,17,18,18,18,18,18,17,18,17,17,17,17,18,18,17,18,18,18,17,16,16,16,16,16,15,13,9,8,9,11,12,15,17,17,16,16,15,15,15,16,16,16,16,16,16,16,16,16,16,16,16,16,16,17,17,17,17,17,17,16,14,11,7,5,4,5,5,6,10,11,12,12,9,8,14,22,22,17,13,9,4,0,0,0
12,16,24,27,18,11,8,12,11,7,11,16,9,3,8,15,18,18,18,18,17,17,16,16,16,16,16,16,16,16,16,16,15,15,16,16,16,16,16,16,16,15,15,15,15,15,15,15,15,15,15,16,16,15,15,16,16,16,16,16,16,16,16,16,16,16,16,16,16,16,15,15,15,15,15,15,15,16,16,16,16,16,16,15,16,16,16,17,17,16,16,16,17,17,17,17,17,17,18,18,17,17,17,17,17,17,18,17,17,18,18,20,18,12,10,11,11,10,13,19,19,18,18,17,17,17,17,17,17,16,16,16,16,16,16,16,16,16,15,15,16,16,15,16,16,16,16,17,17,16,16,16,16,16,16,17,17,18,18,18,18,18,18,18,17,16,17,17,18,18,17,18,18,18,18,17,17,16,16,15,13,9,7,7,9,10,12,14,16,16,16,15,15,15,15,16,16,16,16,16,16,16,16,16,16,16,16,16,16,17,17,17,17,17,17,16,14,11,7,5,4,5,5,6,10,12,12,12,9,10,18,24,22,16,13,8,3,0,0,0
13,17,24,25,18,11,9,11,10,8,12,14,8,4,9,15,18,18,18,18,17,17,16,16,16,16,16,16,16,16,16,16,16,16,16,16,16,16,16,16,16,15,15,15,15,15,15,15,15,15,15,16,16,16,16,16,16,16,16,16,16,16,16,16,16,16,16,16,16,15,15,15,15,15,15,15,15,16,16,16,16,16,16,16,16,16,16,17,17,17,17,17,17,17,17,17,17,18,18,18,18,17,17,17,17,18,18,18,18,18,18,19,17,12,10,12,12,12,14,18,19,19,18,17,17,17,17,17,16,16,16,16,16,16,16,16,16,15,15,16,16,15,15,16,16,16,16,16,16,16,16,16,16,16,16,17,17,18,18,18,18,18,18,17,17,17,17,17,18,18,18,18,18,18,18,18,17,16,15,12,9,7,8,10,12,13,14,15,17,16,15,15,15,15,16,16,16,16,16,16,16,16,16,16,16,16,16,16,17,17,17,17,18,18,18,18,17,16,11,6,3,4,5,5,10,12,12,12,10,12,22,26,21,15,12,7,2,0,0,0
13,18,24,24,18,11,9,11,10,9,12,13,7,4,9,15,18,18,18,17,17,17,17,16,16,16,16,16,16,16,16,16,16,16,16,16,15,15,15,15,15,15,15,15,15,15,15,15,15,15,15,15,15,16,16,16,16,16,16,16,16,16,16,16,16,16,16,16,16,15,15,15,15,15,15,16,16,15,15,16,16,16,16,16,16,16,16,16,17,17,17,17,17,17,17,18,17,18,18,18,18,18,17,17,17,18,18,18,18,17,18,19,17,13,11,12,13,13,15,18,19,19,18,18,17,17,17,17,17,17,16,16,17,17,16,16,16,16,16,16,16,15,15,15,16,16,16,16,16,16,16,16,16,16,16,17,17,18,18,18,18,18,18,17,17,17,17,17,18,18,18,18,18,18,18,18,17,15,12,9,8,11,14,16,17,17,17,17,16,15,15,15,15,16,16,16,16,16,16,16,16,16,16,16,16,16,16,16,17,17,17,17,18,18,18,18,18,18,15,8,3,4,4,6,10,12,12,11,10,14,23,25,20,14,11,7,2,0,0,0
14,19,24,24,19,10,9,11,9,8,12,12,7,4,9,15,18,18,18,17,17,17,17,17,17,16,16,16,16,16,16,16,16,15,15,15,15,15,15,16,15,15,15,15,15,15,15,15,15,15,16,16,15,15,16,16,16,16,16,16,16,16,16,16,16,15,15,15,16,15,15,15,15,15,15,15,15,15,15,16,16,16,16,17,17,16,16,17,17,17,17,18,18,18,18,18,18,18,18,18,18,18,18,18,18,18,18,18,18,17,18,18,17,14,11,12,13,13,16,18,18,18,18,18,17,17,17,17,17,17,17,17,17,17,16,16,16,16,16,16,16,15,15,15,16,16,16,16,16,16,16,16,16,16,16,17,17,18,18,18,18,18,17,16,17,17,17,17,18,18,18,18,18,17,17,16,14,11,9,11,14,17,17,17,17,17,17,16,15,15,15,15,15,16,16,15,15,15,15,16,16,16,16,16,16,16,16,16,17,17,17,17,17,17,18,18,18,18,15,9,4,4,4,6,10,11,12,12,10,16,24,25,18,14,11,6,1,0,0,0
14,19,24,25,19,8,9,11,9,7,12,12,7,3,9,14,16,17,18,17,17,17,17,17,17,17,17,16,16,16,16,16,16,16,16,16,15,15,15,15,15,15,15,15,15,15,16,16,15,15,15,15,15,15,16,16,16,16,16,16,16,16,16,16,16,15,15,15,15,15,15,15,15,15,15,16,16,16,16,16,17,17,16,16,17,17,17,17,17,17,17,17,17,17,18,18,18,18,18,18,18,18,18,18,19,19,18,17,16,16,16,17,18,14,11,12,13,15,18,18,17,17,18,18,17,17,17,17,17,16,17,17,17,17,16,16,16,16,16,16,16,15,15,16,16,16,16,16,16,16,16,16,16,16,16,16,17,17,18,18,18,17,16,16,16,17,17,18,18,18,18,17,17,16,15,12,10,11,14,17,18,18,17,17,17,16,16,15,15,15,15,15,15,15,15,15,15,15,15,16,16,16,16,16,16,16,16,16,17,17,17,17,17,17,18,18,18,18,16,9,4,4,4,6,10,11,12,12,9,16,26,24,17,14,11,5,0,0,0,0
14,20,25,25,18,9,9,11,9,7,11,11,7,5,9,12,14,16,17,17,17,17,17,16,16,16,16,16,16,16,16,16,16,16,16,16,15,15,15,15,15,15,15,15,15,15,15,15,15,15,15,15,15,15,16,16,16,16,16,16,16,16,15,15,15,15,15,15,15,15,15,15,15,15,16,16,16,16,16,16,17,17,17,17,17,17,17,17,17,17,17,17,17,17,18,18,18,18,17,18,18,18,19,19,19,19,18,14,9,10,11,15,17,15,12,12,14,17,16,14,16,17,18,18,17,17,18,17,17,17,17,17,17,17,17,16,16,16,16,16,16,16,16,16,16,16,16,16,16,16,16,16,16,16,16,16,17,17,17,17,17,17,16,16,17,17,17,18,18,18,17,16,15,13,12,12,14,17,18,18,17,17,17,16,16,15,15,15,15,15,15,15,15,15,15,15,15,16,16,16,16,16,16,16,16,16,16,16,16,16,16,17,17,17,17,18,19,19,17,10,4,4,5,6,11,12,12,12,9,16,26,24,17,14,10,4,0,0,0,0
15,21,25,25,18,10,9,10,9,8,11,11,7,5,10,14,15,16,17,17,17,17,17,17,17,16,16,17,16,16,16,16,16,16,16,15,15,15,16,16,15,15,15,15,15,15,16,15,15,15,15,15,15,15,16,16,16,16,16,16,16,16,15,15,15,15,15,15,15,15,15,14,15,16,16,16,16,16,16,17,17,17,17,17,17,17,17,17,17,17,17,17,18,17,18,18,18,18,18,18,18,19,19,19,19,18,15,10,5,7,11,15,16,14,13,13,15,16,14,11,12,15,18,18,18,18,18,17,17,17,17,16,17,17,17,17,17,17,17,16,16,16,16,16,16,16,16,16,16,16,16,16,16,16,16,16,16,16,17,17,17,17,17,17,17,17,18,18,18,17,16,15,14,14,16,17,18,18,18,17,17,16,16,15,15,15,15,15,15,15,15,15,15,15,15,16,16,16,16,16,16,16,16,16,16,16,16,16,16,16,16,16,17,17,17,18,19,19,16,10,4,4,5,6,10,11,12,12,11,17,25,23,17,13,10,4,0,0,0,0
15,21,25,26,19,10,9,10,8,7,11,11,6,5,10,15,17,18,18,18,17,17,17,17,17,16,17,16,16,16,16,16,16,16,16,16,15,16,15,15,15,15,15,15,15,15,16,15,15,16,15,15,15,15,15,16,16,16,16,16,16,16,15,15,15,15,15,15,15,15,15,15,15,16,16,16,16,16,17,17,16,17,17,17,17,17,17,17,18,17,17,18,18,18,18,18,18,18,18,18,18,18,19,19,18,16,12,8,7,9,13,16,15,14,13,13,16,17,13,9,6,9,16,19,18,18,18,18,17,17,17,17,17,17,16,17,18,17,17,17,16,16,16,16,16,16,16,15,15,16,16,15,15,16,16,16,16,16,16,16,17,17,16,16,17,17,18,17,17,16,15,15,16,17,18,18,18,18,17,16,16,16,16,15,15,15,15,15,15,15,15,15,15,15,15,16,15,16,16,16,16,16,15,15,16,15,15,16,16,16,16,16,17,17,18,18,19,19,16,10,4,4,5,7,10,11,12,11,11,19,25,22,17,13,9,2,0,0,0,0
16,22,26,26,20,9,9,11,8,6,11,12,5,4,10,16,18,18,18,18,17,17,17,17,17,16,16,16,16,16,16,16,16,16,16,16,16,16,16,16,15,15,15,15,16,16,16,16,15,15,15,15,15,15,15,16,16,16,16,16,16,16,15,15,15,15,15,15,15,15,16,16,16,16,16,17,17,17,17,17,17,17,17,17,17,17,17,17,18,18,18,18,17,17,17,18,18,18,18,18,18,19,19,18,17,13,8,7,7,9,13,16,15,13,13,13,15,15,12,7,5,8,14,18,18,18,18,18,18,17,17,17,17,17,17,17,17,17,17,17,16,16,16,16,16,16,16,16,15,16,16,16,16,15,15,16,16,16,16,16,17,17,16,16,17,17,17,17,16,16,16,17,18,18,18,17,17,16,16,15,15,15,15,15,15,15,15,15,15,15,15,15,15,15,15,15,15,15,15,15,15,15,15,15,15,15,16,16,16,16,17,17,17,17,18,18,19,18,16,9,4,4,4,7,10,11,12,11,11,20,26,22,16,13,8,1,0,0,0,0
16,22,26,26,21,10,9,11,8,7,11,11,6,4,10,16,18,18,18,18,17,17,17,17,16,16,16,16,16,16,16,16,16,16,16,16,16,16,16,16,16,15,16,16,16,16,16,16,16,16,16,15,15,15,15,15,16,16,16,16,16,16,15,15,15,15,15,15,16,16,16,16,16,16,17,17,17,17,17,17,17,17,17,17,17,17,17,18,18,18,18,17,17,18,18,18,18,18,18,18,18,19,18,17,15,10,6,8,7,8,13,16,13,12,13,13,13,14,11,7,5,7,13,18,18,19,18,18,18,18,18,18,17,17,17,17,17,17,17,17,17,17,16,16,16,16,16,15,15,16,16,15,15,15,15,15,15,16,16,16,16,16,16,16,17,17,17,17,17,17,18,18,18,17,17,16,16,15,15,15,15,15,15,15,15,15,15,16,16,16,15,15,15,15,15,15,15,15,15,15,15,16,16,16,16,16,17,17,17,17,17,17,17,18,18,18,18,18,15,8,3,4,4,6,11,11,11,10,10,21,27,21,15,13,8,0,0,0,0,0
16,21,25,27,22,11,9,10,8,7,10,10,6,4,10,17,18,18,18,18,17,17,17,16,16,16,16,16,16,16,16,16,16,16,16,16,16,16,16,16,16,16,16,16,16,16,16,16,16,16,16,16,16,16,15,15,16,16,16,16,16,16,15,15,15,15,15,15,16,16,16,16,16,16,16,17,16,16,17,17,17,17,17,17,17,17,18,18,17,17,18,17,18,18,18,18,18,18,18,18,18,18,18,15,11,7,7,8,7,7,11,14,13,12,11,12,13,12,10,7,6,7,12,16,18,18,18,18,18,18,17,17,17,17,17,17,17,17,17,17,17,17,17,17,16,16,16,16,16,16,16,16,15,15,15,15,15,15,15,16,16,16,16,16,17,17,17,17,18,18,18,17,17,16,16,16,15,15,15,15,16,16,15,15,15,15,15,15,15,15,15,15,15,15,15,15,15,15,15,15,16,16,16,16,16,17,17,18,18,17,17,17,17,17,18,18,19,18,14,7,3,4,4,7,11,12,11,11,12,20,25,21,15,12,7,0,0,0,0,0
16,21,25,27,22,11,9,10,8,7,10,11,6,4,10,17,18,18,18,18,17,17,17,16,16,16,16,16,16,16,16,16,16,16,16,16,16,16,16,16,16,16,16,16,16,16,16,16,16,16,16,16,16,16,16,15,16,16,16,16,16,15,15,15,15,16,15,15,16,16,17,17,17,17,16,16,15,15,16,16,16,16,16,17,18,18,18,18,17,17,18,17,17,18,18,18,18,18,18,18,17,17,15,12,8,7,8,7,6,7,10,12,12,11,10,11,12,10,8,8,7,7,11,15,17,18,18,18,18,18,17,17,17,17,17,17,17,17,17,17,17,17,16,16,16,16,16,16,16,16,16,16,15,15,15,15,15,15,15,15,15,15,16,16,16,17,17,17,17,17,17,16,16,16,16,15,15,15,15,16,16,16,15,15,15,15,15,15,15,15,15,15,15,15,15,15,15,15,15,16,16,16,16,17,17,17,18,17,15,13,13,14,14,15,15,16,16,15,11,6,4,5,5,7,11,12,11,11,13,20,24,20,15,12,5,0,0,0,0,0
15,21,25,27,24,12,8,10,8,6,9,11,6,3,10,17,19,18,18,18,17,17,17,16,16,16,16,16,16,16,16,16,16,16,17,17,17,17,17,17,16,16,17,16,16,16,16,16,16,16,16,16,16,16,16,16,16,15,15,16,16,15,15,15,15,15,15,16,16,17,17,18,18,18,17,16,16,15,16,16,16,15,15,15,15,16,16,17,17,17,17,17,17,18,18,18,18,18,17,17,16,15,12,9,8,9,10,8,7,8,9,10,10,10,10,12,11,8,8,8,8,7,10,15,17,18,18,18,18,18,17,17,17,17,17,17,17,17,17,17,17,17,16,16,16,16,16,15,16,15,15,15,15,15,15,15,15,15,15,15,15,15,16,16,16,16,16,17,16,16,16,16,16,15,15,15,15,16,15,15,15,15,15,15,15,15,15,15,15,15,15,15,15,15,15,15,16,16,16,16,16,16,17,17,17,17,16,13,12,12,12,13,12,12,11,11,10,9,8,5,5,5,5,8,12,12,12,11,13,21,24,19,15,11,2,0,0,0,0,0
14,20,25,27,24,13,8,10,9,6,8,11,7,4,10,17,19,18,18,18,17,17,17,16,16,16,16,16,16,16,16,16,16,16,16,16,16,17,17,17,16,16,16,16,16,16,16,16,16,16,16,16,16,16,16,16,15,15,15,16,16,16,15,15,15,15,16,16,16,17,18,18,18,17,17,18,17,17,17,17,17,16,16,16,15,15,15,16,16,16,16,16,16,17,17,17,17,17,16,15,15,13,11,10,10,11,12,9,8,10,10,9,9,9,10,12,13,10,9,10,9,7,9,14,17,17,18,18,18,18,18,17,17,17,17,17,17,17,17,17,17,17,16,16,16,16,16,16,16,15,15,15,15,15,15,15,15,15,15,15,15,15,15,15,16,16,16,16,16,16,16,16,16,16,15,15,15,15,15,15,15,15,15,15,15,15,15,15,15,15,15,15,15,16,16,16,16,16,16,16,16,17,17,17,17,15,13,14,15,16,16,17,17,16,15,13,10,6,6,5,5,6,5,9,13,11,12,11,14,23,25,18,13,10,0,0,0,0,0,0
14,19,24,27,23,14,8,10,9,6,7,10,8,4,9,16,19,18,18,18,17,17,17,17,16,16,16,16,16,16,16,16,15,15,16,16,16,16,16,16,16,16,16,16,16,16,16,16,16,16,16,16,16,16,16,16,16,15,15,16,16,15,15,15,15,15,15,16,16,17,17,17,17,16,18,18,18,17,18,18,18,18,18,19,18,17,17,17,17,16,16,15,15,15,16,16,16,15,14,14,13,13,12,12,12,13,13,10,9,11,10,9,9,9,9,11,12,10,9,10,9,8,9,13,16,17,17,18,18,18,18,17,17,17,17,17,17,17,17,17,17,16,16,16,16,16,16,16,16,16,15,16,16,16,15,15,15,15,15,15,15,15,15,15,16,16,16,16,16,16,16,15,16,16,15,15,15,15,15,15,15,15,15,15,15,15,15,15,15,15,15,15,16,16,16,16,16,16,16,16,16,17,17,16,14,13,15,17,17,18,18,18,18,18,18,17,13,7,5,5,5,6,5,10,14,11,11,11,16,24,24,17,13,8,0,0,0,0,0,0
13,18,24,27,25,16,9,10,9,6,7,10,9,5,9,16,18,18,18,17,17,17,17,16,16,16,16,16,16,16,16,16,16,16,16,16,16,16,17,17,16,16,16,16,16,16,16,16,16,16,16,16,16,16,15,16,15,15,15,15,15,15,15,15,15,15,15,15,16,17,16,16,15,16,17,17,16,17,18,17,18,18,18,18,18,18,18,18,17,17,17,16,16,16,15,15,14,13,13,14,14,14,14,13,13,13,13,11,11,11,9,9,9,9,9,10,11,11,11,11,10,9,10,12,15,16,17,17,17,17,17,18,17,17,17,17,17,17,17,17,16,16,16,16,17,16,16,16,16,16,16,16,16,16,15,15,15,15,15,15,15,15,15,15,15,15,16,16,16,16,15,15,16,16,15,15,15,15,15,15,15,15,15,15,15,15,15,15,15,15,15,15,16,15,15,15,16,15,16,16,16,16,15,13,13,15,17,17,17,17,17,17,17,18,18,17,14,10,6,5,5,6,7,13,14,11,11,12,18,24,23,17,13,6,0,0,0,0,0,0
13,17,23,26,26,18,10,10,9,6,6,11,10,5,8,15,17,18,18,18,17,17,16,16,16,16,17,16,16,16,16,16,16,16,16,16,16,16,17,17,16,16,16,16,16,16,16,16,16,16,16,16,16,16,15,15,15,15,15,15,15,15,15,15,15,15,15,16,16,16,15,14,14,15,15,15,15,16,17,17,17,18,18,18,18,18,18,18,18,18,18,17,17,16,16,15,14,14,14,14,14,14,13,13,13,14,13,12,12,11,10,10,9,9,9,10,11,12,12,12,11,11,11,12,14,15,16,17,17,17,17,17,17,17,17,17,17,17,17,17,17,17,17,16,16,17,16,16,16,16,16,16,16,16,15,15,15,15,14,14,15,14,15,15,15,15,16,16,16,16,16,16,16,16,15,15,15,15,15,15,15,15,15,15,15,15,15,15,15,15,15,15,15,15,15,15,16,16,16,16,16,15,14,13,14,16,17,17,17,17,17,17,17,18,18,17,15,11,7,5,5,5,8,13,13,11,11,12,19,25,22,16,12,3,0,0,0,0,0,0
12,16,22,26,27,21,10,8,9,6,5,11,12,6,6,12,16,17,17,17,17,17,16,16,17,17,17,16,16,16,16,16,16,16,16,16,16,16,16,16,16,16,16,16,16,16,16,16,16,16,16,16,15,15,16,16,15,15,15,15,15,15,15,15,15,15,16,16,16,16,15,14,13,12,12,12,13,14,15,16,17,17,17,17,17,18,18,18,18,17,17,17,17,17,16,15,15,14,14,14,14,14,14,14,14,13,12,11,12,12,11,10,9,9,10,10,11,11,12,13,12,12,12,12,12,14,16,16,17,17,17,17,17,17,17,17,17,17,17,16,16,16,16,16,16,16,16,16,16,16,16,16,16,15,15,15,15,15,15,14,15,15,15,15,15,15,16,16,16,16,16,16,16,16,15,15,15,15,15,15,15,15,15,15,15,15,15,15,15,15,15,15,15,15,16,16,16,16,16,16,16,16,16,15,16,17,17,17,16,16,16,17,17,17,18,18,15,10,7,5,5,4,6,11,11,12,11,12,21,25,21,15,12,1,0,0,0,0,0,0
12,15,20,25,27,23,14,7,9,7,5,10,13,8,6,10,14,16,16,17,16,16,16,17,17,17,17,17,16,16,16,16,16,16,16,16,16,16,16,17,16,16,16,17,16,17,17,17,16,17,17,17,16,16,16,16,16,15,15,15,15,15,15,15,15,15,16,16,16,15,15,14,13,13,13,13,13,12,13,14,15,16,16,16,17,17,17,17,17,17,17,17,17,17,16,16,16,15,15,14,13,13,14,14,14,13,12,12,13,12,11,10,10,10,11,11,11,12,13,14,13,13,13,12,12,12,14,15,17,17,17,16,17,17,17,16,16,16,16,15,15,15,15,15,15,15,15,16,16,16,16,16,16,16,16,15,15,15,15,15,15,15,14,15,15,15,16,16,16,16,16,16,16,15,15,15,15,15,15,15,15,15,15,15,15,15,15,15,15,15,15,15,16,16,16,16,16,16,16,16,16,16,17,17,17,16,16,16,16,16,16,17,17,18,18,18,15,10,6,5,6,5,6,10,11,11,11,14,23,25,20,15,10,0,0,0,0,0,0,0
12,15,19,24,27,25,15,8,9,7,5,9,13,10,6,8,12,13,14,15,16,17,17,17,17,17,17,17,16,16,16,16,16,16,16,16,16,16,16,17,17,17,17,17,17,17,17,17,17,17,17,17,17,16,16,16,16,16,15,15,15,15,15,15,15,16,16,16,16,15,13,12,13,14,14,14,12,11,10,12,13,14,15,16,17,17,17,17,17,17,17,17,17,17,17,17,17,17,16,15,14,13,13,14,14,13,12,12,13,12,11,11,10,10,11,11,12,12,13,14,13,13,13,13,13,13,13,14,15,16,16,16,16,16,16,16,17,17,17,16,16,15,15,14,15,15,15,15,15,15,16,17,17,17,16,16,15,15,15,15,14,14,15,15,15,15,15,16,16,16,16,16,16,15,15,15,15,15,15,15,15,15,15,15,15,15,15,15,15,15,15,15,16,15,15,15,15,16,16,16,16,16,16,16,16,16,16,16,16,16,16,17,17,18,18,16,13,9,6,5,6,6,6,9,11,11,11,17,25,24,18,14,7,0,0,0,0,0,0,0
12,14,18,23,26,26,19,10,9,7,4,7,13,12,6,7,10,12,13,14,16,17,17,17,17,17,17,16,16,16,16,16,16,17,17,17,17,17,17,17,17,17,17,17,17,17,17,17,16,16,18,17,17,16,16,16,16,16,15,15,15,15,15,15,15,16,16,16,16,14,12,10,13,15,16,14,11,8,7,9,11,12,13,14,16,17,17,17,16,17,17,17,17,17,17,17,17,17,17,16,14,14,13,14,13,13,12,12,12,12,11,11,10,10,11,12,12,12,13,14,13,13,14,14,14,14,14,14,14,15,16,16,16,16,16,16,17,18,17,17,17,18,18,18,18,17,16,16,16,16,16,16,17,17,17,17,16,15,15,15,15,14,14,15,15,15,15,16,16,15,15,16,16,16,15,16,15,15,15,15,16,16,15,15,15,15,16,16,16,16,16,15,15,15,15,15,15,15,15,15,15,15,15,15,15,15,16,16,16,16,17,17,18,18,17,14,10,8,6,6,6,5,7,10,11,10,12,20,25,23,17,13,4,0,0,0,0,0,0,0
12,13,18,23,25,27,24,11,8,8,4,6,13,13,7,6,9,11,12,14,17,17,18,17,17,17,16,16,16,16,17,17,17,17,17,17,17,17,17,17,17,17,17,17,16,16,17,16,15,16,17,17,17,16,15,16,16,16,15,15,15,15,15,15,15,16,16,16,16,15,12,11,14,16,16,16,13,10,7,6,8,9,11,14,16,17,17,16,16,17,17,17,17,17,17,17,17,17,17,17,16,15,15,15,14,13,12,11,11,12,12,11,10,10,12,12,12,13,14,14,14,14,14,14,14,14,14,15,15,15,16,16,16,15,16,17,18,17,17,18,18,18,18,17,18,18,17,17,17,17,17,17,17,18,18,18,17,16,16,16,15,15,15,15,15,15,15,16,16,15,15,16,16,15,16,16,16,16,16,16,16,15,15,15,16,16,16,16,16,16,15,16,16,15,15,15,15,15,15,15,15,15,15,15,15,16,16,16,16,17,17,17,18,17,15,11,9,7,6,7,6,5,8,11,11,10,14,22,25,21,16,12,1,0,0,0,0,0,0,0
12,13,17,22,24,27,25,14,8,7,4,5,11,13,9,5,7,11,12,14,17,18,17,17,17,17,16,17,17,17,17,17,17,17,17,17,17,17,17,16,16,16,16,16,16,16,17,17,17,17,17,17,16,15,16,16,16,16,15,15,15,15,15,15,16,16,16,16,17,16,13,13,15,17,17,17,14,11,9,7,8,9,12,16,17,17,16,16,16,16,16,17,17,17,18,18,17,18,17,17,17,15,15,16,15,13,11,10,10,11,12,12,11,11,11,12,12,13,14,15,14,14,14,14,14,14,14,15,16,16,16,16,16,16,17,17,17,17,17,17,17,17,17,17,17,17,17,17,17,17,17,17,17,17,18,18,18,17,16,16,15,15,15,15,15,15,15,15,16,15,15,16,16,16,16,16,16,16,16,15,15,15,15,16,16,16,16,16,16,16,16,16,16,15,16,16,15,15,15,15,15,15,15,15,15,16,16,15,16,17,17,18,18,16,13,9,8,7,7,7,5,6,9,11,11,9,16,25,25,19,14,11,0,0,0,0,0,0,0,0
12,13,17,22,24,26,25,17,9,7,4,4,10,13,10,6,7,10,12,14,17,18,17,17,17,17,17,17,17,17,17,17,16,16,16,16,16,16,16,15,15,15,16,16,17,17,17,17,17,17,17,17,16,15,16,16,16,16,15,15,15,15,15,15,16,16,16,17,17,16,13,14,16,17,19,17,13,12,11,10,11,13,15,16,16,17,17,17,16,16,16,17,17,17,18,18,18,18,18,17,17,16,16,16,16,13,11,9,9,11,12,12,12,11,11,11,12,13,14,14,14,14,14,14,14,14,15,16,17,17,16,16,16,17,17,16,16,16,16,16,16,17,17,17,16,17,17,16,16,16,16,16,15,15,16,17,17,16,16,16,15,15,15,15,15,15,15,15,15,15,15,16,16,16,16,16,16,16,15,15,15,15,15,16,16,16,15,15,15,16,16,16,16,15,15,15,15,16,15,15,16,16,15,16,15,16,16,16,16,17,17,18,18,17,14,10,8,7,7,7,5,7,10,11,10,11,19,25,24,18,13,8,0,0,0,0,0,0,0,0
12,14,17,21,23,26,27,20,11,6,4,4,9,14,11,6,6,9,12,14,17,18,18,17,17,17,17,17,17,17,17,16,14,14,15,15,16,15,15,16,16,17,17,17,17,17,17,17,17,16,16,16,16,16,16,16,16,16,16,15,15,15,15,15,16,16,17,17,17,17,15,14,15,17,16,15,14,13,12,12,14,16,16,16,16,17,17,17,16,16,17,17,17,18,18,18,18,18,18,17,16,16,16,17,16,14,10,8,9,10,12,13,13,11,11,11,12,13,13,13,14,14,14,14,14,15,16,16,17,17,16,16,17,17,16,16,16,16,16,16,16,16,15,15,15,16,15,15,15,14,14,13,13,13,13,14,15,15,16,16,15,15,15,15,15,15,15,15,15,15,15,15,15,16,16,16,16,16,16,16,16,15,16,16,16,16,16,16,16,16,16,16,16,16,16,16,16,16,16,16,16,16,16,16,16,16,16,16,16,17,17,18,18,17,14,10,8,7,7,6,5,8,10,11,10,13,22,26,22,16,13,5,0,0,0,0,0,0,0,0
11,14,18,24,25,23,19,16,10,6,4,3,7,13,12,6,5,9,12,13,16,18,18,17,17,17,17,17,17,16,15,14,13,15,16,16,16,17,17,17,17,17,17,17,17,16,16,16,16,16,16,16,16,16,16,16,16,16,16,16,15,15,15,15,15,16,17,17,17,17,16,14,14,15,14,14,14,14,14,15,16,16,16,16,16,16,17,17,17,17,17,17,17,17,18,17,17,18,18,17,17,16,16,16,16,14,10,7,7,8,9,12,12,11,10,10,12,13,13,12,12,13,14,15,15,16,16,16,16,16,16,16,17,17,17,16,16,16,16,16,17,16,15,15,14,14,14,13,12,12,10,9,8,7,8,9,11,14,15,16,15,15,14,15,15,15,15,15,15,16,15,15,15,16,16,16,15,16,16,16,15,15,16,16,16,16,16,16,16,16,16,16,16,16,16,16,16,16,16,16,16,16,16,16,16,16,16,16,16,17,17,18,18,17,13,10,8,7,7,5,6,9,11,11,10,16,24,25,21,15,12,2,0,0,0,0,0,0,0,0
12,14,19,25,25,16,10,9,9,7,4,3,6,12,13,9,5,7,11,13,15,17,18,18,17,18,17,17,17,16,15,15,16,17,17,17,17,17,17,17,17,17,17,16,16,16,15,16,16,16,16,16,16,16,16,16,15,16,16,16,15,15,15,15,15,16,16,16,16,17,16,14,13,13,14,14,15,15,16,16,16,16,16,16,16,16,17,17,17,17,17,17,17,17,18,17,17,17,17,17,17,16,16,17,17,15,11,7,5,6,8,10,10,9,9,10,11,11,9,9,10,14,16,16,17,17,17,17,16,16,16,17,17,17,16,16,16,16,16,16,16,16,15,13,12,12,11,10,10,9,9,9,9,9,7,7,9,13,15,16,15,15,15,15,15,15,15,15,15,15,15,15,16,16,16,16,15,16,16,16,15,15,16,16,16,16,16,15,15,15,16,16,16,16,16,16,16,16,16,16,16,16,16,16,17,17,16,16,17,17,18,18,18,17,13,9,7,7,7,5,6,9,11,10,11,19,25,25,19,14,11,0,0,0,0,0,0,0,0,0
12,14,18,23,24,20,15,14,12,8,4,3,5,10,13,10,5,7,10,12,13,16,18,18,17,17,17,17,16,16,16,17,17,17,17,17,17,17,17,17,16,16,16,16,15,15,15,15,16,16,16,16,16,16,16,16,16,16,16,16,15,15,14,14,15,16,16,16,16,16,17,16,15,15,15,15,16,15,16,16,16,16,16,16,16,16,17,17,17,17,17,16,17,18,17,17,18,17,16,16,16,16,16,17,17,15,12,9,6,6,7,7,8,7,7,8,9,9,8,10,14,16,17,17,17,17,17,17,17,17,17,17,17,16,16,16,16,16,16,16,16,17,16,13,10,8,6,6,7,7,9,11,13,13,9,6,8,12,15,16,15,15,14,15,15,15,15,15,16,15,15,15,15,16,16,16,16,16,17,16,16,16,16,16,16,16,16,16,16,15,16,16,15,16,16,16,16,16,16,16,16,16,15,16,17,17,17,16,17,17,18,18,18,16,12,8,7,7,7,5,6,10,11,10,13,22,25,24,17,13,8,0,0,0,0,0,0,0,0,0
12,13,16,21,25,25,24,23,16,8,5,3,3,9,14,11,6,6,9,11,12,14,16,17,17,17,17,17,17,17,17,17,17,17,17,17,17,17,16,16,15,15,16,15,16,16,15,15,16,16,16,16,16,16,16,16,15,16,16,16,15,15,14,14,15,16,16,17,16,17,17,17,16,16,17,16,16,16,16,16,16,16,16,16,16,16,16,17,17,17,17,17,17,17,17,18,17,16,15,16,17,17,17,17,16,13,11,10,8,7,6,6,6,7,7,6,7,9,12,15,17,18,18,18,17,17,18,17,17,17,17,17,16,16,16,16,16,16,16,16,16,16,17,16,13,9,7,5,6,8,11,14,16,16,11,6,7,11,14,16,15,15,14,15,15,15,15,15,15,15,15,15,16,16,17,17,17,17,17,17,17,17,17,16,16,17,17,16,16,16,16,16,16,16,16,16,16,16,16,16,16,16,16,16,16,17,17,17,17,17,18,18,18,15,11,8,7,6,5,5,7,10,10,11,16,24,25,21,16,12,5,0,0,0,0,0,0,0,0,0
12,13,15,19,23,25,27,26,19,7,5,3,3,8,14,12,8,6,9,9,10,12,14,15,15,15,16,16,17,17,17,17,17,17,17,16,16,16,16,16,16,16,16,16,17,17,17,16,16,16,16,15,16,15,16,16,15,16,16,16,15,15,14,14,15,16,17,17,17,17,17,17,17,17,17,17,17,16,16,16,17,17,17,17,17,17,16,16,17,17,17,17,17,17,18,18,16,14,14,16,17,17,18,17,15,11,10,10,9,8,7,5,5,6,6,7,10,11,14,16,18,18,18,17,17,17,17,18,17,17,17,17,16,16,16,16,16,16,16,16,16,16,16,17,17,15,12,11,10,11,12,14,15,17,16,11,9,12,15,16,15,15,14,14,15,15,15,15,15,15,15,16,16,17,17,17,17,17,17,17,17,17,17,16,17,17,17,17,17,17,16,16,16,16,16,16,16,16,17,17,17,17,16,16,16,16,17,17,17,18,18,18,17,13,9,8,7,6,4,5,8,11,10,12,19,25,24,19,14,11,3,0,0,0,0,0,0,0,0,0
12,13,14,18,22,24,27,27,20,9,7,5,3,7,11,13,9,5,8,10,12,13,14,14,14,14,14,15,16,16,16,17,17,17,16,16,16,16,16,16,16,16,17,17,17,17,17,17,16,16,16,16,16,15,15,16,16,16,16,16,15,14,14,14,15,16,16,17,17,16,16,16,17,17,17,17,17,17,17,17,17,17,17,17,18,17,17,17,17,17,17,17,17,18,18,17,14,13,15,17,17,18,18,17,15,12,9,9,7,7,8,6,5,6,6,8,11,11,13,17,18,18,17,17,17,17,17,17,17,17,17,17,16,16,16,16,16,16,16,16,16,16,16,16,17,17,16,15,14,14,13,13,16,18,18,16,13,13,15,17,16,15,15,15,15,15,15,15,15,15,15,16,17,17,17,17,17,17,17,17,17,17,17,16,16,16,16,17,17,17,17,17,17,16,16,16,16,16,16,17,17,17,17,16,16,16,16,17,17,18,18,18,15,10,8,8,8,6,4,6,9,11,10,15,22,24,22,17,13,10,0,0,0,0,0,0,0,0,0,0
12,13,14,17,21,24,26,26,21,12,9,5,2,5,10,12,10,6,8,11,14,15,15,15,14,14,14,15,15,16,16,16,16,16,16,17,17,17,17,17,17,17,17,17,17,17,17,17,17,16,16,16,16,15,15,15,16,16,16,16,15,15,14,14,15,16,16,17,17,16,16,16,16,17,17,17,17,17,17,17,17,17,17,18,18,18,17,17,17,17,17,17,18,18,18,15,12,14,17,18,17,18,18,17,15,13,9,8,9,8,8,8,8,8,8,9,11,11,13,16,18,17,17,17,17,17,17,17,17,16,17,17,16,16,16,16,16,16,16,16,16,16,17,16,17,17,17,16,16,16,16,15,15,15,15,16,14,15,16,17,16,15,15,15,15,15,15,15,15,15,15,15,16,17,17,17,17,17,17,17,17,17,17,17,17,16,16,16,16,16,16,17,17,17,17,16,16,16,16,16,17,17,17,17,16,16,16,17,17,17,17,16,11,7,8,10,10,6,3,6,10,11,10,17,23,23,20,16,12,8,0,0,0,0,0,0,0,0,0,0
11,13,14,16,20,24,26,27,23,15,11,6,3,4,8,12,11,7,7,10,14,16,17,16,16,15,15,15,16,16,16,16,16,16,16,17,17,17,17,17,17,16,16,16,17,17,17,17,17,17,16,16,16,16,15,15,15,16,15,15,15,15,15,15,15,16,16,17,17,16,16,17,17,17,17,17,17,17,17,17,17,17,17,17,17,17,17,17,17,17,18,18,18,18,16,12,13,16,18,18,17,17,18,17,16,13,10,9,9,7,6,6,7,8,8,9,11,13,14,16,17,17,17,17,17,17,17,17,16,16,17,16,16,16,16,16,16,16,16,16,16,16,17,17,17,17,17,17,16,16,16,15,13,11,12,15,17,17,17,16,16,15,15,14,15,15,15,15,15,15,15,15,16,16,16,17,17,17,17,17,17,17,17,17,17,17,17,17,17,16,16,17,17,17,17,17,16,16,16,16,17,17,17,17,17,16,16,17,17,16,14,11,7,7,9,11,10,6,4,8,10,10,12,20,25,22,18,15,11,6,0,0,0,0,0,0,0,0,0,0
11,12,13,16,18,21,25,27,25,18,11,7,3,3,7,10,12,9,6,8,13,16,17,17,17,17,17,16,16,16,16,16,16,16,17,17,17,17,17,16,14,13,15,16,17,17,17,17,17,17,16,16,16,16,16,15,15,15,15,15,15,14,15,15,16,16,16,17,17,17,17,17,17,17,17,17,17,17,17,17,17,17,17,17,17,17,17,17,18,18,18,18,18,16,12,12,15,17,18,18,17,17,18,17,16,13,10,10,9,8,6,5,5,6,8,10,12,13,15,16,17,17,17,17,17,17,17,17,16,16,17,16,16,16,16,16,16,16,16,16,16,16,16,17,17,17,17,17,17,17,17,17,16,14,13,16,18,18,17,16,16,15,15,15,15,15,15,15,15,15,15,15,15,15,16,16,16,16,16,17,17,17,17,17,16,16,16,16,17,17,17,17,17,17,17,17,17,17,16,16,16,17,17,17,17,17,16,16,16,14,10,7,7,9,13,13,10,5,5,9,10,10,16,23,25,21,16,13,10,3,0,0,0,0,0,0,0,0,0,0
10,12,13,14,18,21,24,27,27,22,13,7,3,3,6,9,12,10,6,6,12,16,17,17,17,17,17,17,17,17,16,16,17,17,17,17,17,17,15,10,7,10,14,16,17,17,16,16,16,17,16,16,16,16,16,15,15,15,15,15,14,14,14,15,16,16,17,17,17,16,16,16,17,17,17,17,17,17,17,17,17,17,17,17,16,17,17,17,18,18,18,18,16,12,11,14,17,18,18,18,17,17,18,18,16,13,10,10,10,10,8,6,6,7,8,10,12,14,16,17,17,17,16,16,17,16,16,16,16,16,17,16,16,17,17,17,16,16,16,16,16,17,17,16,16,16,17,17,17,17,17,17,17,17,16,17,17,17,16,16,16,15,15,15,15,15,15,15,15,15,15,15,15,15,16,16,16,17,17,17,17,17,17,17,17,17,16,16,16,16,17,17,17,16,17,17,17,17,17,17,17,17,17,17,17,17,17,16,13,10,7,6,8,13,16,14,9,5,7,10,9,11,19,25,24,19,15,12,9,1,0,0,0,0,0,0,0,0,0,0
9,12,13,14,17,20,23,26,27,25,17,8,4,2,5,8,11,12,8,6,10,15,17,17,17,17,17,17,17,17,17,17,17,17,17,17,16,15,12,10,10,13,15,17,17,16,16,16,16,16,16,16,16,16,15,15,15,15,15,15,14,14,14,15,15,16,17,17,17,16,16,16,16,16,16,17,17,17,17,17,17,17,17,17,16,16,17,17,17,17,17,15,12,10,13,16,18,18,17,17,17,17,18,18,17,14,10,9,10,11,10,9,9,9,9,10,13,15,17,17,17,17,16,16,16,16,16,16,16,16,17,17,17,17,17,17,17,16,16,17,17,17,16,15,15,16,16,16,17,17,17,17,17,17,17,17,17,17,17,16,16,15,15,15,15,15,15,15,15,15,15,15,15,15,16,17,17,17,17,17,17,17,17,17,17,17,17,17,17,17,16,16,16,16,16,16,17,17,17,17,17,17,17,17,18,17,16,13,10,8,6,6,9,16,18,13,6,4,8,11,8,13,23,26,22,17,13,11,7,0,0,0,0,0,0,0,0,0,0,0
7,11,13,14,15,19,23,25,26,26,21,12,5,3,4,7,10,12,10,6,8,13,16,17,17,17,17,17,17,17,17,17,17,17,16,15,14,14,15,16,16,16,17,17,17,17,17,17,16,16,16,16,16,16,16,16,15,15,15,15,15,14,14,15,16,16,17,17,16,16,16,16,16,16,16,16,16,16,16,16,17,17,17,17,16,16,16,17,16,15,13,12,11,11,13,16,17,18,17,17,17,17,18,18,17,15,11,9,10,10,10,10,9,9,9,10,14,16,17,17,17,16,16,16,17,17,17,16,16,16,17,17,17,17,17,17,16,17,17,17,17,17,16,16,16,16,16,16,16,17,17,17,17,17,17,17,17,17,17,16,16,15,15,15,15,15,15,15,15,15,15,16,15,15,16,17,17,17,17,17,17,17,17,17,17,17,17,17,17,17,16,15,15,14,14,14,15,16,17,17,17,17,17,18,18,17,14,10,7,7,5,7,14,18,16,10,5,5,9,10,10,18,25,25,20,15,12,9,4,0,0,0,0,0,0,0,0,0,0,0
7,10,12,14,15,19,22,24,26,27,24,14,7,4,4,5,8,11,11,7,6,11,15,17,17,17,17,17,17,17,17,17,17,16,15,15,15,16,17,17,17,17,17,17,17,17,17,16,16,16,16,16,16,16,17,16,15,15,15,15,14,14,14,15,16,16,16,16,16,16,16,17,17,17,16,16,16,16,16,16,17,18,18,17,17,16,16,16,15,14,13,13,14,14,14,15,16,17,17,17,17,17,18,18,18,16,12,10,9,9,9,9,9,9,10,12,15,17,18,17,17,16,17,17,17,17,17,16,16,16,17,17,17,17,17,17,17,17,17,17,16,16,16,16,16,16,16,16,16,17,17,17,17,17,16,16,16,17,17,16,15,14,14,15,15,15,15,15,15,15,15,15,15,15,16,16,17,17,17,17,17,17,17,17,17,17,17,17,17,17,16,15,15,14,13,13,14,15,15,16,17,17,17,17,16,13,9,6,6,6,7,12,18,18,13,7,5,7,10,10,14,23,25,23,17,13,11,7,2,0,0,0,0,0,0,0,0,0,0,0
6,10,12,13,15,18,22,25,27,27,26,17,9,5,2,3,7,10,12,9,4,8,13,16,17,17,17,17,16,17,17,17,16,15,15,16,17,17,17,17,17,17,17,17,17,17,16,16,15,15,16,16,16,16,16,16,15,15,15,15,15,14,14,15,16,16,16,16,16,16,17,17,17,17,17,16,16,16,16,17,17,18,17,17,17,17,17,17,16,15,15,15,15,15,15,14,16,17,17,17,16,17,17,18,18,17,14,11,8,7,7,8,9,9,12,15,16,17,18,17,17,17,17,17,17,17,17,17,16,17,17,17,17,16,16,17,17,16,16,16,16,16,16,17,17,17,16,16,16,17,17,16,16,16,16,16,16,17,17,16,15,14,14,15,15,15,15,15,15,15,15,15,15,15,16,16,16,17,17,17,17,17,17,17,17,17,16,16,16,16,16,16,16,16,15,15,14,15,15,16,16,16,16,14,10,6,5,5,5,5,9,16,19,16,10,5,6,9,10,11,20,25,24,19,14,12,9,5,1,0,0,0,0,0,0,0,0,0,0,0
5,9,12,13,15,17,20,24,26,27,27,22,14,7,3,2,5,8,10,10,6,5,10,14,16,17,17,16,16,17,17,16,16,16,16,16,17,17,17,17,17,17,17,17,17,17,16,16,16,16,16,16,17,17,16,16,16,15,15,15,15,14,14,15,16,16,16,16,16,16,17,17,17,17,17,17,17,17,17,17,17,17,17,17,17,17,17,18,17,17,17,17,17,16,16,15,16,17,17,17,16,17,17,18,18,18,15,11,9,7,6,7,9,11,14,16,17,18,18,17,17,17,18,18,17,17,17,17,17,17,17,17,17,16,16,16,16,16,16,16,16,16,16,16,16,16,17,17,16,16,16,16,16,16,16,16,16,16,17,16,15,14,14,15,15,15,15,15,15,16,16,16,16,16,16,17,17,17,17,17,17,17,16,16,15,15,16,16,16,16,17,17,17,17,17,16,16,15,15,15,15,15,13,11,10,8,6,6,4,5,13,19,18,13,6,4,7,10,9,15,25,26,21,16,13,11,7,4,0,0,0,0,0,0,0,0,0,0,0,0
4,8,11,13,14,15,18,22,25,26,27,25,19,10,4,3,3,6,9,11,8,5,8,12,15,16,16,16,17,17,17,16,16,16,17,16,16,17,17,17,17,17,17,17,17,16,16,16,16,16,16,16,17,17,17,16,16,15,15,15,15,14,15,15,16,16,16,16,16,16,17,17,18,18,18,18,17,17,17,17,17,17,17,18,18,17,17,18,18,18,17,17,17,17,17,16,17,17,17,16,16,17,17,18,18,18,16,12,9,6,6,7,10,13,16,17,17,17,17,17,17,17,17,17,17,17,17,17,17,17,17,17,17,16,16,16,16,16,16,16,16,16,16,16,17,17,17,17,17,17,17,17,16,16,16,16,16,16,16,16,15,14,14,15,15,15,15,15,15,15,16,16,16,16,17,17,17,17,17,17,16,16,15,14,13,14,15,16,16,16,17,17,17,17,17,16,16,16,16,16,16,16,16,15,15,13,10,8,4,7,16,19,15,10,4,5,9,10,12,20,26,24,19,14,12,10,6,2,0,0,0,0,0,0,0,0,0,0,0,0
4,7,10,12,14,15,16,20,23,25,27,27,22,13,6,3,3,4,8,10,10,7,7,10,13,15,16,17,17,16,16,16,16,16,16,16,16,16,17,17,17,17,17,16,16,16,16,16,16,16,16,16,17,17,17,17,16,15,15,15,15,14,15,15,16,16,16,15,15,17,17,17,17,18,18,18,17,17,17,17,17,17,18,18,17,17,17,17,17,17,17,17,17,17,17,17,17,17,17,16,16,17,18,18,18,18,16,12,8,6,6,7,11,15,17,17,17,17,17,17,17,17,16,16,17,17,17,17,17,17,17,17,17,16,15,16,16,16,16,16,16,16,16,16,17,17,17,17,17,17,17,17,17,16,16,16,16,16,16,16,15,14,14,15,15,15,15,16,15,15,16,16,16,16,17,17,17,17,17,17,16,15,14,14,14,15,15,16,16,16,16,17,16,17,17,17,16,16,16,17,17,17,17,17,16,14,11,7,5,10,17,17,12,7,4,7,10,11,16,24,26,22,16,13,11,8,4,1,0,0,0,0,0,0,0,0,0,0,0,0
4,5,9,12,13,15,15,18,21,24,26,27,26,17,8,4,2,3,6,9,11,9,6,8,11,13,15,16,16,15,15,15,15,15,15,16,15,16,16,16,16,16,16,16,16,16,16,16,17,17,16,16,16,17,17,17,16,15,15,15,15,14,15,15,16,16,16,15,16,17,17,16,17,17,18,17,17,17,17,17,17,17,17,17,17,17,17,17,17,17,17,17,17,17,17,16,17,17,17,17,17,18,18,18,18,18,16,12,9,6,6,8,13,16,17,17,17,17,17,16,17,16,15,15,17,17,17,18,17,17,17,17,16,15,15,16,17,17,17,17,17,17,16,17,17,17,17,17,17,17,17,17,17,16,16,16,16,16,16,15,14,14,15,15,15,15,15,16,16,16,16,15,16,16,17,17,17,17,17,17,17,16,16,16,17,17,16,16,15,15,15,15,15,16,16,16,16,16,17,18,18,18,18,18,17,15,10,6,6,13,17,15,9,4,5,9,10,13,21,26,24,19,14,11,9,5,3,0,0,0,0,0,0,0,0,0,0,0,0,0
4,4,8,11,13,14,15,17,19,22,25,27,26,20,12,6,3,3,5,7,10,11,8,7,9,11,13,15,14,14,14,14,14,15,16,16,16,16,16,16,16,16,16,15,15,16,16,16,16,16,16,16,16,17,17,16,16,15,15,15,15,15,15,15,16,16,16,15,16,16,17,16,15,17,17,17,17,17,17,17,17,17,16,16,16,17,17,17,17,17,17,17,17,17,17,16,17,17,17,17,18,18,18,18,18,18,15,10,9,7,6,9,14,16,17,17,17,17,16,16,16,15,14,14,16,17,17,17,17,17,17,17,16,15,15,16,17,17,17,17,17,17,17,17,17,17,17,17,17,17,17,17,17,17,16,16,16,16,16,15,14,14,15,15,15,15,16,15,15,15,15,15,15,16,16,16,17,17,17,17,17,17,17,17,17,17,17,17,16,16,15,15,15,15,15,16,17,17,17,18,18,18,18,18,17,14,9,4,8,15,16,11,5,3,8,10,11,18,26,25,20,16,12,10,7,4,3,0,0,0,0,0,0,0,0,0,0,0,0,0
3,4,6,9,12,13,14,16,18,21,24,26,27,24,15,8,4,3,4,5,9,11,10,7,8,9,11,12,13,13,15,16,16,16,16,17,16,16,16,16,16,16,16,16,16,16,17,17,16,16,16,16,17,17,16,16,15,15,15,15,15,15,15,16,16,16,16,15,15,16,17,16,14,15,17,17,17,18,18,17,17,17,17,17,17,17,17,17,17,17,17,17,17,17,17,16,17,17,17,17,17,18,18,18,18,16,12,9,10,9,8,10,14,16,17,18,17,17,16,15,15,15,14,13,14,15,16,17,17,17,17,16,15,15,16,17,18,18,17,17,17,17,18,18,18,17,17,17,17,17,17,16,17,16,16,16,16,16,16,15,14,14,15,15,15,15,16,16,15,15,15,15,15,15,15,16,16,16,17,17,17,17,17,17,17,17,17,17,17,17,16,16,15,15,16,16,17,17,18,18,18,18,18,18,17,13,7,3,10,16,14,7,4,6,10,10,14,23,27,22,17,14,11,9,5,3,3,0,0,0,0,0,0,0,0,0,0,0,0,0
3,3,5,8,11,13,14,15,17,20,22,25,27,26,20,12,6,3,3,4,6,10,12,8,7,7,8,10,12,15,17,17,17,17,16,16,16,16,16,17,17,17,17,17,17,17,17,17,17,17,16,16,16,16,16,15,15,15,16,16,15,15,15,15,16,16,16,15,15,16,17,17,16,14,15,16,17,17,18,17,17,17,17,17,18,17,17,17,17,17,17,17,17,17,17,17,17,17,17,17,17,17,17,17,16,15,14,12,10,8,8,11,14,16,17,18,18,18,16,15,14,14,13,12,13,14,15,15,16,16,15,15,14,15,16,17,17,17,16,16,15,15,16,16,16,16,16,16,16,16,16,17,17,16,16,15,16,16,16,15,14,14,15,15,15,15,15,16,15,15,15,15,15,15,15,15,16,16,16,16,17,17,17,17,17,17,17,17,17,17,17,17,16,16,16,16,17,17,17,17,18,18,18,18,16,11,5,6,12,15,11,5,5,9,10,12,19,25,25,19,15,12,10,7,4,3,2,0,0,0,0,0,0,0,0,0,0,0,0,0
3,3,3,6,10,13,14,14,16,19,22,24,26,27,23,16,9,4,3,2,4,8,12,11,7,7,8,9,13,16,17,17,17,16,16,16,16,17,17,16,17,16,17,17,16,16,16,16,16,16,16,16,16,15,15,15,15,15,15,16,16,15,15,15,16,16,16,15,15,16,16,17,17,15,14,14,15,16,17,17,17,17,17,18,18,18,17,17,17,17,17,18,18,17,17,17,17,17,17,17,18,18,17,17,17,18,17,14,9,7,9,12,16,17,17,17,17,17,16,14,14,13,13,13,12,13,14,14,15,15,14,14,13,13,14,14,14,13,13,12,11,10,10,10,11,13,14,16,16,17,18,17,17,16,15,15,16,16,16,14,14,15,15,15,15,15,15,15,15,15,15,15,15,15,15,15,16,16,16,16,16,16,16,17,17,17,17,17,16,17,17,17,17,17,16,16,17,17,17,18,18,18,18,18,15,8,5,8,13,12,7,5,8,10,11,16,24,25,21,16,13,11,8,5,3,3,1,0,0,0,0,0,0,0,0,0,0,0,0,0
3,3,3,4,9,12,13,14,15,18,22,24,25,27,26,20,12,6,3,2,3,5,11,12,8,6,7,10,14,16,17,17,17,16,16,16,16,16,16,16,16,16,16,16,16,16,16,16,16,16,16,16,16,15,15,15,15,15,15,16,16,15,15,15,16,16,16,16,15,15,16,17,17,17,15,14,14,14,14,15,15,16,17,17,18,18,18,17,17,17,18,18,18,18,18,17,17,16,17,17,17,18,17,17,18,18,18,15,10,6,9,14,17,17,17,17,17,17,16,14,13,13,13,13,13,13,14,13,14,15,14,14,13,13,12,12,12,12,12,12,13,13,13,13,12,12,14,16,17,17,17,17,16,15,15,16,16,16,15,14,14,15,15,15,15,15,15,15,15,15,15,15,15,15,15,15,15,16,16,16,16,16,16,16,16,16,16,16,16,16,17,17,17,17,16,16,17,17,18,18,18,18,18,17,12,6,6,11,12,8,4,7,10,10,14,22,26,23,18,14,11,9,6,4,3,3,0,0,0,0,0,0,0,0,0,0,0,0,0,0
3,3,3,4,6,11,13,14,15,17,20,23,24,26,26,23,16,9,4,3,3,4,9,12,10,6,6,9,14,16,17,17,16,16,16,16,16,16,16,16,16,16,16,16,15,15,15,16,16,16,16,16,16,15,15,15,15,15,16,16,16,15,15,15,16,16,16,16,16,15,16,16,17,17,17,16,15,13,13,14,15,15,15,16,17,17,17,17,17,17,17,17,17,17,18,18,17,16,16,17,17,17,17,17,18,18,18,16,12,9,11,15,17,17,17,17,16,16,16,15,14,14,15,14,14,14,14,14,15,15,15,15,16,16,16,15,15,15,16,16,16,16,16,15,14,13,14,15,17,17,16,16,16,15,15,16,17,16,15,14,15,15,15,15,15,15,15,15,15,15,15,15,15,15,15,15,16,16,16,16,16,16,16,16,16,16,16,16,16,16,16,16,16,17,16,16,17,17,18,18,18,18,18,15,9,4,7,12,10,5,5,10,10,11,20,26,24,19,15,12,10,7,4,4,3,3,0,0,0,0,0,0,0,0,0,0,0,0,0,0
3,3,3,3,5,9,12,13,14,16,18,21,23,25,27,26,20,12,6,3,2,3,6,11,12,7,4,8,13,16,17,17,17,17,16,16,16,16,16,16,16,16,16,16,15,15,15,16,16,16,16,16,15,15,15,15,16,15,15,16,16,15,15,15,16,16,17,16,16,15,16,16,17,18,17,17,16,15,16,16,16,16,15,15,15,16,16,16,17,17,17,17,17,17,17,17,17,16,16,16,17,17,17,17,17,18,18,17,15,12,13,16,17,17,17,16,17,17,16,17,16,16,16,16,15,14,14,14,15,15,16,16,16,17,17,17,16,17,17,17,17,17,17,16,15,13,13,15,17,17,16,16,15,15,16,17,17,15,14,15,15,15,15,15,15,15,15,15,15,15,15,15,15,15,16,16,16,16,16,16,16,16,16,16,16,16,16,16,16,16,16,16,17,17,17,17,17,17,18,18,18,18,17,13,6,5,9,11,7,4,8,11,11,16,24,25,21,16,13,11,8,5,3,3,3,2,0,0,0,0,0,0,0,0,0,0,0,0,0,0
3,3,3,4,4,7,11,13,14,15,17,20,23,25,26,27,24,15,8,5,3,3,4,9,12,9,4,6,11,16,17,17,17,17,16,16,17,16,16,16,16,16,16,16,16,16,16,16,16,16,16,15,15,15,15,15,16,15,15,16,16,16,15,15,15,16,17,17,16,15,15,16,17,17,17,17,16,16,17,17,17,17,17,17,16,16,16,16,17,17,17,17,17,17,17,17,17,17,17,17,17,17,17,17,17,18,18,17,14,13,15,17,17,17,17,17,17,17,17,17,17,16,15,15,15,15,15,15,16,16,16,15,15,16,17,16,16,17,17,17,17,17,17,17,15,14,13,15,16,17,16,16,15,15,16,17,16,15,14,15,15,15,15,15,15,15,15,15,15,15,15,15,15,15,15,16,16,16,16,16,16,16,16,16,16,16,16,16,16,16,16,17,17,17,17,17,17,17,18,18,18,18,15,10,5,7,9,8,5,6,10,11,12,21,25,24,18,14,12,9,6,4,3,3,3,1,0,0,0,0,0,0,0,0,0,0,0,0,0,0
3,3,3,3,3,5,9,12,13,14,15,18,22,24,26,27,26,20,11,5,3,2,3,5,11,11,7,4,8,14,16,17,17,17,17,17,17,16,16,16,16,16,16,16,16,16,16,16,16,16,16,15,15,15,15,15,16,15,15,16,16,16,16,15,15,16,17,17,16,15,15,16,16,17,17,17,17,17,17,17,17,17,17,17,17,16,17,17,17,17,17,17,17,17,17,17,17,17,17,17,17,17,17,17,18,18,18,17,13,12,16,17,17,17,16,17,17,17,17,17,16,15,15,15,16,15,15,16,17,17,16,15,15,14,15,15,15,16,17,17,16,16,17,17,16,15,13,15,16,16,16,16,15,16,16,17,15,14,14,15,15,15,15,15,16,15,15,15,16,15,16,15,15,15,15,16,16,16,16,16,16,16,16,16,16,16,16,16,16,16,16,16,17,17,17,17,17,17,18,18,18,16,12,7,6,8,8,5,5,9,11,11,18,25,25,21,16,13,11,8,5,3,3,3,3,0,0,0,0,0,0,0,0,0,0,0,0,0,0,0
3,3,3,3,4,4,7,11,13,14,15,17,21,22,24,26,27,23,15,8,4,3,3,4,8,11,9,5,5,11,15,17,17,17,17,17,16,16,16,16,16,16,16,16,16,16,16,16,16,16,16,15,15,15,15,15,15,15,15,16,15,16,16,15,15,15,16,17,16,16,15,15,15,16,17,17,17,17,17,16,16,17,17,17,17,17,17,17,17,17,17,17,17,17,17,17,17,17,17,17,17,18,17,18,18,18,18,17,11,12,17,17,17,17,17,17,17,17,17,16,15,15,16,15,15,16,16,17,17,16,16,15,15,14,14,14,15,16,16,16,16,16,16,16,16,15,14,15,16,16,16,15,15,16,17,16,15,14,14,15,15,15,15,16,16,16,16,16,16,16,16,16,16,16,15,15,15,16,16,16,16,16,16,16,16,16,16,16,16,16,16,16,17,17,17,17,18,18,18,18,16,13,8,5,7,8,6,5,9,11,11,15,24,26,23,19,14,11,9,5,4,3,3,3,3,0,0,0,0,0,0,0,0,0,0,0,0,0,0,0
3,3,3,3,3,3,6,9,12,14,14,15,19,22,23,25,27,26,21,12,6,4,3,3,5,9,11,8,5,7,12,16,16,17,17,17,16,16,16,16,16,16,16,16,16,16,16,16,16,16,16,15,15,15,15,15,15,15,16,16,15,16,16,16,15,15,15,17,16,16,15,15,15,16,16,17,17,17,16,16,16,17,17,17,17,17,17,17,18,18,18,18,18,17,17,18,17,17,17,17,18,18,18,18,18,18,17,15,11,13,17,17,17,17,17,17,17,16,15,14,14,15,15,15,16,16,16,17,17,16,16,16,15,15,15,15,16,16,16,16,16,16,16,16,16,15,14,15,17,16,15,15,15,16,17,16,14,14,15,15,15,15,16,17,17,17,16,16,16,16,16,16,16,16,16,15,15,15,15,16,16,16,16,16,16,16,16,16,16,16,16,17,17,17,17,17,18,18,18,16,13,9,5,7,8,7,5,7,11,10,13,22,27,26,21,16,12,10,7,4,4,3,3,3,2,0,0,0,0,0,0,0,0,0,0,0,0,0,0,0
2,3,3,3,3,3,4,8,11,13,14,14,17,21,23,25,27,27,25,18,10,4,3,3,3,7,11,11,6,4,9,14,16,16,16,16,16,16,16,16,16,16,16,16,16,16,16,16,16,15,15,15,15,15,15,15,15,15,15,15,16,16,16,16,16,15,15,16,17,16,15,15,15,15,16,17,17,17,16,16,16,16,17,17,17,17,16,17,17,18,18,18,18,18,18,17,17,17,17,17,17,18,18,18,18,18,17,14,12,14,17,17,17,17,17,16,15,14,13,13,14,14,15,16,16,16,16,16,16,16,16,16,16,16,16,16,16,16,16,16,16,16,16,16,16,15,15,16,17,16,15,15,16,17,17,15,14,14,15,15,15,15,17,17,17,17,17,17,16,16,16,16,16,16,16,16,15,15,15,15,16,16,16,16,16,16,16,16,16,16,17,17,17,17,17,17,17,18,16,13,9,6,6,8,8,5,5,9,10,12,19,26,27,23,18,13,11,9,5,3,3,3,3,3,1,0,0,0,0,0,0,0,0,0,0,0,0,0,0,0
2,3,3,3,3,3,3,6,10,13,14,15,15,18,22,24,26,27,27,25,15,6,4,2,3,4,9,12,9,5,5,11,14,15,16,16,16,16,16,16,16,16,16,16,16,16,16,16,16,15,15,15,15,15,15,15,15,15,15,16,16,15,15,16,16,15,15,15,16,16,16,16,15,16,16,16,17,16,16,16,16,16,17,17,16,16,16,16,16,17,17,18,18,17,17,17,17,17,16,16,16,17,17,17,17,17,15,12,12,15,16,16,16,16,16,15,13,12,13,14,15,15,16,16,16,16,16,16,16,16,16,16,17,17,16,16,16,16,16,16,16,16,16,16,15,15,15,16,16,16,15,15,16,17,16,15,14,15,15,15,15,16,17,17,17,17,17,17,16,16,16,16,16,16,16,16,16,15,15,15,16,16,16,16,16,16,16,16,16,17,17,17,17,17,17,17,17,16,13,9,7,6,8,8,5,5,7,8,10,17,24,27,25,20,15,12,10,7,4,3,3,3,3,3,0,0,0,0,0,0,0,0,0,0,0,0,0,0,0,0
3,3,3,3,3,3,3,4,8,12,13,15,15,16,20,23,24,26,27,26,20,11,6,4,3,3,7,11,12,8,5,8,11,14,16,17,17,17,17,17,17,17,16,16,16,16,16,16,15,15,15,15,15,15,15,15,15,15,15,16,16,15,15,15,16,16,15,15,16,16,16,16,15,16,16,16,16,16,16,16,16,16,17,17,17,16,15,15,16,16,16,16,17,16,16,16,17,17,17,16,16,16,16,16,16,16,13,8,11,15,16,16,15,15,15,14,13,14,15,16,16,16,16,16,16,16,16,16,16,16,16,16,16,16,16,16,16,16,16,16,16,16,16,16,15,15,16,16,16,15,15,16,17,17,15,14,15,15,15,15,15,16,17,17,17,16,17,17,17,16,16,16,16,16,16,16,16,16,16,16,16,16,16,16,16,16,16,16,17,17,17,17,17,18,18,18,17,14,10,7,7,9,9,6,4,5,6,7,15,24,27,26,21,16,13,11,9,6,3,3,3,3,3,3,0,0,0,0,0,0,0,0,0,0,0,0,0,0,0,0
3,3,3,3,3,3,3,4,6,10,13,14,15,16,19,21,23,25,27,27,22,15,10,6,3,3,5,9,12,11,6,6,10,15,17,17,17,17,17,17,17,17,16,16,16,16,16,15,15,15,15,15,15,15,15,15,15,15,16,16,16,15,15,15,16,16,15,15,15,16,16,16,16,16,16,16,16,16,16,16,16,16,16,17,17,17,16,16,16,16,16,16,16,16,16,17,17,17,17,17,17,17,16,16,16,16,14,11,12,14,15,15,15,15,15,15,15,15,15,16,16,16,16,16,16,16,16,16,16,16,16,16,16,16,16,16,16,16,16,16,16,16,16,16,16,16,16,16,16,16,16,17,17,16,15,14,15,16,16,15,15,16,17,17,16,16,17,17,17,17,16,16,16,16,16,16,16,16,16,16,16,16,16,16,16,16,17,17,17,17,17,18,18,18,18,17,15,11,6,5,8,11,8,3,3,5,7,12,22,27,27,23,18,14,12,10,7,5,3,3,3,2,3,2,0,0,0,0,0,0,0,0,0,0,0,0,0,0,0,0
3,3,3,3,3,3,3,3,4,8,12,14,15,15,17,20,21,24,26,27,25,19,14,7,4,3,3,6,11,12,8,5,10,15,17,17,17,17,17,17,16,16,16,15,15,15,16,15,16,15,15,15,15,15,15,15,16,16,16,16,16,16,15,15,15,16,16,15,15,15,16,16,16,16,16,16,16,16,16,16,16,16,16,16,17,17,17,17,16,17,17,17,17,17,17,17,17,16,16,16,17,16,16,17,17,17,15,12,12,14,15,16,16,16,16,16,16,16,16,16,16,16,16,16,16,16,16,16,16,16,16,16,15,15,15,16,16,16,16,16,16,16,16,16,16,16,16,16,15,16,16,17,17,15,15,15,15,16,16,16,15,16,17,17,16,16,16,16,17,17,17,17,17,17,16,16,16,16,16,16,15,16,16,16,16,17,17,17,17,17,18,18,18,18,18,15,10,6,5,9,11,9,5,3,4,6,10,18,26,27,26,21,16,13,12,9,6,4,3,3,3,3,3,2,0,0,0,0,0,0,0,0,0,0,0,0,0,0,0,0
3,3,3,3,3,3,3,3,4,6,11,13,15,15,16,19,20,21,26,27,27,24,18,10,6,2,2,3,8,12,10,5,9,15,17,18,18,17,17,17,16,16,16,16,16,16,15,16,16,16,15,15,15,15,15,15,16,16,16,16,16,16,16,15,15,15,16,15,15,15,15,16,16,16,16,16,16,16,16,16,16,16,16,16,16,16,17,17,17,17,17,16,16,16,16,16,16,16,17,17,17,17,17,16,17,17,14,11,13,15,17,17,17,17,16,16,16,16,16,16,16,16,16,16,16,16,16,16,16,16,16,16,15,15,15,16,16,16,16,16,16,16,16,16,16,16,16,15,16,16,17,17,16,15,15,15,16,16,15,16,16,16,17,17,17,16,16,16,16,16,17,17,17,17,17,16,17,17,16,16,15,16,16,16,17,17,17,17,17,17,18,18,18,17,15,10,5,5,9,12,11,6,4,3,5,8,16,23,27,27,24,18,14,12,11,8,5,3,3,3,3,3,3,1,0,0,0,0,0,0,0,0,0,0,0,0,0,0,0,0
3,3,3,3,3,3,3,3,4,4,9,12,14,15,16,18,18,19,22,26,27,26,22,15,8,4,3,3,5,9,10,6,7,13,17,18,18,17,17,17,17,17,17,16,16,16,16,16,16,16,16,15,15,15,15,16,16,16,16,16,17,17,16,16,16,15,15,15,15,15,15,16,16,16,16,16,16,16,16,16,16,16,16,16,16,16,16,16,17,17,16,16,16,16,16,16,16,17,17,17,17,17,16,16,17,16,12,9,13,16,17,17,17,17,16,16,16,16,16,16,16,16,16,16,16,16,16,16,16,16,16,15,15,15,15,16,16,16,16,16,16,16,16,16,16,16,16,16,16,17,17,16,15,15,15,16,16,16,16,16,16,16,17,17,17,16,16,17,17,16,16,17,17,17,17,17,17,17,17,16,16,16,16,16,17,17,17,18,18,18,18,18,17,15,9,5,6,11,13,11,8,4,3,5,7,12,23,27,27,25,21,16,13,12,10,7,4,3,3,3,3,2,3,0,0,0,0,0,0,0,0,0,0,0,0,0,0,0,0,0
3,3,3,3,3,3,3,3,3,4,7,11,13,15,16,17,18,19,20,24,27,27,25,19,12,6,3,2,3,7,9,7,6,10,15,17,18,17,17,17,17,17,17,17,17,16,16,16,16,16,16,15,15,15,16,16,16,16,16,17,17,17,17,16,16,15,15,15,16,16,15,15,16,16,16,16,16,16,16,16,16,16,16,16,16,16,17,16,16,16,17,17,17,17,17,16,16,16,16,16,17,17,16,17,17,14,10,8,12,15,16,16,16,16,16,16,16,16,16,16,16,16,16,16,16,16,16,16,16,16,15,15,15,15,15,16,16,16,16,16,16,16,16,16,16,16,16,16,17,17,16,15,15,15,16,16,16,15,15,16,16,16,17,17,17,17,16,16,17,17,17,17,17,17,17,17,17,17,17,17,16,16,16,16,17,17,17,18,18,18,18,17,14,8,4,6,12,14,12,8,4,3,5,7,10,20,27,27,26,23,18,14,12,12,10,5,3,3,3,3,3,3,2,0,0,0,0,0,0,0,0,0,0,0,0,0,0,0,0,0
3,2,3,3,3,2,3,3,3,3,5,9,12,14,15,16,17,19,21,22,26,27,27,23,16,9,5,3,3,5,8,8,6,7,12,16,17,17,17,17,17,17,17,17,17,17,16,16,16,16,16,16,15,16,16,17,16,16,16,17,17,17,16,16,16,16,15,16,16,16,16,16,16,16,17,17,17,16,16,16,17,16,17,17,17,17,17,17,17,17,17,16,16,16,16,16,16,17,17,17,17,17,17,17,17,14,9,6,9,13,15,15,15,15,15,15,15,15,15,15,15,15,15,15,15,15,16,16,16,15,15,15,15,16,16,16,16,16,16,16,16,16,16,16,16,16,17,17,17,16,15,15,16,16,16,16,16,15,15,16,16,16,16,17,17,17,16,15,16,17,17,17,17,17,17,17,17,17,17,17,17,16,16,16,17,17,17,18,18,17,16,13,8,3,5,11,15,13,9,5,3,4,6,9,17,25,27,27,25,20,16,14,12,11,8,4,3,3,3,3,3,3,2,0,0,0,0,0,0,0,0,0,0,0,0,0,0,0,0,0
3,3,3,3,3,3,3,3,3,3,3,7,11,13,15,15,16,18,20,21,24,27,27,26,20,13,7,3,2,3,6,8,7,6,7,13,16,17,17,17,17,17,17,17,17,17,17,16,16,16,16,16,16,16,16,16,16,16,16,17,17,16,16,16,16,16,16,16,16,16,16,16,16,16,16,17,17,17,16,16,16,17,17,17,17,17,17,16,16,16,15,15,16,16,17,17,17,17,17,17,17,17,17,17,17,14,9,5,8,12,15,15,14,15,15,15,15,15,15,15,15,15,15,14,14,15,14,15,15,15,15,15,16,16,16,16,16,16,16,16,16,16,16,16,16,17,17,17,16,15,15,16,16,16,16,16,16,16,16,16,16,16,16,16,17,17,17,16,15,16,16,17,17,17,17,17,17,17,17,17,17,17,16,16,17,17,17,17,17,15,12,8,5,5,11,14,14,9,6,4,4,6,8,16,24,27,27,26,23,19,15,13,12,10,6,4,4,3,3,3,3,3,1,0,0,0,0,0,0,0,0,0,0,0,0,0,0,0,0,0
3,3,3,3,3,3,3,3,3,3,3,4,9,12,14,15,15,16,19,21,23,25,27,27,24,18,10,4,2,2,4,6,7,7,6,7,11,15,16,17,17,17,18,17,17,17,17,17,16,16,16,16,16,16,17,17,17,16,16,17,17,16,16,17,16,16,16,16,16,16,16,16,16,16,16,17,17,17,17,16,16,17,17,17,17,17,16,16,15,15,16,16,17,17,17,17,17,17,17,17,17,17,17,17,17,15,10,9,12,15,16,16,16,16,16,16,16,16,16,16,16,16,16,16,15,15,14,14,14,14,15,16,16,16,16,16,16,16,16,16,16,16,16,16,17,17,17,16,15,15,16,16,16,16,16,16,16,16,16,16,16,16,16,16,17,17,17,17,17,16,16,16,16,16,17,17,17,17,17,17,17,17,17,16,17,17,17,16,14,11,7,4,6,11,15,13,10,7,4,4,6,8,14,24,27,27,26,24,21,16,14,13,11,8,5,4,4,3,3,3,3,3,0,0,0,0,0,0,0,0,0,0,0,0,0,0,0,0,0,0
3,3,3,3,3,3,3,3,3,3,3,3,6,11,13,14,15,15,17,20,22,24,26,27,26,22,14,8,4,3,3,5,6,8,7,6,8,12,15,17,17,18,18,17,17,17,17,17,17,16,16,16,16,16,17,17,17,16,16,16,16,16,16,17,16,16,16,16,16,16,16,17,17,16,16,17,17,17,17,17,17,17,17,17,16,16,16,16,16,17,17,17,17,17,16,16,16,17,17,17,17,17,17,17,16,14,11,12,15,16,16,17,17,17,17,16,16,17,16,16,16,16,16,16,16,16,15,15,14,15,15,16,16,16,16,16,16,16,16,16,16,16,16,17,17,17,16,15,15,16,16,16,16,16,16,16,16,16,16,16,16,16,16,16,16,17,17,17,17,17,17,16,16,16,16,16,17,17,17,17,17,17,17,16,16,16,15,13,10,6,3,7,12,15,13,10,7,4,4,6,7,12,22,27,27,27,25,21,17,15,13,12,10,7,4,3,4,3,3,3,3,3,0,0,0,0,0,0,0,0,0,0,0,0,0,0,0,0,0,0
3,3,3,3,3,3,3,3,3,3,3,3,4,8,12,14,15,15,16,18,21,23,25,27,27,25,18,12,6,3,2,3,5,7,8,8,7,9,13,15,17,17,17,17,17,17,17,17,17,16,16,16,16,17,17,17,17,16,16,16,15,16,17,16,16,16,16,16,16,16,16,16,17,17,17,16,16,17,17,17,17,17,17,17,17,16,17,17,17,17,17,17,16,16,16,16,17,18,18,17,18,17,17,16,15,12,11,13,15,16,17,17,17,17,17,17,17,17,17,16,16,16,16,16,16,16,16,16,15,15,16,16,16,16,16,16,16,16,16,16,16,16,17,17,16,16,15,16,16,16,16,16,16,16,16,16,15,15,16,16,16,16,16,16,16,16,17,17,17,17,17,17,17,16,16,16,16,17,17,17,17,17,16,15,15,14,12,8,5,4,7,13,16,13,9,6,3,3,5,8,9,18,25,27,27,26,23,18,15,14,13,11,8,5,3,3,3,3,3,2,2,2,0,0,0,0,0,0,0,0,0,0,0,0,0,0,0,0,0,0
3,3,3,3,3,3,2,2,3,3,3,3,3,6,10,13,14,15,15,16,20,22,24,26,27,27,24,16,8,4,2,2,3,6,9,9,8,7,10,13,15,17,17,17,17,17,17,17,17,16,16,16,16,17,17,17,17,16,15,15,16,17,17,16,16,16,16,16,16,16,16,16,17,17,17,17,17,17,17,17,17,17,17,17,17,17,17,17,17,17,16,16,16,16,16,17,17,17,17,17,17,17,16,15,12,9,11,14,16,16,17,17,17,16,16,17,17,16,16,17,17,17,17,16,16,16,16,16,16,15,15,16,17,16,16,17,16,16,16,16,17,17,17,16,15,15,16,16,16,16,16,16,16,16,16,16,15,15,15,16,16,16,16,16,16,16,16,17,17,17,17,17,17,17,17,17,16,17,17,17,18,17,16,14,11,8,7,5,5,9,13,14,13,9,7,4,3,6,9,12,16,24,27,27,27,24,20,16,14,13,11,9,6,3,3,3,3,3,3,2,3,1,0,0,0,0,0,0,0,0,0,0,0,0,0,0,0,0,0,0
3,3,3,3,3,3,2,2,2,3,3,3,3,4,7,11,13,14,15,15,18,21,23,25,27,27,27,22,14,5,3,3,3,4,6,9,10,9,8,11,13,15,16,16,16,16,17,17,17,17,16,16,17,17,18,18,17,15,13,15,17,17,17,16,16,16,16,16,16,16,16,16,16,17,17,17,17,17,17,17,17,17,17,17,17,17,17,17,17,17,16,16,16,16,16,16,17,17,18,18,17,17,17,16,13,9,10,14,16,17,17,17,16,16,16,16,16,16,16,16,16,17,17,17,16,16,16,16,16,15,15,17,17,17,16,17,16,16,17,17,17,17,16,16,16,16,16,16,16,16,16,16,15,15,15,16,15,15,15,16,16,16,16,16,16,16,16,16,16,16,17,17,17,17,17,18,18,17,17,18,18,18,18,16,11,7,5,6,10,14,14,12,9,6,4,4,5,9,13,17,23,27,27,27,25,21,16,14,13,12,10,7,4,3,3,3,3,3,3,3,3,0,0,0,0,0,0,0,0,0,0,0,0,0,0,0,0,0,0,0
3,3,3,3,3,3,3,3,3,3,3,3,3,3,5,9,12,14,15,15,16,19,22,23,26,27,27,26,20,12,6,4,3,3,4,7,10,11,9,9,11,14,15,15,16,17,17,18,17,17,17,17,17,18,18,18,16,13,13,16,17,17,16,16,16,16,16,16,16,16,16,16,16,16,17,17,17,17,17,17,17,17,17,17,17,17,17,17,17,17,17,16,16,16,16,16,17,17,17,17,17,17,17,17,17,12,9,13,16,16,16,16,16,16,16,16,16,16,16,16,16,16,17,17,17,17,16,16,16,15,16,17,17,17,17,17,17,17,17,17,16,16,16,16,16,16,16,16,16,16,16,16,16,15,16,16,16,16,15,15,16,16,16,16,16,16,16,16,16,16,16,16,16,17,17,17,17,17,18,18,18,18,19,17,13,7,7,10,14,14,11,9,6,4,4,5,7,13,18,20,21,24,26,26,23,17,15,14,12,11,8,4,3,3,3,3,3,3,3,3,3,0,0,0,0,0,0,0,0,0,0,0,0,0,0,0,0,0,0,0
3,4,4,3,3,3,3,3,3,3,3,3,3,3,4,6,10,13,15,15,15,18,21,23,24,26,27,27,24,17,9,5,4,3,3,4,7,10,10,10,10,12,14,14,16,18,18,18,18,17,17,17,17,18,18,18,14,10,14,17,17,17,16,16,15,16,16,16,16,16,16,16,16,16,16,17,17,17,17,17,17,17,18,18,18,17,17,17,17,17,17,17,16,16,16,16,16,16,17,17,17,17,17,17,17,12,9,12,13,14,15,15,16,16,16,16,16,17,17,17,16,16,16,17,17,17,17,17,16,16,16,17,17,17,17,17,17,17,17,16,16,16,16,16,16,16,16,16,16,16,16,16,16,16,16,16,16,16,16,16,16,16,16,16,16,16,16,16,16,16,16,16,16,16,17,17,17,17,17,18,18,19,18,16,10,5,9,13,13,10,8,5,3,3,5,8,12,20,23,20,13,16,23,23,19,15,14,12,11,10,5,3,3,3,3,3,3,3,3,2,2,0,0,0,0,0,0,0,0,0,0,0,0,0,0,0,0,0,0,0
3,3,3,3,3,3,3,3,3,3,3,3,3,3,3,4,8,12,14,15,15,16,19,22,23,25,27,27,27,22,15,8,5,4,3,3,5,7,10,10,10,10,12,14,16,18,18,18,18,18,17,17,17,18,18,17,11,11,16,18,17,17,16,15,15,16,16,16,16,16,16,16,16,17,17,17,17,17,17,17,17,17,18,18,18,17,17,17,17,17,16,17,17,16,16,16,16,16,16,16,16,16,17,18,16,12,12,14,14,15,15,15,15,16,16,16,16,17,17,17,16,16,16,17,17,17,17,17,17,17,17,17,17,17,17,17,17,17,16,16,16,16,16,16,16,16,16,16,16,16,16,16,16,16,16,16,16,16,16,15,16,16,16,16,16,17,17,17,17,17,17,17,17,17,17,17,17,17,18,18,18,19,18,13,7,7,11,11,9,7,5,3,3,5,8,13,20,25,26,23,19,19,24,22,17,15,13,11,10,7,4,3,3,3,3,3,3,3,3,3,2,0,0,0,0,0,0,0,0,0,0,0,0,0,0,0,0,0,0,0
3,3,4,3,3,3,3,3,3,2,3,3,3,3,3,3,5,10,13,14,16,15,17,20,23,24,26,27,27,26,21,14,8,5,5,3,3,4,7,9,10,10,10,12,15,18,18,18,18,18,18,18,18,18,17,13,12,15,17,17,17,16,16,16,16,16,16,16,16,16,16,17,17,16,16,17,17,17,17,17,17,17,17,17,17,17,17,17,17,17,17,17,17,17,17,17,17,16,16,16,16,16,17,18,16,13,14,15,16,16,16,16,16,17,17,17,17,17,17,16,16,16,17,17,17,17,17,17,17,17,17,17,17,17,17,17,17,16,16,16,16,16,16,16,16,16,16,16,16,16,16,16,16,16,16,16,16,16,16,16,16,16,16,16,17,17,17,17,17,17,17,17,17,17,18,18,18,18,18,18,19,18,15,9,6,8,9,7,5,4,3,3,6,9,14,21,26,27,27,26,24,23,22,19,16,14,12,10,7,5,3,3,3,3,3,3,3,3,3,3,1,0,0,0,0,0,0,0,0,0,0,0,0,0,0,0,0,0,0,0
3,3,3,3,3,3,3,3,3,3,3,3,3,3,3,3,4,7,11,13,15,15,16,18,21,23,25,27,27,27,25,19,12,6,5,5,3,3,4,7,9,9,9,10,13,17,18,19,18,18,18,18,18,17,14,12,14,17,17,17,16,16,16,16,16,16,16,16,16,16,16,16,16,16,16,16,16,16,17,17,17,17,17,17,17,17,17,17,17,16,17,17,17,17,17,17,17,17,17,16,16,16,17,18,16,13,15,16,16,16,16,17,16,16,17,17,16,16,16,16,16,17,17,17,17,17,17,17,17,17,18,17,17,17,17,17,17,16,16,16,16,16,16,16,16,16,17,17,17,17,17,17,17,17,16,16,16,16,16,16,16,16,16,16,16,16,17,17,17,17,17,17,18,18,18,18,18,18,18,19,18,16,10,6,6,7,6,5,4,4,4,7,12,17,23,26,27,27,26,25,24,21,18,16,15,13,11,8,5,3,3,3,3,3,3,3,3,3,3,3,0,0,0,0,0,0,0,0,0,0,0,0,0,0,0,0,0,0,0,0
3,3,3,3,3,3,3,3,3,3,3,3,3,3,3,3,3,4,8,12,14,15,16,17,19,21,23,26,27,27,27,24,18,10,6,5,4,3,3,5,7,9,9,8,9,12,16,18,18,19,18,18,17,14,12,14,17,17,17,17,16,16,16,17,17,16,16,16,16,16,16,16,16,16,16,16,16,16,16,17,17,17,17,17,17,17,17,17,17,17,16,17,17,17,17,17,17,17,17,17,16,16,17,17,15,13,16,16,16,17,17,17,17,17,17,17,16,16,16,16,16,17,17,17,18,18,18,18,18,18,18,18,18,17,17,17,17,17,16,16,16,16,16,16,17,17,17,17,17,17,17,17,17,17,16,16,16,16,16,16,16,16,16,16,17,17,17,17,17,17,17,17,18,18,18,18,18,19,19,18,16,10,5,5,5,5,5,5,3,5,8,13,18,24,27,27,27,26,25,23,19,17,16,15,13,12,9,5,3,3,3,3,3,3,3,3,3,3,3,2,0,0,0,0,0,0,0,0,0,0,0,0,0,0,0,0,0,0,0,0
3,3,3,3,3,3,3,3,3,3,3,3,3,3,3,3,3,3,5,10,13,14,16,16,17,20,22,23,26,27,27,26,24,17,9,5,5,4,3,3,5,7,9,8,7,7,10,14,16,18,18,17,14,10,13,16,17,17,17,17,16,17,17,17,17,16,16,16,15,16,16,16,16,16,17,17,16,16,16,16,17,17,17,17,17,17,17,16,16,16,16,16,17,17,18,17,17,16,17,17,17,17,17,17,14,14,16,17,16,16,16,17,17,17,17,17,16,16,16,16,17,17,17,17,18,18,18,18,18,18,18,18,18,17,17,17,17,17,16,16,16,16,17,17,17,17,16,16,17,17,17,17,17,16,16,16,16,16,16,16,16,16,17,17,17,17,17,17,17,17,18,18,18,18,18,18,19,19,17,14,8,5,4,5,5,4,5,4,5,9,14,19,26,27,27,27,26,24,23,19,16,16,15,13,12,10,6,4,3,2,3,3,3,3,3,3,3,3,3,2,0,0,0,0,0,0,0,0,0,0,0,0,0,0,0,0,0,0,0,0
3,3,3,3,3,3,3,3,3,4,3,3,3,3,3,3,3,3,4,6,11,14,15,16,16,18,21,23,24,26,27,27,27,22,15,7,5,5,4,3,4,5,7,8,8,8,7,8,10,12,13,11,9,10,15,17,18,17,17,17,17,17,17,17,16,17,16,16,16,16,16,17,16,16,16,17,17,17,16,16,16,17,16,16,17,17,17,17,16,16,16,16,17,17,18,18,16,16,16,17,17,17,18,17,13,15,17,17,17,16,16,16,16,16,17,17,16,16,16,16,17,17,17,17,17,18,18,18,18,18,18,18,18,18,17,17,17,16,16,16,16,16,16,16,17,17,16,16,17,17,17,17,17,16,16,16,16,16,16,16,16,16,17,17,17,17,17,17,18,18,18,18,18,18,19,18,18,15,11,7,4,4,4,4,4,4,4,6,10,16,22,26,27,27,26,25,24,22,19,16,16,15,14,12,10,6,4,3,3,3,3,3,3,3,3,3,3,3,3,1,0,0,0,0,0,0,0,0,0,0,0,0,0,0,0,0,0,0,0,0
3,3,3,3,3,3,3,3,3,3,3,3,3,3,3,3,3,3,3,4,7,12,14,15,16,17,19,22,23,25,27,27,27,26,22,16,8,5,5,4,4,4,5,6,8,10,9,8,7,6,6,6,7,10,15,18,18,18,18,17,17,17,17,17,17,17,17,17,17,17,17,17,17,16,16,17,17,17,17,17,17,17,16,16,16,17,17,17,17,17,17,17,17,17,17,17,16,16,16,17,17,17,18,16,12,15,17,17,17,17,16,16,16,16,16,16,16,16,16,16,16,16,17,17,17,18,18,18,19,19,18,18,18,17,17,17,17,16,16,16,16,16,16,16,17,17,17,16,17,17,17,17,17,16,16,16,16,16,16,16,16,17,17,17,17,17,18,18,18,18,18,18,18,18,18,16,12,7,5,4,4,4,4,4,4,5,7,12,17,23,27,27,27,26,25,24,22,18,16,16,15,14,13,10,6,4,3,3,3,3,3,3,3,3,3,3,3,3,3,0,0,0,0,0,0,0,0,0,0,0,0,0,0,0,0,0,0,0,0,0
3,3,3,3,3,3,3,3,3,3,4,4,3,3,3,3,3,3,3,3,5,9,12,14,16,17,18,20,22,23,25,27,27,27,27,23,16,8,5,5,4,4,4,5,6,8,10,10,9,8,7,7,7,8,13,16,17,18,18,17,17,17,17,17,17,17,17,17,17,16,16,16,16,16,16,17,17,17,17,17,16,16,16,17,17,17,17,17,17,17,17,17,17,17,17,17,16,16,17,17,17,17,18,15,10,15,17,17,17,17,16,16,16,16,16,16,16,16,16,16,16,16,16,17,17,18,18,18,18,18,18,18,18,17,17,17,17,16,16,16,16,16,16,17,17,17,17,15,16,17,17,17,17,16,16,16,16,16,17,17,17,17,17,17,18,18,18,18,18,18,18,18,17,16,13,9,5,4,4,5,4,4,4,4,5,7,13,21,25,27,27,27,25,25,24,21,18,16,16,15,13,13,9,5,3,3,3,3,3,3,3,3,3,3,3,3,3,3,3,0,0,0,0,0,0,0,0,0,0,0,0,0,0,0,0,0,0,0,0,0
3,3,3,3,3,3,3,3,3,3,3,3,3,3,3,3,3,3,3,3,3,5,10,13,15,16,17,18,20,22,24,25,27,27,27,27,24,14,6,6,5,4,3,4,4,5,7,10,12,12,12,10,8,6,7,11,14,16,17,17,17,17,17,17,17,17,17,17,17,16,16,16,17,16,17,17,17,17,17,16,16,17,16,16,17,17,17,17,17,17,17,17,18,17,17,16,16,16,17,17,17,18,17,13,10,14,17,17,17,17,16,16,16,16,16,16,16,17,16,16,16,16,16,17,17,17,18,18,18,18,17,17,17,17,16,16,16,16,16,16,16,16,16,17,17,17,17,15,15,17,17,17,17,17,16,16,17,17,17,17,17,17,17,18,18,18,18,18,18,18,17,16,14,10,6,4,4,5,5,5,3,4,5,5,8,16,24,27,27,27,27,24,23,22,19,16,16,15,14,13,12,9,5,3,3,3,3,3,3,3,3,3,3,3,3,3,3,3,2,0,0,0,0,0,0,0,0,0,0,0,0,0,0,0,0,0,0,0,0,0
3,3,3,3,3,3,3,3,3,3,3,3,3,3,3,3,3,3,3,3,3,3,6,11,13,15,17,17,18,20,22,23,25,26,27,27,27,16,7,8,7,5,4,4,3,4,5,7,9,12,14,14,13,11,8,7,9,11,14,16,17,17,18,18,18,17,17,17,17,17,16,17,17,16,16,16,17,17,16,16,17,16,16,16,16,17,17,17,17,17,17,17,17,17,16,16,16,17,17,17,17,18,16,12,10,13,16,17,17,17,16,16,16,16,16,16,17,16,16,17,17,16,16,17,17,17,17,17,17,17,17,17,17,17,16,16,16,16,16,16,16,16,16,17,17,17,18,14,13,16,17,17,17,17,17,17,17,17,17,17,17,18,18,18,18,18,18,18,18,16,13,10,7,5,5,6,6,5,4,4,4,5,8,12,19,26,27,27,27,26,24,23,21,19,16,16,15,14,13,12,9,5,3,3,3,3,3,3,3,3,3,3,3,3,3,3,3,3,1,0,0,0,0,0,0,0,0,0,0,0,0,0,0,0,0,0,0,0,0,0
3,3,3,3,3,3,3,3,3,3,3,3,3,3,3,3,3,3,3,3,3,3,4,7,11,13,15,17,17,17,19,21,23,24,26,27,27,23,18,17,14,10,7,6,4,3,4,4,6,8,11,14,16,17,15,13,11,10,11,13,16,17,18,18,18,18,18,18,18,17,17,17,17,17,17,17,17,17,17,17,16,16,16,17,17,17,17,17,17,17,17,17,17,17,16,16,17,16,17,17,18,18,14,10,8,11,16,17,17,17,17,17,16,16,16,17,17,16,16,17,17,16,16,17,17,17,17,17,17,16,16,17,16,16,16,16,16,16,16,16,16,16,16,17,17,17,18,16,13,14,17,18,18,17,17,17,17,17,17,17,18,18,18,18,18,18,17,16,14,10,7,5,5,6,7,6,5,4,3,4,6,10,15,21,26,27,27,27,25,24,22,21,18,16,16,15,14,13,12,8,4,3,3,3,3,3,3,3,3,3,3,3,3,3,3,3,3,3,0,0,0,0,0,0,0,0,0,0,0,0,0,0,0,0,0,0,0,0,0,0
3,3,3,3,3,3,3,3,3,3,3,3,3,3,3,3,3,3,4,4,3,3,3,4,8,11,13,15,17,17,18,19,21,22,23,25,27,27,26,25,23,19,13,9,6,5,4,4,4,5,7,9,12,15,17,17,16,14,12,11,12,14,17,18,18,18,18,18,18,18,18,18,17,17,17,17,18,18,17,17,17,16,16,17,17,17,17,17,17,17,17,17,17,17,16,17,17,16,16,17,18,16,10,6,6,9,14,18,18,17,17,17,17,17,17,17,16,15,17,17,17,17,16,16,17,17,17,17,17,16,16,16,16,16,16,16,16,16,16,17,16,16,16,16,17,18,18,18,15,13,16,18,18,18,18,17,17,17,18,18,18,18,18,19,18,17,15,11,7,6,6,7,8,7,5,4,3,4,5,9,12,19,24,27,27,27,27,26,25,23,21,18,16,16,15,14,13,11,7,4,3,3,3,3,3,3,3,3,3,3,3,3,3,3,3,3,3,3,0,0,0,0,0,0,0,0,0,0,0,0,0,0,0,0,0,0,0,0,0,0
3,3,3,3,3,3,3,3,3,3,3,3,3,3,3,3,3,3,4,4,4,3,3,3,4,8,11,13,15,16,17,17,18,20,21,23,25,26,27,27,27,26,21,15,8,6,5,4,3,3,5,5,8,10,13,15,17,17,17,14,11,9,10,13,16,17,18,18,19,19,19,18,18,18,18,18,18,18,18,17,17,16,17,17,18,18,17,17,17,17,17,17,17,17,17,17,17,17,17,17,16,12,7,4,3,6,11,17,18,18,17,17,17,17,18,17,16,15,16,17,17,17,16,16,17,17,17,17,17,17,16,16,16,16,16,16,17,17,17,17,17,17,16,16,17,17,18,18,16,13,16,18,18,18,18,18,18,18,18,19,19,19,19,18,16,13,9,6,7,8,9,9,6,4,4,4,4,7,12,17,22,26,27,27,27,27,26,25,23,21,17,15,16,15,13,13,11,7,3,3,3,3,3,3,3,3,3,3,3,3,3,3,3,3,3,3,3,2,0,0,0,0,0,0,0,0,0,0,0,0,0,0,0,0,0,0,0,0,0,0
3,3,3,3,3,3,3,3,3,3,3,3,3,3,3,3,3,3,3,3,3,3,3,3,3,4,8,11,13,14,16,17,17,18,18,20,22,23,25,26,27,27,27,25,19,12,7,5,4,4,4,4,6,7,10,12,13,15,17,18,17,14,11,10,11,12,14,15,17,17,18,19,18,18,18,18,18,18,18,17,17,17,17,17,18,18,18,17,16,17,17,17,17,17,17,17,17,17,18,17,13,8,4,3,2,3,7,14,18,18,18,18,18,18,18,15,14,15,16,17,17,17,16,17,17,17,17,17,17,17,17,17,16,16,16,17,17,17,17,17,17,17,17,16,16,17,18,18,18,13,15,18,18,18,18,18,18,18,19,19,19,18,17,14,10,6,7,9,10,10,8,6,4,3,4,6,8,14,19,24,27,27,27,27,26,25,24,22,19,17,16,15,14,13,12,10,6,4,3,2,3,3,3,3,3,3,3,3,3,3,3,3,3,3,3,3,3,1,0,0,0,0,0,0,0,0,0,0,0,0,0,0,0,0,0,0,0,0,0,0
3,3,3,3,3,3,3,3,3,3,3,3,3,3,3,3,3,3,3,3,3,3,3,3,3,2,4,6,10,12,14,15,17,17,17,18,19,21,22,24,25,26,27,27,27,25,17,9,7,5,4,4,5,6,8,9,10,11,13,15,17,17,16,14,12,10,10,10,11,12,15,18,19,19,19,18,18,18,18,17,17,17,17,17,17,18,18,18,17,16,16,16,17,16,16,17,17,17,17,14,8,5,4,3,3,3,3,9,15,18,19,18,18,18,15,13,15,17,17,17,17,17,17,17,17,16,16,17,17,17,17,17,16,16,16,17,17,17,17,17,17,17,17,17,17,17,18,18,19,17,14,17,18,18,18,18,18,19,19,19,17,14,11,8,6,7,10,10,9,7,5,3,4,5,7,11,15,21,25,27,27,27,27,26,25,23,21,18,16,16,15,14,14,12,9,5,3,3,3,3,3,3,3,3,3,3,3,3,3,3,3,3,3,3,3,3,3,0,0,0,0,0,0,0,0,0,0,0,0,0,0,0,0,0,0,0,0,0,0,0
3,3,3,3,3,3,3,3,3,3,3,3,3,3,3,3,3,3,3,3,3,3,3,3,3,2,2,3,5,8,11,13,14,16,16,17,17,18,19,21,22,24,26,27,27,27,25,19,13,10,6,5,4,4,5,7,8,9,9,10,12,13,14,14,13,12,10,9,8,7,8,11,14,16,16,16,17,18,18,18,18,18,17,17,17,18,18,19,18,15,14,15,16,16,16,16,17,17,15,10,5,4,5,4,4,3,2,4,9,14,17,17,16,14,13,16,18,18,18,17,17,17,17,17,17,15,15,16,16,17,17,17,17,17,17,17,17,17,17,17,18,18,18,17,17,17,18,18,19,18,16,16,18,19,19,19,19,19,18,14,11,8,6,6,8,10,9,7,5,4,4,4,6,10,15,19,23,26,27,27,27,27,26,25,23,19,17,16,16,15,14,13,12,8,5,3,3,3,3,3,3,3,3,3,3,3,3,3,3,3,3,3,3,3,3,3,2,0,0,0,0,0,0,0,0,0,0,0,0,0,0,0,0,0,0,0,0,0,0,0
3,3,3,3,3,3,3,3,3,3,3,3,3,3,3,3,3,3,3,3,3,3,3,3,3,3,3,3,3,4,6,9,11,13,14,15,16,17,18,19,20,22,23,25,26,27,27,25,21,17,12,9,6,4,4,4,6,6,7,7,8,8,9,10,11,12,11,10,10,9,7,6,7,9,10,11,14,17,19,18,19,19,18,18,18,18,18,18,19,17,13,13,15,16,16,16,16,15,11,7,5,4,4,4,4,3,3,4,6,9,11,11,11,14,18,18,18,17,17,17,17,17,17,17,16,16,16,16,16,16,17,17,17,17,17,17,17,18,17,16,16,18,18,18,18,18,18,18,18,19,16,15,17,19,19,18,18,16,12,8,6,6,7,9,9,8,5,4,4,4,7,9,10,15,20,24,27,27,27,27,26,25,24,21,18,16,16,16,15,14,13,11,7,3,3,3,3,3,3,3,3,3,3,3,3,3,3,3,3,3,3,3,3,2,2,2,2,0,0,0,0,0,0,0,0,0,0,0,0,0,0,0,0,0,0,0,0,0,0,0
3,3,3,3,3,3,3,3,3,3,3,3,3,3,3,3,3,3,3,3,3,3,3,3,3,3,3,3,3,3,4,5,7,9,11,13,14,15,16,17,18,19,21,22,23,24,26,25,20,18,19,18,13,8,5,5,5,5,5,5,5,6,7,8,9,10,9,9,9,8,8,8,8,7,7,7,8,12,15,18,18,18,18,18,18,18,18,19,19,16,13,14,15,16,16,16,15,14,12,9,6,5,4,4,4,4,4,4,5,7,8,10,15,18,18,18,18,17,17,17,17,17,17,17,17,17,17,17,17,17,17,17,17,17,17,17,17,18,18,17,16,16,18,18,18,18,18,19,19,19,17,11,12,15,16,14,12,7,5,5,7,9,9,8,6,4,4,4,6,7,13,17,14,17,26,27,27,27,27,26,25,24,21,18,16,16,16,15,14,13,10,6,3,3,3,3,3,3,3,3,2,3,3,3,3,3,3,3,3,3,3,3,3,2,2,2,1,0,0,0,0,0,0,0,0,0,0,0,0,0,0,0,0,0,0,0,0,0,0,0
2,3,2,3,3,3,3,3,3,3,3,3,3,3,3,3,3,3,3,3,3,3,3,3,3,2,3,2,3,3,3,3,4,5,7,9,12,13,14,16,17,17,17,19,21,22,24,23,19,19,24,27,25,18,13,9,7,5,5,4,4,4,6,7,8,8,7,7,7,7,7,7,7,7,7,6,5,5,6,8,11,13,14,16,16,17,17,17,16,14,13,14,15,16,15,15,15,13,12,10,8,6,5,4,4,4,5,4,5,6,8,13,17,18,18,18,18,17,17,17,17,17,17,17,17,17,17,17,17,17,17,17,17,17,17,17,17,18,18,18,17,16,17,18,18,18,19,19,19,19,15,9,8,10,9,7,6,7,8,9,9,8,7,5,4,4,5,6,8,13,18,21,22,26,27,27,27,27,26,25,23,20,18,16,16,16,15,14,12,9,5,3,3,3,3,3,3,3,3,3,3,3,3,3,3,3,3,3,3,3,3,3,3,2,2,2,1,0,0,0,0,0,0,0,0,0,0,0,0,0,0,0,0,0,0,0,0,0,0,0
2,3,3,3,3,3,3,3,3,3,3,3,3,3,3,3,3,3,3,3,3,3,3,3,3,3,3,3,3,3,3,3,3,3,3,4,6,9,12,13,15,16,17,18,19,20,23,25,24,25,27,27,27,26,23,18,12,8,6,6,4,4,5,5,6,7,6,7,6,6,7,7,7,8,10,10,10,8,6,5,6,8,9,11,12,13,14,14,12,10,11,13,15,16,17,17,16,13,10,8,8,7,6,4,4,3,4,4,4,5,7,14,18,19,18,18,18,17,17,17,17,17,18,17,17,17,17,17,17,17,17,17,17,17,17,18,18,18,18,18,18,17,16,17,17,17,17,17,17,15,11,8,8,8,8,9,10,11,10,8,6,5,4,4,5,7,8,11,15,19,23,25,27,27,27,27,27,26,25,23,20,17,16,16,15,14,13,11,7,4,3,3,3,3,3,3,3,3,3,3,3,3,3,3,3,3,3,3,3,3,3,3,3,3,3,3,0,0,0,0,0,0,0,0,0,0,0,0,0,0,0,0,0,0,0,0,0,0,0,0
3,3,3,3,3,3,3,3,3,3,3,3,3,3,3,3,3,3,3,3,3,3,3,3,3,3,3,3,3,3,3,3,3,3,3,3,4,5,8,10,12,14,15,16,17,18,20,24,25,26,26,26,27,27,27,25,22,16,11,8,7,5,4,3,4,4,4,6,5,6,7,7,8,10,12,13,13,14,12,10,10,10,10,11,12,13,12,11,10,9,11,15,17,18,19,18,16,13,9,6,7,9,8,7,6,5,4,4,4,6,9,13,17,19,19,19,19,18,18,18,18,18,18,18,18,18,18,18,17,18,18,18,18,18,18,18,18,18,18,19,18,17,15,15,14,14,13,12,10,8,9,10,11,11,11,11,10,8,6,5,4,5,5,6,7,10,14,18,23,25,27,27,27,27,27,27,26,25,22,19,17,16,16,15,14,13,10,6,4,3,3,3,3,2,3,3,3,3,3,3,3,3,3,3,3,3,3,3,3,3,3,3,3,3,3,3,0,0,0,0,0,0,0,0,0,0,0,0,0,0,0,0,0,0,0,0,0,0,0,0
3,3,2,3,2,3,3,3,3,3,3,3,3,3,3,3,3,3,3,3,3,3,3,3,3,3,3,3,3,3,3,3,3,3,3,3,3,3,4,5,8,10,12,14,15,16,18,20,21,22,22,22,24,26,27,27,27,24,20,16,12,9,7,4,4,4,3,4,4,5,7,7,8,10,11,12,13,15,16,17,17,15,15,15,16,16,15,14,15,15,16,18,19,20,20,18,15,13,11,9,11,12,11,9,7,7,6,6,6,8,11,12,14,17,18,19,19,19,19,18,18,18,18,18,18,18,18,18,18,18,18,18,18,19,19,19,19,19,19,19,18,16,12,10,10,10,10,10,11,12,11,11,11,10,9,7,4,4,4,4,5,6,7,9,13,16,22,26,27,27,27,27,27,27,26,26,24,21,18,16,17,16,15,14,13,9,5,3,3,3,3,3,3,3,3,3,3,3,3,3,3,3,3,3,3,3,3,3,2,3,3,3,3,3,3,2,0,0,0,0,0,0,0,0,0,0,0,0,0,0,0,0,0,0,0,0,0,0,0,0
3,3,2,2,2,2,3,3,3,3,3,3,2,2,3,3,2,2,3,3,3,3,3,3,3,3,3,3,3,3,3,3,3,3,3,2,3,3,3,3,4,6,9,11,13,14,15,16,17,18,19,20,22,24,24,26,27,27,27,26,23,19,15,12,9,7,6,4,3,3,3,4,5,7,8,8,9,10,12,13,14,15,15,16,17,17,18,19,19,19,19,20,20,20,21,20,18,15,14,14,16,17,17,14,11,9,7,6,6,8,9,9,9,10,12,15,18,19,19,19,19,19,19,19,19,19,19,19,19,19,19,19,19,20,20,19,19,18,17,15,13,10,8,9,10,11,12,13,12,11,10,9,7,6,5,4,3,3,5,6,8,10,13,18,23,27,27,27,27,27,27,27,26,25,24,22,19,17,17,17,16,15,14,11,8,4,3,3,3,3,3,3,3,3,3,3,3,3,3,3,3,3,3,3,3,3,3,2,3,3,3,3,3,3,3,1,0,0,0,0,0,0,0,0,0,0,0,0,0,0,0,0,0,0,0,0,0,0,0,0
2,2,2,2,2,2,2,2,2,2,2,3,3,3,3,3,3,3,3,3,3,3,3,3,3,3,3,3,3,3,3,3,3,3,3,3,3,3,3,3,2,3,4,6,9,11,13,15,16,17,17,18,19,21,23,23,24,25,26,27,27,27,25,23,21,17,13,9,7,5,3,3,3,4,4,5,6,7,8,8,10,11,11,13,14,15,16,17,17,17,18,18,18,19,19,20,20,17,17,18,21,22,22,20,17,14,11,8,6,5,4,5,5,6,7,10,13,15,17,18,19,20,20,20,20,20,18,16,18,19,19,20,19,18,17,15,14,12,10,7,7,9,11,12,12,13,12,11,9,8,6,5,4,4,4,4,5,6,7,10,14,19,23,27,27,27,27,27,27,27,26,25,24,22,20,18,17,17,17,16,15,13,10,6,3,3,3,2,3,3,3,3,3,3,3,3,3,3,3,3,3,3,3,3,3,3,3,2,3,3,3,3,3,3,3,0,0,0,0,0,0,0,0,0,0,0,0,0,0,0,0,0,0,0,0,0,0,0,0,0
2,2,2,2,2,2,2,2,2,2,3,3,3,3,3,3,3,3,2,2,3,3,3,3,3,3,3,3,3,3,3,3,3,3,3,3,3,3,3,3,3,3,3,3,5,7,10,12,13,15,16,17,17,19,20,21,22,23,25,26,27,27,27,27,26,25,22,19,16,12,9,6,4,3,3,3,3,3,4,4,5,6,7,8,9,10,11,11,12,13,13,14,14,15,16,17,18,18,19,21,23,25,24,22,21,19,16,12,8,4,4,5,5,6,7,7,9,11,12,13,14,15,15,16,15,14,12,11,13,14,14,13,11,9,9,9,9,8,9,10,11,12,12,11,10,9,7,5,4,3,4,4,4,5,6,7,9,12,16,20,23,26,27,27,27,27,27,27,26,25,24,22,20,18,17,17,17,16,16,14,11,8,4,3,3,3,3,3,3,3,3,3,3,3,3,3,3,3,3,3,3,3,3,3,3,3,3,3,3,3,2,3,3,3,2,0,0,0,0,0,0,0,0,0,0,0,0,0,0,0,0,0,0,0,0,0,0,0,0,0
2,2,2,2,2,2,2,2,2,2,3,3,3,3,3,2,2,2,2,2,3,3,3,3,3,3,3,3,3,3,3,3,3,3,3,3,3,3,3,3,3,3,3,3,2,3,5,7,10,12,13,15,16,17,18,19,20,21,22,24,25,26,26,27,27,27,27,27,26,23,22,18,13,10,7,5,4,4,3,3,3,3,4,4,4,5,7,8,8,8,9,10,10,11,11,12,13,14,16,17,18,19,20,19,19,19,17,15,11,7,6,6,7,7,8,8,8,8,9,10,11,11,9,8,9,9,9,9,9,8,8,8,8,8,8,9,9,10,10,10,10,9,8,7,6,5,4,3,3,4,5,5,6,8,10,13,17,21,25,26,27,27,27,27,27,27,26,25,23,21,19,18,17,17,17,16,15,14,12,9,5,3,2,3,3,3,3,3,3,3,3,3,3,3,3,3,3,3,3,3,3,3,3,3,3,3,3,3,3,3,2,2,3,3,2,0,0,0,0,0,0,0,0,0,0,0,0,0,0,0,0,0,0,0,0,0,0,0,0,0
2,2,2,2,2,2,2,2,2,3,3,3,3,3,3,2,2,2,3,3,3,3,3,3,3,3,3,2,2,3,3,3,3,3,3,3,3,3,2,3,3,3,3,3,3,3,3,3,5,7,9,11,13,14,16,17,18,18,19,21,22,23,24,25,25,26,26,27,27,27,27,26,24,21,18,14,11,9,8,6,4,3,3,3,3,3,3,3,5,5,5,6,7,7,7,8,9,9,10,10,10,11,12,13,13,13,14,13,12,10,8,8,8,8,8,8,8,8,8,8,9,10,10,10,10,9,9,10,9,9,9,9,9,10,10,10,8,8,7,6,5,5,5,4,4,4,4,5,7,7,7,9,12,14,18,22,25,27,27,27,27,27,27,26,25,24,23,20,19,18,17,17,17,16,15,14,11,9,6,4,3,3,3,3,3,3,3,3,3,3,3,3,3,3,3,3,3,3,3,3,3,3,3,3,3,3,3,3,3,3,3,2,2,3,1,0,0,0,0,0,0,0,0,0,0,0,0,0,0,0,0,0,0,0,0,0,0,0,0,0
2,2,2,2,2,2,2,2,2,2,2,3,3,2,2,2,2,3,3,3,3,3,3,3,3,3,3,3,3,3,3,3,3,3,2,2,2,2,3,3,3,3,3,3,3,3,3,3,3,3,5,7,9,11,13,14,16,17,17,18,18,19,20,21,23,24,25,26,27,27,27,26,26,26,26,25,23,21,19,17,14,11,9,7,6,5,4,3,3,3,3,4,4,5,5,5,5,6,6,6,6,6,6,7,8,9,9,10,9,10,9,8,8,9,9,8,7,7,7,7,7,9,9,10,10,8,8,8,8,8,8,8,7,6,7,6,4,4,4,3,3,3,4,4,5,6,6,8,8,11,14,17,21,23,26,27,27,27,27,27,26,26,24,23,21,20,18,18,17,17,16,15,14,12,10,7,5,4,3,2,3,3,3,3,3,3,3,3,3,3,3,3,3,3,3,3,3,3,3,3,3,3,3,3,3,3,3,3,3,3,3,3,3,3,0,0,0,0,0,0,0,0,0,0,0,0,0,0,0,0,0,0,0,0,0,0,0,0,0,0
0,0,0,1,1,1,2,2,2,2,2,2,2,2,2,2,2,2,2,2,3,3,3,3,3,3,3,3,3,2,2,3,3,3,3,3,3,3,3,3,3,3,3,3,3,3,3,3,2,2,3,3,5,7,9,11,13,14,15,16,17,18,18,19,20,21,22,24,25,26,25,24,23,25,26,27,27,27,27,27,25,22,19,17,14,12,9,7,7,7,6,5,4,4,4,4,3,3,3,3,3,4,4,4,4,5,5,5,5,7,7,7,6,7,7,7,6,6,6,6,7,7,8,8,8,6,6,6,6,5,5,4,4,3,3,3,3,3,3,4,5,6,7,8,10,10,12,15,18,23,25,25,26,27,27,27,27,27,27,26,24,22,20,19,18,17,17,16,16,14,13,11,9,6,3,2,2,3,3,3,3,3,3,3,3,3,3,3,3,3,3,3,3,3,3,3,3,3,3,3,3,3,3,3,3,3,3,3,3,3,3,3,3,2,0,0,0,0,0,0,0,0,0,0,0,0,0,0,0,0,0,0,0,0,0,0,0,0,0,0
0,0,0,0,0,0,0,0,0,0,0,0,1,1,1,2,2,2,2,2,2,2,2,3,3,3,3,3,3,2,3,3,3,3,3,3,3,3,3,3,3,3,3,3,3,3,3,3,3,3,2,2,2,3,5,7,9,11,12,14,15,16,16,17,18,19,19,20,22,24,27,26,25,23,25,26,27,27,27,27,27,27,26,25,24,22,22,22,20,18,16,13,11,9,7,6,4,4,4,3,3,4,4,3,3,3,3,3,3,3,4,4,4,4,4,4,4,4,4,5,5,6,6,6,5,4,4,4,4,4,4,3,2,3,4,4,5,6,7,8,9,12,13,15,17,19,22,24,27,27,27,27,27,27,27,27,27,25,23,21,19,18,17,17,17,15,15,13,12,9,7,5,3,2,2,3,3,3,3,3,3,3,3,3,3,3,3,3,3,3,3,3,3,3,3,3,3,3,3,3,3,3,3,3,3,3,3,3,3,2,2,3,3,2,0,0,0,0,0,0,0,0,0,0,0,0,0,0,0,0,0,0,0,0,0,0,0,0,0,0
0,0,0,0,0,0,0,0,0,0,0,0,0,0,0,0,0,0,0,0,0,1,1,2,2,2,3,3,3,3,3,3,3,3,3,3,3,3,3,3,3,3,3,3,3,3,3,3,3,3,3,3,3,3,3,3,4,6,8,10,11,13,14,15,16,17,17,18,19,22,25,24,22,21,23,24,25,25,25,26,27,27,26,27,27,27,27,27,27,26,25,23,21,19,17,16,14,11,10,9,9,8,8,7,6,6,6,6,6,5,4,4,4,3,4,4,5,4,4,4,3,4,4,4,4,4,4,4,4,4,4,5,6,8,9,10,12,14,17,18,21,23,22,18,23,26,27,27,27,27,27,27,27,27,27,25,24,21,19,18,17,16,15,14,14,12,9,7,5,4,3,2,3,3,3,3,3,3,3,3,3,3,3,3,3,3,3,3,3,3,3,3,3,3,3,3,3,3,3,3,3,3,3,3,2,2,3,3,3,3,2,2,3,1,0,0,0,0,0,0,0,0,0,0,0,0,0,0,0,0,0,0,0,0,0,0,0,0,0,0
0,0,0,0,0,0,0,0,0,0,0,0,0,0,0,0,0,0,0,0,0,0,0,0,0,0,0,0,0,1,1,1,2,2,2,2,3,2,3,3,3,3,3,3,3,3,3,3,3,3,3,3,3,3,3,3,3,3,4,5,6,8,10,11,13,14,15,16,17,18,19,19,19,19,21,22,23,23,23,24,24,24,23,24,25,25,26,27,27,27,27,27,27,27,27,27,25,23,21,20,19,18,17,15,16,17,17,16,15,15,13,13,12,11,11,10,10,10,9,8,7,7,7,7,8,8,9,10,11,11,12,14,15,17,19,20,22,25,27,27,27,27,25,18,24,27,27,27,27,27,27,27,27,26,24,21,19,18,17,16,15,13,11,9,7,5,3,3,2,3,3,2,3,3,3,3,3,3,4,4,3,3,3,3,2,3,3,3,3,3,3,3,3,3,3,3,3,3,3,3,3,3,3,3,2,2,3,3,3,3,3,3,3,1,0,0,0,0,0,0,0,0,0,0,0,0,0,0,0,0,0,0,0,0,0,0,0,0,0,0
0,0,0,0,0,0,0,0,0,0,0,0,0,0,0,0,0,0,0,0,0,0,0,0,0,0,0,0,0,0,0,0,0,0,0,0,0,0,1,1,1,2,2,2,3,3,3,3,3,3,3,3,3,3,3,3,3,2,2,3,3,4,5,7,9,10,11,12,13,14,16,17,17,18,18,18,19,19,20,20,21,21,22,21,21,22,23,24,25,25,25,26,27,27,27,27,27,27,26,26,26,25,25,26,27,26,26,25,24,24,24,24,24,23,23,23,21,20,20,19,17,16,17,19,18,19,19,20,20,22,24,26,25,25,26,27,27,27,27,27,27,27,26,24,25,27,27,27,27,26,26,26,24,22,20,18,17,16,14,13,10,8,6,3,2,2,3,3,3,3,3,3,3,3,3,4,4,3,3,3,3,3,3,3,3,3,3,3,3,3,3,3,3,3,3,3,3,3,3,2,2,2,3,3,3,3,3,3,3,3,3,3,3,0,0,0,0,0,0,0,0,0,0,0,0,0,0,0,0,0,0,0,0,0,0,0,0,0,0,0
0,0,0,0,0,0,0,0,0,0,0,0,0,0,0,0,0,0,0,0,0,0,0,0,0,0,0,0,0,0,0,0,0,0,0,0,0,0,0,0,0,0,0,0,0,0,1,1,1,2,2,2,3,3,2,3,3,3,3,3,3,3,3,3,4,5,7,8,9,11,12,13,14,15,16,16,16,17,17,18,18,19,20,20,20,20,20,21,21,22,23,23,24,26,26,27,27,27,27,27,27,27,27,27,27,27,27,27,27,27,27,27,27,27,27,27,27,27,27,27,26,24,25,26,26,26,26,26,27,27,27,27,27,27,27,27,27,27,27,27,27,27,27,27,27,26,25,25,25,24,23,21,19,18,17,16,14,12,10,7,5,4,3,3,3,3,3,3,4,3,3,3,3,3,3,3,3,3,3,3,3,3,3,3,3,3,3,3,3,3,3,3,3,3,3,3,3,3,2,2,3,3,3,3,3,3,3,3,3,3,3,3,2,0,0,0,0,0,0,0,0,0,0,0,0,0,0,0,0,0,0,0,0,0,0,0,0,0,0,0
0,0,0,0,0,0,0,0,0,0,0,0,0,0,0,0,0,0,0,0,0,0,0,0,0,0,0,0,0,0,0,0,0,0,0,0,0,0,0,0,0,0,0,0,0,0,0,0,0,0,0,0,0,0,0,0,1,1,2,2,3,3,2,2,2,3,3,3,4,5,7,9,10,11,12,13,13,14,14,15,15,16,16,16,17,17,18,18,19,20,21,21,21,22,24,25,25,25,25,25,26,27,27,27,27,27,27,27,27,27,27,27,26,22,22,25,27,27,27,27,26,23,23,26,27,27,27,27,27,27,27,27,27,27,27,26,25,25,24,24,25,24,23,25,25,23,22,21,20,20,19,18,17,17,15,13,10,6,4,3,3,3,3,4,4,4,3,3,4,3,3,3,3,3,3,3,3,3,3,3,3,3,3,3,3,3,3,3,3,3,3,3,2,3,3,3,3,3,3,3,3,3,3,3,3,3,3,3,3,3,3,2,2,0,0,0,0,0,0,0,0,0,0,0,0,0,0,0,0,0,0,0,0,0,0,0,0,0,0,0
0,0,0,0,0,0,0,0,0,0,0,0,0,0,0,0,0,0,0,0,0,0,0,0,0,0,0,0,0,0,0,0,0,0,0,0,0,0,0,0,0,0,0,0,0,0,0,0,0,0,0,0,0,0,0,0,0,0,0,0,0,0,0,0,1,1,1,2,2,3,4,4,5,6,7,8,9,9,10,10,11,12,13,13,14,14,15,16,16,17,18,19,19,20,20,20,21,21,22,22,23,24,24,25,26,26,26,26,26,26,26,26,25,24,24,25,26,25,26,26,27,27,27,27,26,26,25,25,25,25,25,25,24,24,23,23,22,22,21,20,20,20,20,21,21,20,19,19,18,18,18,16,15,14,11,8,5,2,3,3,3,3,3,4,4,3,3,3,3,3,3,3,3,3,3,3,3,3,3,3,3,3,3,3,3,3,3,3,3,3,3,3,3,3,3,3,3,3,3,3,3,3,3,3,3,3,3,3,3,2,2,2,1,0,0,0,0,0,0,0,0,0,0,0,0,0,0,0,0,0,0,0,0,0,0,0,0,0,0,0
0,0,0,0,0,0,0,0,0,0,0,0,0,0,0,0,0,0,0,0,0,0,0,0,0,0,0,0,0,0,0,0,0,0,0,0,0,0,0,0,0,0,0,0,0,0,0,0,0,0,0,0,0,0,0,0,0,0,0,0,0,0,0,0,0,0,0,0,0,0,0,0,1,1,2,3,3,4,4,5,6,7,8,9,9,10,11,12,12,13,15,16,17,18,18,19,19,20,20,20,20,20,21,21,21,21,22,22,22,22,23,24,24,26,27,27,25,22,23,24,26,27,27,25,24,23,22,21,21,21,21,20,20,20,20,19,19,19,19,19,18,19,18,18,18,18,18,18,17,16,15,14,12,9,6,3,2,3,3,3,3,3,3,3,3,3,3,3,3,3,3,3,3,3,3,3,3,3,3,3,3,3,3,3,3,3,3,3,3,3,3,3,3,3,3,3,3,3,3,3,3,3,3,3,3,3,3,2,2,2,2,3,0,0,0,0,0,0,0,0,0,0,0,0,0,0,0,0,0,0,0,0,0,0,0,0,0,0,0,0
0,0,0,0,0,0,0,0,0,0,0,0,0,0,0,0,0,0,0,0,0,0,0,0,0,0,0,0,0,0,0,0,0,0,0,0,0,0,0,0,0,0,0,0,0,0,0,0,0,0,0,0,0,0,0,0,0,0,0,0,0,0,0,0,0,0,0,0,0,0,0,0,0,0,0,0,0,0,0,0,1,1,2,3,4,5,6,7,7,9,11,12,13,15,15,16,17,17,17,18,18,18,19,19,19,19,19,20,20,20,20,20,21,21,23,23,22,20,20,20,21,22,21,21,20,20,19,19,18,18,18,18,18,18,18,18,18,17,17,17,17,17,17,16,16,16,16,15,15,13,12,10,7,4,3,2,3,3,3,3,3,3,3,3,4,4,3,3,3,3,3,3,3,3,3,3,3,3,3,3,3,3,2,3,3,3,3,3,3,3,3,3,3,3,3,3,3,3,3,3,3,3,2,3,3,3,2,2,2,3,3,3,0,0,0,0,0,0,0,0,0,0,0,0,0,0,0,0,0,0,0,0,0,0,0,0,0,0,0,0
0,0,0,0,0,0,0,0,0,0,0,0,0,0,0,0,0,0,0,0,0,0,0,0,0,0,0,0,0,0,0,0,0,0,0,0,0,0,0,0,0,0,0,0,0,0,0,0,0,0,0,0,0,0,0,0,0,0,0,0,0,0,0,0,0,0,0,0,0,0,0,0,0,0,0,0,0,0,0,0,0,0,0,0,0,0,0,0,1,2,4,5,7,9,11,12,13,14,14,15,15,16,16,16,16,17,17,17,18,18,18,19,19,19,19,19,19,18,19,19,19,19,19,19,18,18,18,17,17,17,17,17,17,16,16,16,15,15,15,15,15,14,14,14,13,13,12,11,10,7,6,4,3,3,3,3,3,3,3,3,3,3,3,3,3,3,3,3,3,3,4,4,3,3,2,3,3,3,3,3,3,3,3,3,3,3,3,3,3,3,3,3,3,3,3,3,3,3,2,2,2,2,2,3,3,3,2,2,2,3,3,2,0,0,0,0,0,0,0,0,0,0,0,0,0,0,0,0,0,0,0,0,0,0,0,0,0,0,0,0
0,0,0,0,0,0,0,0,0,0,0,0,0,0,0,0,0,0,0,0,0,0,0,0,0,0,0,0,0,0,0,0,0,0,0,0,0,0,0,0,0,0,0,0,0,0,0,0,0,0,0,0,0,0,0,0,0,0,0,0,0,0,0,0,0,0,0,0,0,0,0,0,0,0,0,0,0,0,0,0,0,0,0,0,0,0,0,0,0,0,0,0,0,0,0,0,1,2,4,5,7,8,10,12,13,13,14,14,14,15,15,15,16,16,16,16,16,16,16,16,16,16,16,16,16,15,15,15,15,14,14,14,13,13,12,11,11,11,11,11,11,10,10,9,8,7,6,4,3,3,2,2,3,3,3,3,3,3,3,3,3,3,3,3,3,3,3,3,3,3,3,3,3,3,3,3,3,3,3,3,3,3,3,3,3,3,3,3,3,3,3,3,3,3,3,3,3,2,2,2,3,3,3,3,3,3,3,2,2,3,3,1,0,0,0,0,0,0,0,0,0,0,0,0,0,0,0,0,0,0,0,0,0,0,0,0,0,0,0,0
0,0,0,0,0,0,0,0,0,0,0,0,0,0,0,0,0,0,0,0,0,0,0,0,0,0,0,0,0,0,0,0,0,0,0,0,0,0,0,0,0,0,0,0,0,0,0,0,0,0,0,0,0,0,0,0,0,0,0,0,0,0,0,0,0,0,0,0,0,0,0,0,0,0,0,0,0,0,0,0,0,0,0,0,0,0,0,0,0,0,0,0,0,0,0,0,0,0,0,0,0,0,0,0,0,1,3,4,5,7,9,9,11,11,11,12,12,12,12,12,12,12,11,11,11,11,10,10,10,10,9,9,8,7,6,6,6,6,5,5,5,4,4,4,4,3,3,2,2,3,2,3,3,3,3,3,3,3,3,3,3,3,3,3,3,3,3,3,3,3,3,3,3,3,3,3,3,3,3,3,3,3,3,3,3,3,3,3,3,3,3,3,3,3,3,3,3,2,2,2,3,3,3,3,3,3,3,3,3,3,3,0,0,0,0,0,0,0,0,0,0,0,0,0,0,0,0,0,0,0,0,0,0,0,0,0,0,0,0,0
