4,4,4,4,4,4,4,4,4,4,4,4,4,4,4,4,4,4,4,4,4,4,4,4,2,4,6,6,3,2,4,4,4,4,4,3,3,3,3,3,4,4,4,4,4,4,4,4,4,4,4,4,4,4,4,4,2,4,5,5,4,4,4,4,4,4,4,4,4,4,4,4,3,3,3,3,3,4,4,4,4,4,3,3,3,3,3,3,4,4,4,4,4,5,4,4,3,3,2,3,5,7,7,1,2,2,2,7,13,23,37,49,52,53,59,65,74,78,77,68,63,58,55,51,45,39,32,24,14,7,3,0,1,3,2,5,4,4,6,7,8,6,5,4,5,4,4,4,4,4,4,4,4,4,4,4,4,4,4,4,4,4,4,4,4,4,3,3,3,3,3,3,3,3,3,3,3,3,3,3,3,3,3,3,3,3,3,4,4,4,4,4,4,3,3,2,3,4,3,3,3,3,3,4,4,4,4,4,4,4,4,4,4,4,5,4,4,3,3,3,3,3,3,3,2,2,3,3,4,3,3,3,3,3,3,3,3,3,3,3
3,3,3,4,4,4,4,4,4,4,4,4,4,4,3,4,4,5,5,5,5,5,5,5,4,4,4,4,4,4,5,5,5,5,5,3,3,3,3,3,4,4,4,4,4,4,4,4,4,4,4,4,4,4,4,4,3,4,6,6,5,4,4,4,4,4,4,4,4,4,4,4,4,4,4,4,4,4,4,4,4,4,4,4,4,4,4,5,5,5,5,5,5,6,5,5,4,4,7,2,1,2,6,19,34,57,79,96,107,115,125,131,132,129,127,132,140,148,149,143,138,135,136,136,131,128,129,131,123,110,91,70,57,47,38,20,12,7,4,0,1,0,0,1,5,4,4,4,4,4,4,4,4,5,6,5,4,4,4,4,4,5,5,5,5,5,4,4,4,4,4,4,3,3,3,3,3,3,3,3,3,3,2,2,3,3,4,4,4,4,4,4,4,3,3,2,3,4,4,4,4,4,4,5,5,5,5,5,5,5,5,5,5,5,6,5,5,4,4,3,3,3,3,3,2,2,3,3,4,3,3,3,3,3,3,3,3,3,3,3
3,3,3,4,4,4,4,4,4,4,4,4,4,4,3,3,4,5,5,4,4,5,5,5,6,4,2,3,4,6,5,5,5,4,4,3,3,3,3,3,5,4,4,4,4,4,4,4,5,5,5,4,4,4,4,4,4,5,6,6,5,4,4,4,4,4,4,4,4,4,4,4,4,4,4,4,4,4,4,4,4,4,5,6,7,7,6,5,5,5,4,5,7,4,6,4,2,1,4,19,45,71,92,115,129,139,139,135,134,131,130,128,129,133,131,131,134,136,134,130,123,119,120,119,119,118,122,130,134,137,137,133,134,134,135,131,112,94,72,59,36,28,16,9,1,2,2,3,4,4,4,5,4,3,3,5,2,5,5,4,4,5,5,5,5,5,4,4,4,5,5,5,4,4,4,3,3,3,3,3,4,4,2,2,3,3,4,3,4,4,4,4,5,4,3,3,4,5,4,4,4,4,3,5,5,5,5,5,5,5,5,5,5,5,5,5,4,4,4,3,3,3,3,3,3,3,3,4,4,4,4,4,4,4,4,3,3,3,3,3
4,4,4,4,4,4,4,4,4,3,4,4,5,5,4,4,4,4,4,3,3,4,5,5,5,4,3,3,4,5,5,4,4,3,3,3,3,3,3,3,5,5,5,5,5,4,3,3,5,7,7,4,4,4,4,4,5,5,5,5,5,3,4,5,5,4,3,3,4,4,5,5,5,5,5,5,5,5,5,5,5,5,4,5,7,6,5,2,3,7,4,2,2,6,6,14,39,58,93,108,129,140,146,142,138,130,124,133,150,162,166,165,167,172,173,174,179,181,181,154,143,133,132,130,127,124,121,116,107,104,106,109,115,125,131,136,136,137,138,135,136,126,113,99,77,51,34,17,6,3,1,0,4,4,4,3,6,6,3,2,5,6,5,4,5,5,5,5,5,5,5,5,6,5,5,4,4,3,4,4,5,5,3,3,3,3,3,3,4,4,4,4,4,4,5,5,6,6,5,5,4,3,3,5,5,5,5,5,4,4,4,4,4,4,4,4,3,4,5,4,4,4,4,4,4,4,4,4,4,5,5,5,5,5,5,4,4,4,4,4
4,4,4,3,3,4,4,5,5,4,4,4,4,4,4,4,4,4,4,3,3,4,5,5,5,4,3,3,4,5,4,4,4,4,4,3,3,3,3,3,5,5,5,5,5,4,3,3,4,5,5,4,4,4,4,4,5,5,5,5,5,4,5,6,6,4,3,3,4,4,5,5,5,5,5,5,5,5,5,5,5,5,4,4,4,4,3,7,7,1,4,19,36,62,87,110,127,135,141,141,137,133,132,140,148,157,169,181,185,180,178,183,194,202,202,197,194,189,184,179,182,193,204,206,206,200,198,194,176,158,144,136,132,126,117,118,118,123,129,132,130,132,139,143,140,145,139,121,89,56,31,17,5,1,3,6,7,6,5,3,3,6,5,4,5,5,7,6,5,5,4,3,5,5,5,5,5,4,4,5,5,6,4,4,4,4,4,6,7,6,4,3,4,5,5,5,5,5,5,5,4,3,3,4,4,4,4,4,4,4,4,4,4,4,4,4,3,4,5,4,4,4,4,4,4,4,4,4,4,4,4,4,4,4,4,4,4,4,4,4
4,4,4,2,2,4,4,6,6,5,4,4,3,3,4,4,4,4,4,3,3,4,5,5,5,4,3,3,4,4,3,4,4,5,5,3,3,3,3,3,5,5,5,5,5,4,4,3,3,3,4,4,4,4,4,4,5,5,5,5,5,5,6,6,6,5,4,3,4,4,5,5,5,5,5,5,5,5,5,5,5,5,4,3,3,5,7,2,7,31,66,104,127,132,131,126,122,123,123,131,142,150,161,165,174,186,193,191,190,184,177,177,179,179,176,178,181,179,174,164,174,191,199,191,174,170,171,180,186,195,204,204,202,197,192,183,168,151,130,115,111,114,119,123,126,128,138,153,158,146,130,108,75,48,25,10,2,0,2,6,7,6,5,4,5,5,5,5,5,5,5,5,4,5,5,6,6,5,5,6,6,7,5,5,5,5,5,5,6,6,5,5,6,6,5,5,4,4,5,5,4,3,3,3,3,3,3,3,4,4,4,4,4,4,4,4,3,4,5,4,4,4,4,4,4,4,4,4,4,3,3,3,3,3,3,4,4,4,4,4
5,5,5,3,3,3,3,5,5,5,4,4,3,3,4,4,4,4,4,4,4,4,4,4,4,4,4,4,4,4,3,4,4,5,6,4,4,4,3,3,5,5,5,5,5,4,3,2,2,3,4,4,4,4,4,4,5,4,4,4,5,5,6,6,6,6,4,4,4,4,5,5,4,6,5,5,5,6,5,5,5,5,6,1,1,5,17,43,80,118,138,136,129,122,120,117,123,130,150,166,183,191,195,198,190,180,175,174,174,175,183,190,188,182,178,183,188,185,176,176,177,182,181,172,170,171,168,159,156,153,155,165,175,184,192,198,198,196,191,188,191,189,179,161,140,131,124,119,122,130,135,134,137,138,122,103,79,53,25,7,0,7,3,5,5,5,4,3,4,4,5,6,4,5,5,7,6,6,6,6,7,7,5,5,5,5,5,4,5,5,5,6,6,5,5,5,4,4,5,5,4,4,4,4,4,4,4,4,4,4,4,4,4,4,4,4,3,4,4,4,4,4,4,4,4,4,4,4,4,3,3,4,4,3,3,4,4,4,4,5
6,6,6,4,4,2,3,4,4,4,4,4,4,4,3,3,3,3,3,4,4,4,4,4,4,4,4,4,4,4,5,5,5,5,5,6,6,5,4,4,4,5,6,5,5,4,4,3,3,4,4,5,5,4,3,3,3,2,2,3,6,5,5,5,5,5,5,5,5,5,5,5,5,4,4,4,5,0,7,6,2,2,6,24,52,77,103,121,129,131,126,126,131,142,165,174,174,174,173,180,183,181,179,165,162,164,172,179,179,174,171,167,163,157,153,153,158,158,150,145,151,159,166,169,176,183,187,183,178,172,165,163,159,154,149,148,153,158,170,180,197,203,202,192,191,186,173,149,120,106,101,109,126,131,133,138,145,131,116,93,71,38,16,4,2,7,8,6,5,6,6,4,5,5,6,6,7,6,6,6,6,6,7,6,6,6,7,6,5,4,4,3,3,4,4,4,4,4,5,5,5,5,5,5,5,5,5,5,4,4,4,4,4,4,3,3,3,3,3,4,4,4,4,4,4,4,4,4,4,4,4,5,5,4,3,2,3,3,4,5
5,5,5,4,4,4,4,4,4,4,4,4,4,4,4,4,4,4,4,2,3,4,5,5,7,5,3,3,5,7,6,6,5,4,3,5,5,5,5,5,4,5,6,5,5,6,5,4,4,5,6,5,5,4,3,3,3,3,4,4,5,4,4,4,4,4,5,5,5,5,5,5,5,4,6,6,2,4,2,1,13,47,88,118,130,139,137,125,123,121,135,161,182,188,184,175,174,182,180,171,168,168,165,158,151,147,144,135,123,107,87,68,58,51,45,39,35,32,26,30,32,39,48,56,62,71,84,102,120,137,152,166,177,182,186,181,164,153,151,151,149,165,178,181,180,191,199,199,185,168,158,150,131,115,115,123,122,132,148,155,153,149,115,68,34,9,7,4,1,5,5,2,3,3,4,4,5,5,5,5,5,5,5,5,5,5,5,4,4,4,4,4,4,4,4,4,4,4,4,4,4,4,4,4,4,4,4,4,3,3,3,3,3,3,4,4,4,4,4,4,4,4,4,4,4,4,4,4,4,4,4,6,6,5,4,2,2,3,3,3
4,4,4,4,4,5,5,4,4,4,4,4,4,4,5,5,5,5,5,3,4,4,4,4,5,6,6,5,6,6,5,5,5,5,5,4,5,5,5,6,4,5,6,5,5,4,5,4,4,5,5,5,5,4,3,3,3,4,6,6,5,5,5,5,5,5,5,5,5,5,5,5,6,5,0,0,7,15,46,83,114,142,138,134,127,126,127,128,138,159,183,198,203,194,188,188,187,182,167,153,150,154,148,121,98,74,55,36,22,17,10,8,8,5,4,7,8,11,12,9,7,4,2,2,5,6,6,9,15,23,35,52,70,95,115,142,167,188,192,188,191,181,172,169,167,162,170,181,190,197,201,203,200,191,169,149,131,127,120,122,131,134,150,158,145,104,56,27,6,2,4,3,4,4,5,5,6,6,6,6,6,6,3,3,3,3,3,3,3,4,4,5,5,4,4,4,4,4,3,3,3,3,3,3,3,3,3,3,4,4,4,4,4,4,5,5,5,5,5,4,4,4,4,4,4,4,4,4,4,5,5,6,6,6,5,6,5,4,4,3
4,4,4,4,5,7,7,4,4,4,4,4,4,4,4,4,4,4,4,6,5,4,3,3,3,5,7,7,5,3,3,4,5,6,7,4,5,5,6,6,4,5,6,5,5,4,3,3,3,3,4,5,5,4,3,3,3,5,6,5,4,6,7,7,7,7,5,6,5,5,6,3,1,8,20,51,84,120,132,143,137,127,123,113,123,141,166,187,198,208,207,191,173,166,160,170,172,160,139,118,98,79,48,29,16,7,10,9,7,8,10,12,11,10,13,15,15,14,14,16,16,17,17,16,9,9,9,7,9,8,8,8,5,7,15,29,41,56,83,112,143,169,189,188,193,197,188,170,157,163,176,191,203,201,201,204,192,174,162,154,140,123,121,126,144,154,147,113,68,33,13,3,4,6,6,5,7,7,5,6,7,6,5,5,5,5,5,4,4,4,4,5,5,4,4,4,4,4,3,3,3,3,3,3,3,3,3,4,4,5,5,5,5,5,5,5,5,5,5,4,4,4,4,4,4,4,4,4,4,5,6,6,6,6,5,7,7,6,5,6
5,5,5,6,7,6,5,5,5,5,5,5,5,5,4,4,4,4,4,4,4,4,4,4,4,4,4,4,4,4,4,5,6,7,8,6,6,6,6,6,4,5,5,5,6,5,5,4,5,5,5,4,4,5,5,5,8,7,6,6,6,3,4,5,6,4,8,6,8,8,5,6,19,63,102,129,143,131,127,121,125,135,163,182,198,208,207,199,197,188,187,191,187,178,151,131,105,83,60,43,26,18,7,12,11,10,11,10,10,12,12,11,20,31,29,29,27,25,29,25,24,25,27,26,20,17,15,17,16,13,11,11,8,4,2,2,4,3,6,16,23,38,52,70,107,141,172,195,194,186,185,179,173,168,173,181,187,190,196,209,205,184,154,132,125,131,138,143,145,127,95,63,25,6,5,3,4,8,5,6,6,3,5,4,3,4,4,6,6,4,4,5,5,4,4,4,4,4,4,4,4,4,4,3,3,4,5,5,4,4,4,4,4,4,4,4,4,4,4,4,4,4,4,4,3,3,4,4,5,5,5,5,5,5,5,6,6,5,6,7
4,4,4,5,5,5,5,5,5,6,6,6,6,6,5,5,5,5,5,4,4,4,4,4,6,6,6,6,6,5,5,5,5,6,7,5,5,5,5,5,7,6,5,4,4,7,8,6,6,5,5,5,5,7,7,8,6,6,6,5,5,2,4,5,5,5,9,5,12,7,12,53,105,137,132,123,108,111,121,145,169,184,187,186,179,180,180,179,175,162,147,139,134,110,75,46,25,12,15,9,7,10,12,8,10,12,16,22,28,32,30,24,27,35,48,46,43,41,43,45,46,46,41,31,20,19,21,24,22,17,17,19,19,16,14,15,16,12,9,11,12,10,7,4,3,14,39,68,98,127,152,172,187,184,167,155,155,159,173,189,198,201,199,180,153,133,132,128,125,130,135,138,120,76,44,17,1,3,7,8,6,3,5,4,3,4,4,5,5,5,5,5,5,4,4,4,4,4,4,4,4,4,4,3,3,4,5,5,4,4,4,4,4,4,4,4,4,4,4,4,4,4,4,4,3,3,4,4,5,4,4,4,4,4,4,6,5,4,5,6
3,3,3,4,4,4,5,5,5,5,5,5,5,5,4,4,4,4,4,4,4,4,4,4,5,6,6,6,6,5,4,4,4,4,4,4,4,4,4,4,6,5,5,5,4,5,5,6,5,5,5,6,6,5,4,4,4,4,3,3,2,4,5,7,7,7,4,0,7,31,81,135,143,133,114,115,128,159,178,198,200,195,168,162,156,169,181,179,158,132,101,66,44,27,13,7,11,15,10,11,12,13,14,21,24,21,17,24,32,43,55,56,55,56,56,54,49,46,47,53,54,54,46,31,22,19,18,19,18,16,16,17,20,23,25,26,23,21,19,17,16,12,9,10,10,3,3,3,6,18,32,52,91,134,173,195,180,174,171,162,160,180,203,211,197,170,138,125,118,120,125,129,143,155,144,105,64,20,7,0,4,4,5,4,3,4,4,4,5,6,6,5,4,4,4,4,4,4,4,4,4,4,4,3,3,4,5,5,4,4,4,4,4,4,4,4,4,4,4,4,4,4,4,4,3,3,4,4,5,4,3,3,3,3,3,5,4,4,4,5
3,3,4,3,3,4,5,5,4,4,4,4,4,4,3,3,3,3,3,4,4,4,4,4,5,5,5,5,5,5,6,6,6,6,6,4,4,4,4,4,4,4,5,6,6,4,2,4,4,5,6,6,5,3,2,1,6,5,5,4,3,3,3,5,5,4,7,36,79,130,148,136,123,120,133,154,187,199,194,173,154,148,166,190,204,194,151,112,70,35,24,17,14,11,14,16,14,11,16,20,24,25,27,19,23,24,25,37,48,56,66,67,66,67,65,64,58,54,55,65,62,61,60,56,57,52,45,40,37,34,32,27,26,31,35,36,29,26,28,29,26,25,21,18,18,18,17,12,5,4,5,5,9,25,53,76,109,127,150,152,157,142,146,148,161,174,188,182,165,146,128,116,111,112,134,157,147,118,62,19,10,7,5,4,3,3,4,4,4,6,6,4,3,4,4,4,4,4,4,4,4,4,4,3,3,4,4,5,4,4,4,4,4,4,4,4,4,4,4,4,4,4,4,4,3,3,4,4,5,4,3,3,3,3,3,5,4,3,4,5
5,6,6,4,5,6,6,5,4,4,4,3,2,2,4,4,4,4,4,3,4,4,5,5,5,5,5,5,5,4,4,6,6,6,5,5,5,5,5,5,7,6,6,6,7,5,5,5,5,5,5,6,6,5,4,4,6,8,7,6,5,2,3,4,9,48,92,128,147,143,132,118,123,158,190,204,203,191,172,156,162,177,185,167,120,81,45,26,19,10,13,15,12,13,16,21,25,27,31,31,32,33,33,37,43,50,60,72,84,89,86,76,69,67,60,61,59,58,61,63,70,76,76,75,72,69,66,63,62,63,61,54,48,46,47,52,54,49,40,35,37,32,24,23,25,27,24,20,15,13,9,7,5,5,9,13,23,52,86,126,157,175,176,167,156,164,176,184,195,197,186,172,152,128,118,125,132,141,132,109,65,22,5,4,6,8,5,3,4,4,4,4,4,5,5,5,5,5,5,5,5,5,5,3,3,3,3,3,3,4,4,4,5,5,4,4,4,4,4,4,4,4,4,4,3,3,4,4,5,4,4,4,4,4,4,5,5,5,5,5
5,5,5,4,5,6,6,5,4,4,4,4,4,3,5,5,5,5,5,4,4,5,5,6,5,5,5,5,5,4,4,6,6,6,5,5,5,5,5,5,6,5,4,5,5,5,5,5,5,5,5,5,5,5,5,5,2,5,9,4,4,4,13,51,104,139,144,145,139,126,127,141,173,202,202,181,168,159,172,194,195,176,124,71,34,19,20,20,13,13,18,21,20,20,28,34,39,40,36,37,40,46,52,61,68,76,83,86,88,88,84,78,71,66,58,50,51,55,53,57,53,44,34,30,28,28,28,30,31,30,31,37,42,47,49,51,55,56,58,63,54,51,46,42,41,34,31,27,23,21,18,12,13,18,18,13,12,10,15,38,61,105,149,176,181,173,165,167,168,177,197,214,208,181,158,141,130,135,139,148,136,109,56,26,2,4,10,7,5,5,5,5,5,5,5,5,5,5,5,5,5,5,5,4,4,4,4,4,5,6,6,4,3,3,4,4,4,4,4,4,4,4,4,4,3,3,4,4,5,4,4,4,4,4,4,4,4,4,4,4
5,5,4,4,5,6,6,5,4,4,4,5,5,5,6,6,6,6,6,5,5,5,6,6,5,5,5,5,5,4,4,6,6,6,5,5,5,5,5,5,6,6,5,5,6,5,5,5,5,5,5,4,5,5,5,6,9,3,5,0,8,51,108,146,141,133,122,107,108,133,168,196,189,179,175,179,180,185,168,142,102,54,26,8,11,12,13,16,14,12,16,23,31,39,48,54,55,52,50,58,69,76,79,75,70,69,75,80,80,71,60,47,34,24,13,8,9,17,23,23,22,17,16,22,25,26,26,25,23,20,14,10,7,8,9,19,35,49,57,61,65,68,69,66,58,49,46,43,39,37,36,32,28,28,31,32,19,15,12,10,8,17,38,75,121,161,183,185,168,147,149,166,191,205,209,191,173,140,133,134,143,144,136,95,43,16,5,4,6,6,6,6,6,5,5,5,5,5,5,5,5,5,5,5,5,5,5,5,6,6,6,5,5,5,4,4,4,4,4,4,4,4,4,4,3,3,4,4,5,4,4,4,4,4,4,3,3,3,3,3
5,4,4,4,5,6,5,5,4,4,4,5,6,6,6,6,6,6,6,5,5,6,7,7,5,5,5,5,5,4,4,5,6,6,5,5,5,5,5,5,8,7,6,7,7,6,5,5,5,5,5,4,5,5,6,6,3,8,8,20,75,134,144,134,121,113,121,133,163,197,196,191,184,166,167,158,137,91,64,34,19,10,14,17,14,14,14,14,17,20,24,30,37,56,66,74,75,72,70,72,74,77,77,76,64,51,44,38,36,26,13,9,13,18,30,44,55,66,76,97,100,96,87,81,84,86,83,78,73,71,69,58,43,29,20,12,9,9,19,31,47,51,61,69,72,77,74,68,60,56,52,53,54,49,45,47,52,43,34,29,27,10,10,20,26,62,103,146,181,181,165,154,150,157,165,165,159,152,147,139,135,132,146,149,137,98,46,14,7,6,6,6,6,5,5,5,5,5,5,5,5,5,5,5,5,5,5,5,4,5,6,6,7,7,4,4,4,4,4,4,4,4,4,4,3,3,4,4,5,4,4,4,4,4,4,3,3,3,3,3
4,5,5,5,5,5,5,5,5,4,5,5,6,6,5,5,5,6,6,5,5,5,5,5,4,4,4,4,4,4,4,4,4,4,4,7,7,6,5,5,5,6,6,6,6,5,4,5,5,6,7,7,2,3,6,6,0,12,44,100,142,144,127,114,114,143,178,202,207,190,176,168,184,189,166,112,60,30,23,15,13,14,21,19,19,21,23,26,31,37,45,52,56,64,71,76,76,74,77,80,71,62,44,30,26,20,14,11,10,18,35,54,70,80,65,34,25,32,53,97,117,116,84,56,68,75,74,67,64,67,70,74,75,69,59,41,26,19,15,11,13,22,37,49,57,57,59,66,74,77,74,69,71,69,64,60,61,57,50,39,32,19,17,17,11,13,24,52,89,139,175,183,173,161,159,170,171,177,173,164,151,140,135,139,152,158,141,111,55,14,9,5,2,1,1,7,4,5,5,4,3,4,5,3,5,5,6,6,5,5,5,6,6,6,4,4,4,5,7,5,5,4,4,3,3,4,5,5,4,3,3,3,4,4,4,4,3,2,2,2
5,5,6,7,7,7,7,7,6,5,5,5,5,5,7,7,5,5,4,5,5,5,5,5,4,4,4,4,4,4,5,5,5,5,5,6,6,6,6,6,3,4,5,6,7,5,4,5,5,6,7,8,10,11,10,7,28,75,122,139,129,119,109,129,173,209,212,193,163,154,164,168,161,118,75,36,16,10,14,15,14,15,18,23,28,32,38,44,51,62,72,76,77,74,73,73,69,64,55,57,43,25,13,12,14,14,24,50,77,108,123,131,117,63,17,3,8,12,24,49,79,103,99,87,75,65,59,56,51,48,48,51,59,65,65,62,52,47,45,41,21,17,8,11,25,42,57,67,67,65,68,75,81,82,79,75,72,71,68,65,64,56,44,27,14,10,11,12,15,38,84,129,170,194,192,182,169,170,179,185,181,173,161,143,131,138,150,157,144,103,42,12,10,6,7,9,3,7,6,4,4,4,6,6,5,3,4,7,9,9,7,7,6,6,4,4,4,5,7,6,5,5,4,4,3,4,5,5,4,3,3,5,6,7,8,6,6,5,4,4
5,6,6,7,7,7,7,7,7,6,5,5,4,4,4,4,4,3,3,5,5,5,5,5,4,4,4,4,4,5,6,6,6,6,6,5,6,6,6,7,5,5,4,4,4,4,4,5,5,6,7,9,3,0,20,49,114,145,141,121,116,113,141,185,211,192,164,162,168,178,161,121,72,30,14,9,9,19,23,22,21,26,35,45,53,57,63,68,70,76,78,77,74,68,68,72,68,59,36,25,14,10,19,33,48,68,86,102,111,118,115,120,107,53,15,9,10,4,15,28,66,104,101,74,52,47,49,57,60,59,56,54,59,65,67,63,56,54,51,42,39,28,17,10,1,7,24,43,55,58,56,55,62,68,73,74,75,69,63,60,60,60,64,59,50,33,20,12,11,10,18,36,74,130,163,181,180,175,173,174,180,187,179,161,141,136,140,143,147,148,131,83,31,8,1,5,4,5,6,5,5,5,6,5,4,4,5,6,7,7,7,6,6,6,4,4,4,5,7,7,6,6,5,5,3,4,5,5,4,3,3,4,5,6,6,6,6,5,4,4
6,7,7,6,6,6,6,6,6,6,6,5,4,4,5,5,6,7,8,5,5,5,5,5,4,4,4,4,4,5,6,6,6,6,6,5,5,6,7,7,7,7,5,2,1,3,4,5,5,6,4,0,12,46,105,145,149,130,112,115,116,159,203,213,184,157,153,174,180,141,80,29,14,13,17,16,26,21,30,35,45,64,75,74,66,60,70,81,82,80,73,67,64,65,60,56,38,17,13,8,24,32,39,38,29,25,33,44,49,47,51,76,85,61,17,4,18,22,23,27,53,81,80,54,41,44,48,52,57,62,63,59,60,62,61,71,67,68,67,60,51,50,59,61,38,16,3,0,15,33,48,60,62,68,74,79,77,81,80,73,65,68,71,66,69,60,50,33,23,19,18,20,19,41,81,144,181,192,181,172,175,181,195,181,162,153,151,142,141,142,145,138,108,56,17,7,6,5,7,6,5,6,7,2,4,7,7,5,3,3,5,5,6,6,4,4,4,5,7,7,7,6,5,5,3,4,5,4,4,3,3,3,3,2,2,5,4,4,3,3
3,4,5,6,6,6,6,6,6,6,6,6,6,7,4,4,4,4,4,3,4,4,5,5,4,4,4,4,4,5,7,7,7,6,4,5,5,5,5,5,7,6,6,6,5,7,8,8,9,8,8,35,87,128,149,142,127,116,129,149,183,194,189,165,155,163,174,154,104,45,15,12,20,26,27,28,30,38,52,61,62,67,69,72,71,71,76,82,83,74,73,80,77,63,42,23,22,29,48,56,58,38,12,3,6,15,33,50,58,46,30,34,44,46,28,5,8,10,19,34,55,63,51,43,43,48,55,61,63,62,62,64,64,64,62,55,55,56,63,68,67,63,68,75,73,71,52,30,18,11,9,25,49,69,79,81,82,79,80,86,90,87,78,67,63,65,69,65,58,53,47,39,26,20,21,54,99,161,187,191,187,184,186,186,186,190,182,160,148,141,141,145,148,138,96,51,21,4,9,0,4,5,3,5,5,5,6,6,5,5,5,5,5,5,4,5,6,6,5,8,5,3,4,5,5,4,3,3,4,5,4,5,5,6,6,5,5,5,5,5
4,5,5,6,6,6,6,6,5,4,6,6,8,8,4,4,4,4,4,4,4,5,5,6,5,5,5,5,5,5,7,7,7,6,4,4,4,4,4,4,4,4,5,6,7,2,13,10,0,27,77,124,152,142,123,121,125,150,183,211,202,175,158,157,177,168,130,62,20,16,16,25,28,38,43,46,48,54,59,62,65,70,81,84,87,82,74,67,69,75,74,61,42,25,14,21,45,60,72,64,54,43,36,29,28,31,43,56,64,62,53,47,48,53,56,48,29,3,2,36,61,74,61,55,63,65,66,66,64,64,64,64,63,62,60,61,57,53,51,50,54,49,53,65,74,79,79,76,70,56,40,25,17,20,40,59,75,80,80,81,88,88,86,82,77,72,69,64,61,64,67,67,56,37,17,12,26,52,101,152,182,195,187,184,181,194,207,213,206,183,151,137,136,143,153,141,93,42,6,9,9,2,6,5,4,4,3,3,4,5,5,5,5,5,4,5,6,6,5,6,5,5,5,5,5,4,3,3,4,5,4,5,5,6,6,4,4,4,4,4
5,5,5,6,6,6,6,6,6,6,6,6,6,6,4,4,4,4,4,5,5,5,6,6,6,6,6,6,6,6,7,7,7,6,4,5,5,5,5,5,4,4,4,5,5,8,0,6,60,113,139,143,133,121,116,125,161,187,199,190,157,153,168,174,152,88,42,17,13,20,25,39,48,52,54,57,60,62,72,85,90,88,88,85,83,80,72,75,75,62,36,15,17,25,45,62,66,60,53,51,49,50,53,57,55,54,52,54,55,60,66,59,48,40,36,34,28,34,51,64,73,72,64,65,63,61,61,64,67,69,68,64,60,58,58,54,57,58,57,56,46,39,34,41,53,70,76,79,79,76,72,70,57,33,16,15,29,56,79,86,86,84,80,79,86,95,103,94,82,75,71,70,64,57,43,20,11,13,25,56,109,168,205,212,193,173,175,186,193,196,190,181,175,165,150,155,155,132,73,20,2,10,6,6,6,5,3,3,4,5,5,5,5,5,4,5,6,6,5,3,5,6,6,5,5,4,3,3,4,5,4,5,5,6,6,3,3,3,3,3
5,5,5,6,6,6,6,6,7,9,8,5,3,3,4,4,4,4,4,5,5,6,7,7,6,6,6,6,6,6,7,7,7,6,4,7,7,7,7,7,6,5,4,3,3,1,33,90,139,149,142,125,120,126,147,179,188,191,177,159,167,172,174,127,63,25,14,22,24,33,51,58,65,66,67,73,80,79,76,79,86,91,86,75,65,66,67,59,35,19,21,29,43,58,58,54,55,63,66,62,58,59,60,59,61,64,64,61,59,57,55,59,63,63,53,46,52,71,79,72,67,64,63,62,62,68,74,75,70,65,61,59,59,60,62,66,56,50,51,56,60,57,48,37,31,28,37,51,62,69,72,68,67,78,69,47,27,14,18,43,61,85,83,83,81,81,85,87,90,87,76,68,63,61,61,46,39,24,19,16,33,80,145,184,214,211,186,169,171,184,199,199,190,173,151,139,150,155,151,106,47,7,8,9,8,7,5,4,5,5,5,5,5,5,3,5,6,6,5,2,5,7,6,6,5,4,3,3,4,5,4,5,5,6,6,3,3,3,3,3
6,6,6,6,5,4,4,5,7,7,7,6,6,5,5,5,5,5,5,3,4,6,6,6,5,5,5,5,5,6,7,7,6,5,5,8,7,5,5,8,10,6,1,2,39,90,144,161,147,136,119,126,153,186,203,196,173,151,161,186,190,140,89,39,18,15,23,31,44,60,67,66,64,64,69,73,72,79,75,68,69,78,87,82,66,43,22,14,15,22,31,40,44,47,51,53,58,63,64,62,61,63,67,69,69,67,64,63,63,63,60,58,59,59,58,58,64,71,74,64,58,58,62,64,64,67,71,72,71,70,68,65,62,62,62,60,58,56,56,57,56,52,52,53,48,40,38,40,50,61,68,67,66,67,67,64,64,49,32,19,12,30,45,65,74,77,78,79,83,93,99,101,94,74,53,46,50,52,37,21,17,20,44,82,151,217,233,215,199,182,171,175,187,195,180,150,134,141,154,158,131,87,41,5,11,10,1,2,6,6,6,6,6,6,5,5,5,5,5,6,6,5,4,4,5,5,5,5,5,4,4,4,4,4,4,3,3,3,4,6
5,5,5,6,5,4,4,5,6,5,5,4,3,3,5,5,5,5,5,2,4,5,7,7,6,6,6,6,6,6,7,7,6,5,5,4,4,7,8,2,3,0,32,86,138,148,143,136,120,119,135,164,196,203,178,156,150,163,190,172,112,51,10,10,21,35,50,58,65,63,61,64,75,77,80,77,71,65,69,70,70,71,55,44,22,7,9,19,32,41,39,43,51,62,65,62,55,52,57,58,62,68,74,78,76,72,67,64,65,65,62,58,55,54,55,55,61,67,67,68,64,62,64,65,67,70,72,74,74,73,72,69,66,63,62,62,61,58,58,57,60,55,52,53,56,59,57,52,52,56,59,60,66,71,69,64,60,61,65,57,39,19,14,13,27,53,74,85,89,86,83,86,85,80,72,66,63,55,52,44,31,18,10,18,47,78,146,210,233,233,216,215,221,219,215,197,165,142,145,148,155,145,114,81,37,5,9,9,6,7,6,6,5,5,5,5,5,5,5,6,6,5,4,4,5,5,5,5,5,5,5,5,5,5,5,4,3,3,4,5
6,6,6,6,5,4,4,5,6,5,4,4,3,3,5,5,5,5,5,5,6,6,5,4,6,7,7,7,7,7,7,7,6,5,5,6,4,2,3,6,40,91,138,149,142,127,119,128,151,173,195,201,186,156,146,158,194,193,143,68,27,17,22,35,38,48,65,70,72,74,80,85,81,77,79,81,81,78,73,63,49,33,23,14,15,33,45,47,41,29,27,44,64,72,67,60,54,55,56,59,64,68,72,75,74,71,68,66,65,65,66,64,63,61,61,61,64,66,64,62,63,62,61,64,69,69,71,74,75,75,74,72,70,67,65,65,64,62,60,57,55,59,59,57,57,54,57,61,63,61,58,56,57,62,67,67,58,49,52,64,69,72,53,22,8,11,23,42,62,75,79,77,69,65,70,84,92,89,81,76,66,53,36,11,7,12,41,78,122,167,197,201,185,179,192,216,207,175,140,138,139,137,140,132,114,70,26,9,8,8,6,6,4,4,5,5,5,5,5,6,6,5,4,4,5,5,5,5,5,5,6,6,6,6,6,5,4,3,3,4
7,7,7,6,5,4,4,5,6,6,5,5,4,4,5,5,5,5,6,1,3,5,7,7,7,7,7,7,7,7,7,7,6,5,5,6,7,9,46,98,125,136,132,130,125,123,130,137,171,202,203,186,162,164,186,198,161,101,43,22,15,21,46,51,62,71,67,67,71,80,80,75,74,71,71,71,69,50,34,18,13,8,24,45,65,64,55,52,51,50,55,60,60,59,62,62,62,65,67,67,70,71,71,72,72,72,72,72,71,71,72,70,67,63,61,59,60,59,54,54,58,58,58,63,68,69,70,71,74,74,74,74,73,69,68,66,66,65,60,57,57,61,58,55,58,61,60,59,58,57,59,62,62,64,62,58,64,62,58,56,58,65,72,68,47,22,11,7,12,38,63,74,76,82,93,96,90,87,83,86,87,78,66,55,35,15,11,14,42,68,123,187,212,205,191,193,199,198,182,152,144,143,147,147,138,123,92,42,11,7,6,6,4,4,5,5,5,5,5,6,6,5,4,4,5,5,5,5,5,5,6,6,6,6,6,6,4,3,3,3
4,4,4,5,5,5,5,5,4,5,5,6,5,4,7,5,4,4,5,5,4,4,5,6,5,5,5,5,5,4,4,5,5,4,2,7,41,87,108,117,115,120,131,123,123,131,148,178,200,187,166,156,166,195,178,130,57,19,13,21,33,53,61,72,77,76,72,69,72,74,70,65,67,67,57,32,16,2,8,17,29,40,53,59,64,64,59,58,58,57,59,64,67,66,64,62,61,61,63,66,69,67,63,66,67,66,65,69,76,78,74,70,66,63,58,60,51,43,42,50,62,68,64,63,68,69,69,69,70,71,74,77,77,74,70,65,64,64,63,63,65,63,61,60,60,59,61,63,64,64,65,64,63,62,62,62,61,64,65,59,53,46,50,60,67,64,51,32,21,15,21,41,60,80,90,87,83,80,82,85,77,62,59,65,66,51,29,18,12,20,41,90,157,208,216,183,157,167,193,198,176,153,139,140,144,138,134,101,56,26,10,11,7,7,5,5,6,5,5,4,4,4,4,4,4,4,5,5,6,7,7,6,6,5,5,5,5,4,3,3
4,3,4,5,5,5,5,5,4,4,5,5,5,3,6,5,6,7,9,5,4,4,5,6,5,5,5,5,5,7,3,6,7,3,29,80,118,118,114,112,126,122,115,120,155,190,219,215,165,144,158,196,222,174,90,27,10,17,36,44,51,64,63,65,69,74,79,73,62,60,65,65,55,38,17,5,6,19,34,50,53,48,44,54,67,73,71,63,58,57,60,65,69,68,67,63,60,57,64,68,70,68,62,65,66,66,66,70,76,78,78,74,65,59,59,62,55,45,42,55,66,71,67,67,69,67,65,64,67,70,74,76,76,73,71,66,66,65,64,63,64,66,67,65,63,58,60,65,70,73,71,66,65,65,64,64,62,63,63,60,57,51,48,49,57,67,77,74,63,43,23,15,19,36,61,79,82,80,76,75,77,79,76,74,72,68,63,54,36,19,4,12,43,103,168,192,174,166,159,172,186,189,165,138,128,123,136,131,109,68,23,4,4,6,4,6,7,5,2,5,5,5,5,5,4,4,5,5,6,6,5,5,5,5,5,5,5,4,3,3
6,5,6,5,5,5,5,5,4,3,4,4,3,3,4,5,6,6,6,5,4,4,5,6,5,5,5,5,5,5,2,4,9,38,92,123,122,110,110,111,102,108,136,182,218,211,175,145,158,190,211,194,111,41,11,9,29,40,52,58,67,73,75,76,77,77,72,67,64,53,37,22,7,1,14,38,47,56,51,49,52,58,63,72,78,75,62,57,59,64,66,65,63,64,65,66,64,63,62,61,60,62,63,68,69,70,70,75,76,76,79,77,70,64,60,61,53,45,43,60,68,71,68,69,70,70,70,71,71,73,75,75,75,73,72,71,70,68,66,66,62,63,64,63,61,64,67,69,69,69,68,66,66,65,64,64,62,61,61,61,62,59,56,49,43,43,49,56,67,82,74,52,30,11,9,28,43,64,72,77,74,70,77,80,86,89,89,88,75,54,30,15,8,15,41,110,165,188,186,171,157,169,183,180,160,136,132,144,150,136,90,35,12,7,7,6,5,4,3,6,6,6,6,6,4,4,5,5,6,5,4,4,5,5,5,5,5,4,3,3
3,3,3,5,5,5,5,5,4,3,3,4,3,2,9,10,10,8,5,5,4,4,5,7,6,4,5,5,5,4,4,13,53,109,132,123,105,105,105,120,145,175,206,217,182,153,156,186,218,194,143,68,11,10,19,45,59,65,71,84,93,90,86,77,72,71,72,57,34,18,11,8,17,39,51,51,51,49,59,70,75,76,70,67,63,62,62,61,59,58,58,59,60,64,68,67,65,62,61,64,68,69,69,66,68,68,69,74,77,77,75,70,64,59,65,61,51,46,49,61,68,70,67,69,66,70,76,78,75,74,75,74,74,73,73,75,73,72,70,69,64,63,62,62,65,67,67,69,69,68,66,65,64,64,63,63,63,61,59,62,65,63,62,53,45,47,45,57,54,54,70,78,77,62,38,20,17,23,36,50,65,78,91,86,84,83,83,86,81,72,64,49,25,15,11,19,55,115,169,193,177,147,139,157,175,178,152,137,137,149,145,102,53,13,8,4,1,3,5,6,6,6,6,6,4,4,5,6,6,4,3,3,4,5,5,5,5,4,3,3
6,6,7,5,5,5,5,5,5,5,5,4,3,3,5,6,7,7,8,6,6,5,4,4,6,8,6,4,4,3,21,69,112,126,122,109,101,117,146,178,200,194,178,149,145,165,197,199,138,67,17,12,16,30,49,55,69,78,81,78,81,81,77,74,67,49,30,17,8,14,31,47,59,64,62,58,57,68,69,69,66,61,59,63,67,67,64,61,58,56,57,60,62,65,62,66,68,66,66,69,71,70,68,68,68,70,72,75,78,78,74,68,62,59,61,59,50,44,46,59,67,70,67,69,69,68,69,71,75,76,75,77,77,76,75,77,75,72,69,66,63,62,61,64,67,69,67,66,66,68,69,68,65,62,60,59,63,60,60,63,66,64,60,54,52,54,57,60,57,44,46,57,70,83,82,61,44,24,14,6,19,42,71,85,83,79,77,77,77,81,85,77,62,41,21,10,13,33,73,138,176,171,152,140,151,175,185,162,141,142,147,149,117,66,26,10,9,1,7,6,5,5,5,5,5,5,5,5,5,5,5,5,5,5,5,6,6,6,6,6
4,4,4,4,5,5,5,6,5,5,5,5,5,4,4,4,4,5,4,5,5,5,5,5,7,0,8,4,3,28,69,117,123,111,108,117,151,184,183,172,140,119,107,131,184,201,153,76,15,9,17,24,38,58,78,86,86,82,78,75,75,74,66,46,23,8,2,16,39,57,62,62,62,67,73,74,70,61,61,62,66,69,74,71,66,62,57,56,57,58,58,58,58,55,59,65,70,72,76,76,75,73,69,72,71,72,72,74,73,72,71,68,63,62,64,61,51,44,43,62,68,70,67,69,67,68,69,72,75,76,78,78,77,76,74,75,74,71,68,66,60,60,60,63,67,70,70,70,69,69,70,69,66,65,63,63,62,61,59,61,63,63,60,58,59,60,62,63,61,58,54,51,49,53,58,62,66,66,54,35,19,10,17,38,66,84,85,77,72,72,80,86,87,78,52,27,9,6,17,50,116,176,201,195,179,168,172,172,158,146,141,148,145,124,72,22,8,4,5,5,5,6,6,7,5,5,5,5,5,5,5,5,5,5,5,5,6,6,6,7
4,4,4,3,3,5,5,7,6,5,5,6,6,6,5,4,4,3,3,4,5,5,5,6,8,4,5,0,26,81,115,126,105,96,110,146,184,194,168,139,146,175,219,224,167,103,49,9,7,19,31,49,64,73,75,76,61,61,69,76,75,49,27,0,0,14,31,44,44,35,42,56,65,71,59,48,49,52,60,69,73,74,67,66,64,61,58,58,55,50,50,53,58,64,67,69,72,75,73,74,75,75,75,74,74,73,73,75,74,72,70,69,66,64,67,69,62,55,54,69,73,71,65,68,71,73,74,75,75,73,71,74,76,77,78,78,79,77,74,72,62,61,62,64,67,71,71,71,70,69,68,68,66,65,65,66,64,64,63,63,62,62,61,61,63,64,64,64,67,70,69,65,63,60,59,60,61,58,58,54,44,32,25,13,15,32,61,80,84,85,78,67,60,69,71,60,35,10,4,10,42,93,144,181,186,182,172,173,172,152,126,131,148,147,135,86,43,15,10,7,7,6,6,6,5,5,5,5,5,5,5,5,5,5,5,4,5,6,7,8
6,5,5,3,3,5,5,7,6,5,6,6,7,7,7,6,5,4,4,4,4,5,6,6,8,8,4,33,87,120,118,100,94,129,173,178,167,161,170,166,159,184,182,143,61,17,9,14,22,35,58,71,71,63,59,60,62,70,85,72,33,9,6,21,45,59,64,60,58,68,70,67,62,46,39,43,48,63,65,66,65,62,63,66,68,66,62,57,55,54,53,52,53,61,66,66,67,73,73,72,71,71,72,74,74,74,75,77,76,74,72,69,66,64,63,67,61,55,56,60,65,65,63,69,73,73,74,72,69,71,76,77,78,77,77,80,79,78,76,75,68,66,65,65,66,69,70,71,70,66,65,65,64,64,66,67,61,62,62,60,59,62,62,62,62,62,64,67,68,66,67,70,69,64,61,59,59,62,56,56,57,52,59,46,32,13,15,21,39,70,90,92,86,78,67,59,62,53,25,8,3,17,53,94,150,189,179,171,182,183,155,125,132,144,146,139,109,56,19,8,9,7,6,3,5,5,5,5,5,5,5,5,5,5,5,4,5,6,7,8
4,5,4,6,6,6,6,6,5,4,4,5,6,6,5,5,5,5,5,4,3,4,7,4,3,11,48,109,133,132,115,106,137,173,182,152,121,123,154,159,126,87,53,22,4,6,19,34,49,67,78,75,70,65,67,74,77,65,39,17,11,30,45,60,63,60,58,58,58,53,48,45,51,54,56,60,61,60,58,58,58,60,64,66,68,67,63,60,60,58,58,58,58,61,60,61,65,66,72,74,77,77,75,75,77,77,77,78,78,75,74,73,69,64,65,67,63,54,49,59,67,72,69,71,70,73,75,75,73,71,73,77,80,79,79,79,81,80,77,74,72,69,65,66,69,75,73,70,67,67,69,69,64,63,65,68,68,64,61,62,64,62,62,63,64,64,66,67,67,67,67,68,69,70,68,65,62,57,59,58,55,51,53,56,54,48,37,29,23,20,36,62,83,86,70,60,61,69,61,26,3,8,16,44,108,177,194,175,170,186,191,154,127,138,146,137,126,112,77,29,11,10,2,5,5,4,4,4,6,6,5,5,5,5,5,6,6,6,6,6
7,7,7,6,6,6,6,6,5,4,4,5,6,6,5,5,5,5,5,3,3,7,8,5,15,66,122,140,129,117,117,148,178,181,165,155,159,171,172,148,87,43,16,11,19,29,41,61,79,84,81,71,67,74,78,71,42,27,19,32,50,55,55,49,40,35,36,39,43,50,55,58,58,61,62,60,57,60,61,62,61,59,61,64,67,68,66,64,64,65,63,59,55,54,58,61,64,65,73,75,78,78,77,79,79,78,77,76,76,75,74,73,69,64,66,68,62,54,51,59,65,68,69,75,79,77,74,72,72,74,74,74,74,78,80,83,81,79,77,77,74,72,70,70,73,73,71,69,66,64,65,66,67,67,65,64,66,63,62,61,62,66,66,65,65,65,67,68,68,68,68,67,65,67,67,68,67,64,61,57,55,55,55,56,58,58,58,58,52,38,22,24,33,55,74,67,57,61,64,57,32,11,8,13,31,97,166,188,179,170,173,172,152,133,133,136,137,135,117,76,36,16,9,4,6,4,4,4,6,6,5,5,5,5,5,5,5,5,5,5
7,7,7,6,6,6,6,6,5,4,4,5,6,6,5,5,5,5,5,4,10,9,0,26,85,124,140,121,116,132,160,184,181,175,180,190,190,177,136,83,36,10,8,19,38,58,66,75,80,75,70,73,81,80,56,30,22,32,45,49,47,49,50,49,48,53,56,60,64,64,61,57,62,63,62,59,56,59,60,61,60,58,63,67,71,72,71,67,66,67,65,61,58,54,56,59,64,67,69,72,75,77,76,79,79,79,78,78,78,76,76,76,72,68,68,68,62,55,53,57,64,67,67,74,80,76,72,70,71,73,71,69,69,73,76,80,79,78,78,78,76,77,76,77,78,77,76,73,70,66,64,66,68,68,65,63,61,61,61,61,60,65,64,65,65,65,68,69,69,69,69,69,70,68,65,65,64,68,63,59,59,60,64,63,62,62,62,60,62,64,52,36,25,21,37,56,68,69,70,72,54,27,9,9,10,33,74,143,190,193,179,160,158,159,140,124,127,136,132,121,76,32,13,7,7,6,4,4,5,5,5,5,5,5,5,4,4,4,4,4
6,6,6,6,6,6,6,6,5,4,4,5,6,6,5,5,5,4,5,7,3,11,26,89,133,141,130,115,132,160,176,182,184,189,196,184,155,106,62,23,18,12,25,35,61,79,82,78,66,65,73,81,68,35,16,20,43,56,57,49,48,51,57,61,58,58,57,57,60,63,65,66,65,62,60,59,60,59,57,56,56,58,65,68,71,71,68,66,65,64,63,63,63,59,56,57,64,70,70,73,78,79,79,77,78,79,79,80,81,80,79,80,77,72,69,68,62,55,54,62,71,75,72,74,74,73,72,70,70,69,67,66,66,67,68,72,75,79,79,77,79,79,80,81,81,81,80,79,75,70,67,67,67,66,65,64,64,64,65,65,64,64,65,67,69,72,70,69,69,69,69,70,70,66,65,65,67,65,64,62,63,65,61,63,66,68,67,70,62,58,66,65,56,38,22,28,56,76,72,64,61,48,24,12,3,13,30,72,122,171,195,175,155,147,157,152,134,125,134,136,119,67,23,11,7,6,4,4,4,4,5,5,5,5,5,4,4,4,4,4
8,7,5,6,6,6,5,4,4,4,5,6,6,6,6,4,5,9,3,5,6,39,91,130,133,120,125,144,168,188,185,184,191,192,175,138,88,50,23,13,12,16,37,64,80,82,78,72,71,71,66,44,19,24,41,61,58,42,38,49,56,60,57,54,55,59,63,65,67,67,65,63,64,66,66,60,56,55,53,53,56,60,63,64,67,68,67,67,67,67,67,67,66,57,52,53,62,69,72,74,76,78,78,79,79,79,79,81,81,80,79,79,74,68,68,69,64,55,52,60,68,70,70,73,76,73,68,67,68,68,65,64,66,68,70,69,77,79,78,78,77,78,80,80,80,84,82,79,76,70,66,67,68,69,68,68,66,67,67,66,65,68,69,69,69,67,67,67,67,67,67,68,68,69,68,64,61,65,65,65,66,66,66,68,69,68,67,67,64,61,60,58,57,54,41,29,28,48,70,77,71,76,64,32,9,6,12,35,61,114,171,202,201,175,157,164,160,128,128,133,143,120,76,30,12,7,9,4,4,8,5,5,5,5,5,4,4,4,5,7
4,4,4,5,5,4,4,3,5,8,7,7,6,6,6,6,7,4,6,6,34,94,134,134,120,112,135,178,182,168,167,179,190,159,104,67,45,24,10,14,37,52,72,79,78,75,77,89,86,57,31,22,33,56,64,57,49,43,46,57,62,60,62,65,67,68,67,69,72,70,64,62,64,66,65,62,58,57,56,57,60,63,67,66,66,68,71,69,68,68,68,68,67,62,57,56,63,68,73,76,79,81,83,79,78,78,78,80,81,79,79,78,75,70,71,74,70,59,52,61,69,73,70,72,74,72,69,67,68,66,63,63,64,66,67,71,77,79,79,79,81,79,77,78,82,81,79,77,77,74,68,66,65,64,64,64,65,65,65,66,65,74,73,73,71,68,67,67,67,67,67,66,64,66,67,67,67,72,70,69,68,66,68,71,75,74,68,69,68,65,61,54,48,51,51,48,38,40,55,65,59,62,61,57,24,4,3,17,42,62,95,172,232,244,206,168,178,170,137,132,148,150,121,67,29,14,8,5,5,7,5,5,5,5,5,5,4,4,5,6
4,4,4,7,7,6,6,5,6,8,7,6,6,6,6,2,11,7,4,42,95,137,132,120,121,146,170,180,180,180,198,207,184,132,85,56,30,13,27,62,91,83,74,71,76,84,81,73,44,23,27,44,71,76,69,61,42,41,47,57,59,60,63,68,70,70,65,66,71,72,69,65,66,66,66,64,62,64,65,65,66,66,67,66,66,68,71,70,69,69,69,69,68,64,61,61,66,71,73,76,78,80,80,80,79,78,79,80,82,79,77,77,76,73,71,75,71,61,55,61,70,73,70,71,71,70,69,68,67,66,66,68,69,69,70,73,77,78,79,81,83,80,78,79,81,81,78,78,79,77,73,70,66,63,63,64,67,65,65,68,70,71,72,73,74,73,71,71,71,71,71,70,69,69,70,71,72,73,72,71,70,69,71,75,77,75,69,66,65,65,63,55,47,40,44,52,47,45,41,59,69,69,65,61,51,25,1,5,19,37,58,102,181,245,241,213,200,193,174,135,134,150,160,127,72,27,6,13,9,5,5,5,5,5,5,6,5,4,4,5
4,5,7,6,5,4,4,3,3,4,4,5,6,6,4,7,7,6,36,104,141,148,119,113,137,181,194,178,192,209,207,180,128,78,45,21,10,20,55,99,106,86,72,78,87,82,50,32,27,42,73,82,79,69,61,43,33,31,41,56,62,60,61,63,64,66,67,68,68,68,65,64,66,65,66,65,65,67,67,65,63,61,63,64,67,68,67,68,69,69,69,69,68,63,63,64,69,74,80,80,81,82,80,81,81,81,82,83,83,78,76,77,77,74,69,71,68,61,60,60,70,75,71,69,69,69,69,68,67,66,67,70,71,71,70,74,78,78,79,83,82,82,82,81,79,83,83,82,82,79,76,75,70,66,66,67,69,67,67,71,74,73,73,73,72,69,70,71,71,70,70,72,74,70,67,66,66,67,68,71,73,75,74,75,74,73,71,70,67,64,61,55,49,36,26,37,44,48,45,39,47,63,75,74,74,54,27,8,1,18,45,71,103,137,186,215,192,171,155,150,142,139,149,149,137,85,35,14,10,9,5,5,5,5,5,7,5,4,4,4
6,6,6,4,5,6,6,5,4,5,5,5,5,5,8,7,9,42,102,134,135,118,116,154,192,199,194,190,189,180,148,102,75,43,26,12,10,36,62,81,81,77,81,80,58,40,36,39,56,71,76,76,68,55,40,33,32,39,49,57,62,59,60,62,65,66,69,69,67,67,69,71,74,72,71,71,72,72,69,65,62,61,59,62,66,69,69,69,69,70,70,69,68,68,70,72,76,78,77,82,83,81,82,82,81,80,80,79,80,77,72,73,75,74,74,76,69,62,58,60,69,74,72,67,66,65,65,66,68,70,69,69,71,73,74,74,72,73,78,82,82,82,81,80,80,81,80,79,80,82,83,80,77,73,68,65,71,74,73,72,74,78,77,76,74,72,69,69,70,71,71,72,71,72,72,73,75,75,76,77,77,77,77,77,76,72,66,62,65,69,64,53,45,41,43,47,56,63,53,39,37,50,78,90,77,67,47,19,8,3,17,44,71,109,165,204,209,193,195,205,198,164,133,137,150,137,95,24,12,8,6,6,4,4,4,6,6,7,6,5
6,6,6,5,5,6,6,5,5,5,5,5,5,6,10,11,44,114,130,134,116,115,142,176,189,181,174,182,179,152,107,71,49,26,15,9,24,49,63,67,68,76,79,65,39,33,49,65,70,68,68,65,52,42,40,42,43,45,48,54,58,61,61,62,62,63,65,67,66,68,69,72,74,75,75,74,75,71,73,73,70,66,59,61,63,66,66,67,68,70,70,69,68,69,69,70,73,75,81,83,81,79,79,80,81,82,81,79,78,75,71,71,71,70,70,68,63,59,60,64,68,72,72,74,69,66,63,65,70,72,69,69,70,72,73,76,78,80,81,79,82,81,81,81,80,81,83,83,81,79,79,82,83,81,75,71,75,78,78,78,81,82,79,75,75,76,75,75,76,76,76,75,73,73,74,77,79,78,78,78,77,74,75,73,72,70,70,66,65,62,59,55,53,57,63,67,65,62,67,60,40,28,46,75,96,90,77,49,16,3,5,16,40,79,105,120,153,193,216,208,190,166,150,133,134,143,136,77,30,5,8,8,8,6,4,6,6,7,6,5
5,5,4,5,6,7,7,6,6,6,6,6,6,6,6,58,121,128,125,115,126,160,188,197,192,200,210,206,167,117,78,47,28,13,8,23,52,71,77,73,74,69,57,47,46,57,71,78,72,64,58,52,52,50,46,43,40,44,51,56,60,57,59,61,65,67,68,70,72,74,73,74,75,76,74,72,69,72,73,72,68,64,63,63,64,65,67,67,68,69,70,70,70,69,70,72,76,78,83,83,79,76,77,82,82,81,81,81,79,74,72,71,70,67,68,66,60,57,57,65,67,66,64,65,65,62,59,60,66,70,69,69,69,70,71,76,80,83,81,78,81,81,81,81,82,78,79,81,83,82,79,79,82,82,78,74,76,78,78,78,81,80,78,75,75,77,78,78,78,78,78,77,76,76,76,78,79,77,77,76,73,72,72,71,70,70,69,68,65,60,58,60,63,65,65,65,65,65,64,70,59,29,20,29,67,91,98,74,35,13,8,9,20,49,75,83,97,149,200,218,201,185,185,168,144,134,149,134,73,18,14,10,6,6,6,6,6,7,6,5
4,4,4,6,7,8,8,7,6,7,7,7,7,5,55,119,137,126,118,127,166,196,195,194,198,207,194,149,100,65,46,24,15,11,15,45,70,75,77,75,69,59,51,52,59,64,64,66,65,52,42,45,52,54,48,41,45,52,60,62,61,63,63,65,65,66,69,71,73,73,71,70,72,77,79,79,78,79,75,70,66,64,62,61,61,62,65,66,67,69,70,71,70,69,71,75,81,85,80,81,77,76,80,83,79,74,74,78,80,76,74,73,70,67,68,69,63,56,53,60,65,66,64,64,63,62,62,63,65,69,70,68,68,69,70,74,77,80,81,82,79,80,81,82,82,83,81,80,79,81,81,79,80,81,81,81,80,82,79,77,78,80,80,80,79,79,78,78,77,76,76,76,78,76,75,75,76,72,73,73,72,70,70,72,72,70,65,63,59,55,54,58,61,64,68,70,70,69,65,68,74,57,31,21,36,77,104,93,71,33,9,6,11,30,69,76,77,113,164,197,193,179,190,193,170,137,140,141,104,41,20,10,3,5,8,5,6,7,6,5
6,5,5,6,6,6,6,6,9,1,6,6,6,49,113,144,128,122,142,181,180,181,188,184,175,157,134,103,71,45,23,11,10,13,38,61,71,72,73,63,45,36,40,54,59,62,63,58,50,49,52,53,53,53,52,52,59,62,65,66,64,61,64,66,67,68,70,71,73,73,73,72,73,74,75,78,79,79,79,78,72,65,67,62,58,56,59,64,66,69,71,72,72,74,76,79,79,79,81,81,80,80,79,80,78,75,74,76,77,78,77,75,73,71,66,70,66,54,46,55,62,65,63,63,64,60,62,67,64,62,65,67,69,68,66,68,70,73,77,79,85,82,80,79,81,83,83,81,79,77,80,87,83,82,81,82,83,81,80,80,81,79,79,79,79,79,77,77,78,77,76,75,77,77,76,74,72,74,72,73,72,69,66,67,66,63,60,54,55,60,60,62,65,70,72,73,72,70,68,66,67,60,40,28,26,50,91,101,87,60,31,7,5,27,65,83,72,69,86,146,191,204,198,186,181,157,134,148,128,79,31,8,12,5,4,7,7,7,7,7
6,5,5,6,6,6,6,6,4,10,11,9,54,113,136,128,117,138,176,185,180,179,191,190,164,129,95,73,51,31,20,11,13,36,73,74,71,70,63,40,30,35,42,47,54,58,59,56,53,54,57,58,61,61,63,62,64,66,69,70,69,64,63,62,64,67,70,72,74,75,75,73,72,73,75,77,77,78,79,78,75,73,72,68,63,61,61,65,68,71,75,77,77,77,80,82,83,84,81,81,82,82,83,83,80,76,74,73,75,76,76,74,72,70,71,73,69,57,46,37,44,51,58,67,71,68,64,63,63,58,56,58,63,70,72,69,68,69,74,79,83,83,83,84,86,82,81,82,84,85,85,83,81,80,80,80,81,79,78,78,79,80,80,80,80,80,81,82,81,80,78,75,73,74,75,74,73,74,73,74,75,73,67,66,61,55,49,51,57,61,63,66,69,71,73,73,70,69,69,65,56,49,47,39,29,37,65,91,100,84,58,22,4,8,34,78,87,71,61,93,173,215,206,186,187,190,165,143,139,123,56,13,16,8,11,7,7,7,7,7
6,5,5,6,6,6,6,6,6,6,8,44,108,140,131,119,142,172,178,182,201,210,198,156,132,120,97,62,38,27,16,9,35,68,83,78,62,42,27,27,32,38,38,39,46,53,55,55,54,58,61,60,62,64,64,64,64,66,67,67,67,74,71,66,64,65,68,71,72,74,75,75,75,76,78,80,81,78,78,78,77,76,72,71,71,70,72,71,70,74,77,79,80,84,84,84,83,81,83,83,84,85,85,85,83,81,77,74,73,74,74,72,71,70,72,73,72,60,45,35,37,44,55,63,68,69,69,68,68,70,69,67,66,66,68,71,69,69,74,78,81,81,83,83,83,86,86,85,84,83,83,82,81,80,81,81,81,79,78,78,79,78,78,78,78,78,79,79,79,78,76,75,75,77,77,76,75,72,70,72,72,69,63,56,47,46,51,58,65,68,69,71,73,73,73,72,69,67,66,65,52,39,35,45,36,32,36,70,99,97,71,30,11,6,14,49,78,89,86,74,109,177,222,214,199,196,178,157,147,140,86,26,10,6,8,8,8,7,6,6
6,5,5,5,6,6,6,6,7,7,43,112,138,129,120,137,173,189,194,191,197,172,134,98,82,83,81,61,30,10,12,24,54,78,77,70,44,33,28,34,35,30,28,36,50,53,54,55,54,58,63,64,64,64,64,63,69,67,67,68,69,67,67,67,67,65,66,67,70,72,73,73,73,75,77,79,80,78,77,75,75,75,77,76,76,75,74,76,79,82,84,84,83,80,83,84,85,84,87,87,86,85,85,80,80,78,75,72,71,72,72,72,70,69,68,69,72,62,46,27,30,41,52,57,65,73,76,71,68,69,71,72,72,70,69,71,72,73,76,76,85,86,86,85,82,85,85,85,84,82,83,83,82,82,83,83,82,81,80,80,81,75,75,75,75,75,75,76,78,79,79,77,76,76,75,73,72,68,66,65,64,60,50,50,52,58,66,70,74,76,75,75,76,74,75,73,68,65,59,52,42,37,37,41,43,40,22,46,86,99,84,42,18,5,8,26,61,87,88,78,73,116,174,211,194,171,153,147,143,147,133,65,14,14,5,9,8,7,6,5
6,7,7,11,10,6,5,7,1,38,96,136,134,125,133,169,178,187,197,202,166,119,106,103,89,68,61,46,19,9,44,79,75,52,51,46,29,28,47,60,55,50,48,51,53,52,54,55,54,58,64,62,64,64,64,63,65,64,63,65,67,68,69,68,68,66,69,69,67,68,70,73,76,76,76,76,76,79,78,78,77,77,81,81,81,80,79,81,83,82,81,80,81,82,83,84,86,86,84,84,82,83,84,81,75,71,72,74,70,68,69,71,72,72,70,73,70,63,46,24,23,35,52,58,59,67,75,78,78,79,79,76,75,77,78,78,77,77,79,79,82,83,84,85,88,87,85,84,84,85,85,83,84,85,85,86,82,82,81,81,80,79,79,80,80,79,79,78,77,77,77,77,78,76,75,72,72,69,67,63,55,50,49,58,71,76,76,76,76,76,76,76,76,76,70,68,65,60,49,45,41,41,42,46,47,43,26,32,62,102,106,65,32,8,6,23,72,90,92,80,77,72,126,197,231,226,200,170,152,149,142,92,30,9,7,9,8,7,6,5
6,7,7,8,6,7,10,10,18,75,126,133,116,117,148,175,179,180,185,176,147,104,89,83,76,66,55,22,4,22,82,115,85,42,42,33,25,31,50,64,58,62,66,62,49,47,51,53,56,62,68,70,69,68,64,63,61,64,66,67,67,69,69,67,67,67,66,66,66,66,67,69,70,72,74,76,78,79,80,81,83,84,81,81,81,80,80,80,79,79,80,83,85,88,86,85,83,82,85,85,85,82,78,76,72,70,71,71,71,72,70,69,67,66,70,68,66,64,51,30,26,35,51,57,62,66,69,72,78,83,82,80,79,78,78,77,80,82,84,85,85,85,84,85,85,86,86,85,84,83,83,83,84,84,84,84,82,79,78,79,80,84,81,78,77,79,79,79,78,77,77,76,76,74,73,71,71,64,62,62,61,62,64,68,73,78,79,78,77,76,75,74,73,70,68,66,61,55,45,48,51,54,55,58,60,55,35,20,28,66,100,99,63,18,3,14,46,87,87,85,77,70,81,144,213,232,220,187,162,150,149,116,50,16,11,9,9,7,6,5
6,7,7,8,5,7,4,13,48,111,137,126,120,145,175,195,184,165,156,135,115,87,84,83,81,63,37,4,10,48,94,100,72,38,33,33,38,47,58,66,57,58,61,59,52,46,45,49,56,63,66,67,67,66,63,61,62,64,67,67,66,65,64,62,62,63,64,65,66,66,66,65,65,68,71,75,78,75,76,79,81,83,82,81,80,80,82,83,82,81,84,88,90,86,87,86,87,87,88,89,88,84,79,74,71,70,71,69,66,65,67,67,69,69,72,69,67,67,56,38,33,39,50,52,54,62,70,74,77,79,80,83,85,87,87,88,89,89,87,85,85,85,85,85,85,84,84,85,85,83,81,81,81,81,80,80,82,81,79,80,79,85,82,78,78,79,79,77,76,74,73,71,69,69,68,66,67,65,65,66,69,72,74,74,75,77,79,80,79,77,75,72,72,68,64,61,55,48,53,55,59,58,56,58,60,63,57,30,12,28,66,97,78,36,9,9,29,88,97,89,79,73,69,125,201,230,219,191,166,146,149,136,75,24,12,10,9,9,7,6
6,7,7,6,7,9,0,31,86,127,130,124,132,161,193,190,158,128,118,120,103,81,79,78,73,44,20,6,16,48,86,79,52,25,25,32,50,64,67,65,63,63,63,63,56,46,42,44,54,60,60,62,64,65,66,66,68,65,63,63,65,65,63,60,60,62,63,65,68,68,67,65,62,65,69,72,73,77,77,78,80,81,83,81,79,81,84,85,84,81,83,86,90,87,88,88,88,89,88,86,85,83,82,75,72,72,72,70,68,70,71,73,74,76,75,74,73,70,56,44,44,56,69,70,63,65,68,70,76,81,84,87,89,89,88,82,86,88,86,84,75,77,78,80,80,79,81,85,86,85,84,84,84,83,82,82,81,85,86,83,79,80,81,82,81,81,82,80,79,77,75,74,73,73,72,72,71,69,72,74,74,73,76,78,80,81,81,77,74,72,68,65,64,62,56,56,59,59,62,63,63,63,63,65,61,61,67,37,8,21,62,100,85,48,15,3,20,72,98,91,84,76,70,89,136,200,236,233,191,147,145,141,91,32,11,11,10,8,8,7
6,5,5,9,3,6,10,57,117,134,133,135,167,178,180,179,160,144,136,125,95,69,80,92,87,33,10,5,18,63,79,64,36,29,30,42,53,63,65,67,67,66,63,61,60,54,46,43,48,56,59,59,63,65,66,64,68,68,69,69,67,68,69,69,68,68,70,70,69,67,67,66,68,68,70,74,76,75,79,80,79,81,81,82,81,80,83,85,85,86,86,87,87,88,87,87,86,85,94,91,86,84,83,81,79,78,77,78,78,78,81,82,82,82,80,77,73,64,56,51,62,71,72,73,75,76,75,77,82,85,84,86,88,89,89,87,87,85,86,89,81,73,64,64,70,71,77,82,81,81,83,84,84,84,81,81,81,84,85,84,82,81,82,82,83,83,83,82,80,80,80,80,77,73,70,71,73,77,77,79,81,82,79,80,81,79,76,75,71,68,66,62,59,60,62,65,69,72,66,66,68,71,71,61,69,62,66,51,25,23,60,88,89,56,14,2,4,40,77,84,72,68,59,60,75,127,205,243,212,152,145,152,116,48,18,9,7,8,8,5
6,5,5,5,6,6,15,73,130,128,120,144,181,185,192,209,201,166,127,84,77,75,91,95,75,31,8,9,40,84,84,61,29,27,38,56,62,66,65,65,69,71,73,70,66,63,57,52,54,55,58,64,65,65,64,63,68,69,70,71,72,71,72,72,72,73,75,76,76,75,73,71,68,71,73,75,77,77,80,81,79,81,81,82,79,78,80,85,86,87,87,88,89,91,90,89,87,86,91,89,88,87,88,84,84,84,86,88,88,88,88,87,86,84,79,75,72,64,56,58,68,75,72,69,71,80,88,89,88,89,89,90,89,88,87,85,80,82,76,60,44,38,29,26,27,34,44,60,78,83,82,84,84,84,83,82,83,83,84,83,83,79,80,80,81,81,83,82,80,80,81,82,82,79,78,78,80,83,82,81,80,80,79,78,75,74,75,74,72,71,72,69,66,66,68,71,74,75,76,76,78,77,72,66,67,63,67,59,36,10,19,55,84,73,29,5,4,28,57,87,87,78,60,52,70,114,185,224,207,162,149,151,131,70,24,11,8,8,9,6
6,5,5,4,9,6,32,98,140,139,140,158,181,188,193,200,187,151,111,84,84,84,87,69,39,16,8,22,56,86,76,47,29,35,52,58,62,64,65,68,69,72,75,74,70,67,64,63,65,65,62,59,60,63,65,66,68,69,70,72,72,72,72,73,74,75,75,76,77,77,73,70,68,72,75,76,75,78,82,81,80,80,84,84,82,81,84,85,83,84,85,85,86,87,88,90,90,92,87,87,87,88,89,92,92,90,89,90,90,90,89,86,83,81,75,71,67,62,55,54,66,78,81,81,87,90,91,89,90,92,92,91,89,87,85,90,81,64,42,31,26,24,23,23,25,23,23,30,49,70,82,84,84,85,85,84,83,83,83,83,84,79,79,80,80,81,82,81,80,80,82,82,82,82,81,81,81,80,80,81,81,82,81,79,75,74,74,73,73,75,77,75,70,67,70,73,74,73,75,74,76,76,71,71,68,63,63,57,47,16,9,36,81,89,61,9,1,19,59,73,96,113,102,68,66,107,184,230,229,185,153,145,139,86,27,15,10,9,9,8
6,5,5,7,10,6,50,116,139,134,136,160,184,197,202,186,147,112,91,80,81,82,80,56,25,12,9,41,71,79,55,29,37,51,61,62,64,63,64,69,72,73,74,75,75,73,72,72,73,70,66,65,64,64,67,69,68,68,68,69,68,68,69,70,71,73,73,74,77,76,72,69,70,75,79,79,78,80,83,82,80,80,80,81,82,81,86,89,88,89,89,90,90,90,88,87,86,85,86,85,85,86,86,89,89,88,88,89,89,88,87,86,83,81,77,72,69,64,59,64,70,77,80,84,88,91,91,89,90,91,90,89,88,85,84,70,49,33,26,26,22,22,20,18,16,17,20,19,27,56,80,84,85,86,86,85,84,82,82,82,85,80,81,81,82,83,82,80,80,80,82,83,83,85,85,85,84,84,84,83,82,82,83,84,82,79,76,74,74,76,79,75,69,67,71,73,73,71,69,65,67,73,76,69,67,68,66,62,54,26,14,25,74,99,86,20,5,12,50,66,69,106,136,107,75,99,163,200,208,185,159,141,137,92,33,17,11,9,9,9
6,6,6,8,7,15,74,124,127,120,138,169,179,189,195,183,144,96,75,72,82,84,76,49,23,13,23,59,70,56,40,35,46,62,67,60,62,65,69,72,73,75,75,73,77,77,76,77,76,73,71,69,68,68,71,73,70,70,69,69,69,68,70,71,71,71,73,74,72,70,69,70,72,73,76,78,79,83,81,80,80,81,83,82,82,83,84,84,85,88,88,87,88,85,88,83,72,78,82,83,84,86,89,90,92,92,90,91,92,88,86,86,85,82,79,72,69,65,61,66,76,79,77,85,88,88,89,88,88,86,89,89,89,84,62,37,20,19,25,20,19,19,23,23,18,17,17,18,20,38,67,81,82,83,90,86,82,81,80,82,84,82,83,83,82,80,81,81,83,84,85,85,85,85,84,82,81,85,84,84,83,83,83,81,82,83,78,76,78,79,78,71,64,61,61,66,68,68,60,61,65,71,79,71,69,67,68,66,60,39,15,15,53,98,99,41,5,3,34,67,73,81,110,109,92,108,166,200,190,186,158,137,129,111,46,18,12,7,10,8
6,6,6,5,5,28,97,134,131,136,165,187,181,185,196,199,158,97,69,77,86,88,76,44,18,10,25,59,59,42,38,41,52,61,61,66,65,66,68,69,72,74,73,72,74,76,77,78,77,75,72,71,68,66,65,65,64,64,64,66,66,67,67,69,69,69,69,70,71,74,75,77,79,79,79,80,80,81,80,80,82,84,84,84,83,85,86,88,88,86,86,86,86,77,61,52,42,40,47,58,71,79,89,89,89,89,88,91,93,89,87,87,86,83,80,75,72,68,64,64,72,77,78,83,87,86,86,85,85,84,85,87,88,66,29,18,23,27,25,20,18,18,20,21,18,18,17,18,15,23,45,72,83,81,85,88,88,85,81,81,82,82,83,83,82,81,81,82,83,84,85,86,86,84,84,87,89,88,87,86,84,83,85,84,86,86,82,76,74,74,77,76,72,68,63,61,58,54,54,56,60,66,71,74,73,71,71,64,61,43,20,19,49,86,94,55,17,6,26,74,81,78,92,86,72,77,137,204,230,229,183,141,131,118,58,19,9,7,9,6
6,6,6,9,5,36,109,136,125,129,163,184,177,179,192,185,139,87,76,78,87,85,69,32,7,10,43,71,56,39,39,48,58,63,61,64,65,68,71,75,73,74,73,71,73,77,77,79,79,77,75,75,70,64,58,54,54,57,60,65,68,66,68,68,69,68,68,69,72,77,80,81,79,79,78,78,78,80,80,81,83,86,85,84,84,85,86,88,87,87,88,83,73,45,29,30,29,28,28,33,39,52,74,83,85,86,87,91,93,89,87,87,86,82,79,76,75,70,65,62,69,77,81,82,85,83,82,82,84,87,91,91,67,32,15,19,23,23,18,20,16,16,17,20,19,16,16,20,19,19,35,67,88,84,83,86,85,83,82,84,86,82,83,83,82,81,82,82,84,85,86,87,87,84,85,88,91,89,89,87,86,85,87,86,88,89,86,81,76,72,72,72,70,72,68,67,65,61,63,65,68,73,76,77,74,72,69,64,60,43,22,16,33,60,86,66,22,5,18,62,83,78,82,84,64,65,111,178,209,211,176,146,140,124,61,23,8,10,7,7
6,6,6,5,11,57,125,142,133,140,177,209,203,196,196,169,120,83,78,87,90,82,63,26,8,14,45,58,47,45,44,51,58,65,71,66,67,69,72,74,75,76,75,72,74,76,78,80,80,79,77,76,75,73,70,67,67,67,68,69,70,68,69,70,70,70,71,72,74,77,79,80,78,78,78,79,79,84,82,82,83,84,83,83,83,83,85,87,88,91,85,62,40,24,21,28,27,28,25,30,30,37,59,76,82,87,88,89,90,87,84,85,83,79,76,75,75,70,64,64,69,80,85,84,82,80,81,83,88,93,86,67,40,20,24,22,21,19,19,17,16,13,14,19,19,18,16,20,20,19,29,55,82,87,87,84,85,82,81,82,83,82,83,83,82,81,82,83,84,85,87,87,87,87,86,86,85,86,86,86,87,87,87,86,88,90,87,85,83,80,78,75,72,72,71,73,74,72,75,75,77,77,78,78,72,66,66,65,61,43,25,14,20,39,73,82,37,9,10,59,91,83,80,87,77,63,77,138,195,212,183,156,140,125,72,28,8,14,8,9
6,6,6,6,17,79,134,135,128,141,179,206,222,223,208,157,98,76,82,84,89,92,63,16,3,26,51,52,46,50,53,55,58,64,72,67,72,72,71,72,76,77,78,78,77,77,78,80,81,79,77,77,80,80,78,76,76,75,74,74,76,76,75,75,75,75,75,75,78,79,80,79,77,78,80,80,80,81,82,84,86,87,85,86,87,87,86,86,94,92,60,30,20,26,24,22,22,22,22,25,25,32,50,62,74,82,81,86,90,86,86,86,85,81,79,77,81,69,56,62,75,82,88,84,79,82,84,86,90,91,69,38,26,25,21,22,19,18,16,13,17,16,15,16,16,17,18,19,19,20,21,38,71,84,82,81,82,82,82,82,82,79,81,83,83,83,85,88,89,89,89,88,87,87,87,87,87,85,85,85,86,88,83,84,86,86,86,86,86,84,84,82,82,80,78,77,77,77,80,79,78,78,79,77,74,69,65,62,57,41,23,17,24,34,72,87,63,13,10,53,88,80,80,88,81,61,76,156,211,219,190,144,133,120,83,30,10,13,10,4
6,6,6,5,32,95,137,133,131,153,181,188,181,164,145,107,86,81,77,81,82,78,49,15,6,31,53,53,47,47,45,46,56,65,65,66,71,72,72,74,77,75,74,74,76,77,78,81,82,80,79,78,79,80,79,77,74,74,75,78,80,78,78,78,78,78,77,78,81,81,79,77,79,79,80,80,80,86,84,84,83,82,84,86,88,90,90,89,91,80,44,22,21,25,23,21,21,21,22,22,19,22,33,49,65,79,85,88,89,85,84,85,83,79,76,79,69,41,30,48,69,76,75,74,79,80,86,89,81,66,43,23,21,24,23,21,18,18,17,14,17,16,15,16,16,15,16,18,21,22,22,32,62,82,84,77,81,81,81,81,81,80,82,83,83,82,85,86,86,86,88,88,87,87,87,87,87,85,85,85,86,86,83,85,86,86,86,86,86,84,84,82,83,86,85,84,84,85,81,80,80,81,82,82,78,72,68,68,66,52,30,14,14,19,51,82,66,14,2,41,79,79,80,89,83,68,72,130,202,228,210,165,135,123,95,33,16,14,8,5
6,6,6,3,50,113,138,135,139,173,211,219,210,181,140,104,84,76,82,84,80,64,30,8,9,37,52,51,52,49,45,49,62,69,65,67,71,72,72,74,78,75,73,73,76,76,77,80,82,81,80,79,80,81,80,78,80,78,78,78,79,79,79,79,79,79,79,80,83,82,80,79,82,80,79,80,81,82,82,83,83,84,81,82,85,88,88,88,81,58,27,17,22,25,22,21,20,21,18,18,18,21,28,34,47,65,79,86,86,84,83,84,82,79,78,77,54,25,28,40,62,68,70,76,81,82,87,84,63,43,31,22,22,24,24,19,16,17,17,14,17,16,15,16,16,15,15,18,21,23,23,32,60,83,87,81,81,81,81,81,81,83,82,82,82,82,84,85,85,85,87,87,87,87,87,87,87,87,88,89,88,87,83,85,86,86,86,85,85,84,84,83,83,83,82,80,80,81,82,81,81,83,85,85,82,76,73,73,72,63,45,23,15,14,30,68,73,27,6,25,68,79,77,84,90,66,64,113,180,214,208,176,153,134,88,33,13,10,9,9
6,6,6,11,71,121,127,127,142,177,195,194,195,172,134,86,75,73,80,81,79,59,23,10,23,48,50,44,49,46,52,60,66,67,65,70,73,72,70,72,71,71,71,71,71,72,74,78,80,80,79,79,82,82,80,78,81,80,80,81,82,83,83,83,83,83,82,81,80,81,83,85,83,80,78,80,82,83,83,82,82,81,83,83,85,86,86,86,68,37,22,22,23,23,22,20,20,20,18,18,20,23,24,26,31,45,64,80,85,82,81,82,80,77,78,75,53,26,27,36,44,48,64,80,83,86,87,69,43,27,23,20,20,18,17,18,15,17,17,14,17,16,15,16,16,17,17,19,19,21,21,35,65,82,85,85,83,83,83,83,83,85,83,81,81,82,83,86,90,91,87,86,87,87,87,87,87,85,87,88,86,83,83,85,86,86,86,84,84,84,84,84,84,81,80,79,79,80,80,80,80,82,84,83,83,81,78,74,71,70,61,35,17,10,17,45,69,43,17,26,71,88,81,84,88,67,61,99,181,233,230,183,144,133,97,48,11,10,14,9
7,7,8,9,84,132,139,132,153,188,194,199,197,172,118,79,78,85,85,78,80,51,18,16,36,51,38,35,29,34,42,63,67,66,70,69,72,73,72,70,66,67,67,66,72,74,75,77,79,80,80,82,85,84,81,79,79,82,83,82,78,84,82,81,81,81,80,80,83,84,83,82,82,78,78,81,86,81,81,81,82,83,86,86,85,85,87,87,60,29,23,23,27,27,23,21,19,18,17,17,17,19,20,22,27,34,47,69,80,81,84,82,79,80,82,82,73,54,39,38,31,41,64,83,87,88,77,52,34,27,25,23,20,17,16,18,18,17,17,16,16,16,16,16,16,17,18,19,19,20,21,41,67,76,84,85,89,85,82,81,82,81,81,81,81,81,84,86,87,87,85,85,84,84,85,86,88,86,86,87,86,81,83,82,82,82,84,84,84,82,81,80,79,77,78,79,78,78,76,76,76,78,80,80,80,82,83,79,77,71,68,47,20,13,11,30,61,53,9,19,70,101,77,77,88,83,59,77,172,237,242,191,148,142,116,62,13,13,12,13
7,6,8,29,107,149,142,125,146,192,201,201,179,133,89,70,81,86,81,82,89,58,17,16,33,44,29,27,26,36,48,66,68,67,70,72,73,73,73,72,66,68,67,68,73,79,80,82,83,83,82,80,82,81,79,77,82,83,84,83,81,85,83,82,82,83,82,82,83,83,81,80,80,80,81,81,82,84,83,83,84,86,84,85,87,90,92,87,56,28,22,23,26,26,23,21,21,21,17,16,15,15,15,19,25,30,36,50,66,78,85,85,82,81,78,80,77,71,66,46,38,42,64,86,88,82,66,44,30,23,21,21,20,20,20,18,17,15,15,13,16,17,18,19,19,17,16,19,21,23,24,41,63,72,81,84,85,83,82,82,85,83,83,83,83,83,84,88,90,90,86,82,82,81,81,82,84,82,83,86,87,83,84,84,83,83,83,84,84,84,83,83,82,81,82,81,80,78,77,76,76,77,78,81,80,82,83,79,75,73,75,60,36,22,13,28,50,40,7,19,70,104,77,68,85,88,58,82,165,216,220,186,157,149,119,63,16,12,10,7
9,5,9,50,116,138,131,137,170,199,196,195,172,121,78,69,80,79,76,77,85,51,13,21,43,47,22,17,19,35,49,64,65,64,68,69,68,68,68,69,66,69,69,70,76,80,81,82,82,80,81,82,82,82,81,80,83,83,84,83,83,83,82,82,83,84,84,83,82,81,81,81,83,85,86,84,82,81,80,80,81,82,86,86,88,87,85,76,46,22,22,26,30,25,24,22,22,23,20,19,16,16,16,14,20,25,29,38,48,59,73,81,84,85,84,80,77,72,71,64,65,72,82,90,87,74,54,37,27,24,23,22,19,16,15,18,17,16,15,13,18,19,19,20,21,16,17,19,22,24,28,47,68,74,84,87,92,88,84,83,83,84,84,84,84,84,85,89,92,89,83,79,79,78,77,78,79,78,79,85,87,85,83,85,85,85,84,84,85,84,84,83,83,84,84,83,80,79,79,78,76,76,76,77,76,75,78,75,73,73,69,63,50,37,35,39,47,34,7,6,52,90,77,75,88,90,57,85,167,233,238,203,166,149,123,70,25,12,9,5
9,5,10,58,120,135,126,142,179,200,199,204,176,117,68,70,81,78,77,83,76,37,10,29,49,47,16,9,17,36,52,66,67,68,73,71,69,68,69,71,67,69,70,72,78,83,84,84,83,80,80,82,82,81,80,81,82,81,81,81,82,80,80,80,81,82,83,82,81,81,83,84,83,84,83,82,81,81,80,80,81,82,85,87,89,88,85,77,48,24,23,25,28,27,26,22,21,21,20,18,17,16,16,15,19,21,22,31,41,51,64,75,83,88,86,84,80,75,72,80,88,94,93,88,76,60,42,30,23,21,22,21,18,16,16,18,18,19,19,19,20,19,19,17,17,18,19,20,21,23,28,52,74,81,86,87,90,86,82,80,80,83,83,83,83,83,87,89,89,84,80,77,78,77,76,76,77,77,78,83,85,83,80,83,86,88,86,86,86,84,82,79,80,82,83,83,82,81,81,79,76,75,74,76,73,72,74,73,71,74,74,70,57,31,14,17,37,36,8,13,52,90,79,70,93,86,58,63,129,230,251,228,182,157,139,83,34,12,13,10
6,7,9,52,115,133,128,142,176,186,197,194,159,116,71,70,78,76,82,86,80,38,13,25,48,45,12,8,17,38,50,63,64,65,67,69,65,63,65,69,69,68,68,72,78,83,82,79,76,76,79,86,81,78,77,78,79,79,80,83,86,79,78,75,76,77,81,81,78,80,84,87,84,83,83,85,83,82,82,82,82,82,88,86,87,90,89,85,64,37,27,28,31,28,25,26,25,20,16,19,21,19,15,18,18,17,17,22,31,40,48,55,62,68,73,76,75,75,76,83,87,90,94,86,64,47,34,23,17,18,18,19,16,16,17,16,20,23,22,21,15,16,18,20,22,21,21,17,15,19,28,51,73,82,87,83,84,83,83,83,81,86,86,87,86,86,90,88,85,83,79,77,78,75,76,77,76,73,78,83,83,80,81,84,83,83,86,88,89,85,80,79,81,77,78,79,81,83,81,78,77,75,75,80,78,76,74,74,70,66,69,69,51,27,16,20,41,44,16,9,38,86,82,68,84,90,72,72,126,214,247,223,170,147,130,98,38,19,15,11
5,2,17,68,125,137,129,142,184,208,212,195,154,110,79,76,85,80,80,91,80,32,7,27,55,49,16,11,19,38,51,62,61,60,61,63,62,63,65,68,66,69,73,76,79,79,77,72,72,77,80,79,75,72,70,68,73,74,76,75,73,73,73,74,74,73,72,71,71,75,81,85,88,88,86,84,82,82,85,87,85,82,85,86,88,91,87,83,67,45,30,26,26,26,24,25,25,22,18,20,20,18,16,16,19,19,18,20,24,31,38,47,57,64,68,73,75,78,82,80,85,87,88,75,59,44,35,24,15,15,18,18,15,14,16,21,24,24,18,12,18,21,25,26,26,24,23,19,18,22,30,52,77,86,89,85,83,83,82,83,84,83,84,85,85,84,83,78,74,76,76,75,75,77,81,79,72,76,77,79,77,75,76,77,75,76,81,85,87,85,80,79,80,78,78,77,79,79,80,78,77,75,74,76,75,74,73,73,72,71,72,69,51,30,16,14,34,42,15,6,31,79,80,73,80,88,71,65,110,196,251,249,197,166,144,107,41,16,13,12
6,0,27,82,131,135,127,142,178,196,202,193,162,114,72,72,86,84,83,84,79,33,8,29,54,45,13,12,21,37,49,58,57,55,57,58,60,63,66,67,70,75,80,82,82,78,72,65,63,67,70,68,70,71,72,73,70,68,66,67,69,67,70,73,74,73,71,71,70,72,76,79,85,87,84,79,79,80,84,87,84,80,78,80,85,86,81,78,70,52,34,24,22,24,23,21,22,24,20,21,20,18,17,16,19,21,18,19,20,24,31,38,48,56,58,65,69,75,83,80,84,85,85,71,49,34,30,27,20,18,18,19,16,15,17,19,23,25,20,15,16,21,26,27,25,23,22,19,16,21,29,53,79,89,93,88,85,83,81,82,84,80,82,83,84,83,83,77,72,74,76,78,78,75,75,75,72,67,68,69,72,73,72,73,72,73,79,83,87,88,85,81,80,77,77,76,76,77,78,78,77,74,72,75,75,76,75,72,71,69,67,61,45,29,19,14,37,57,24,3,22,72,79,76,88,99,80,64,93,173,236,240,189,155,134,113,52,25,12,8
10,4,30,90,131,129,122,139,174,187,193,198,178,118,84,75,84,82,77,87,82,33,8,34,62,51,16,17,24,33,40,52,55,56,59,61,61,61,65,69,74,76,78,78,77,74,71,66,64,66,70,75,77,78,76,76,70,72,71,67,64,59,60,62,65,68,68,68,69,71,74,75,84,91,86,81,83,81,83,84,83,82,80,79,81,83,81,77,70,56,35,25,24,25,23,18,18,21,24,22,20,18,17,20,20,18,17,19,22,22,24,27,35,42,49,53,58,67,76,78,80,79,83,76,50,30,24,26,20,19,21,22,19,18,20,20,20,20,20,20,16,19,23,25,25,24,22,19,18,22,31,54,76,86,93,92,90,85,80,79,81,81,82,84,85,85,78,73,71,72,73,70,66,66,70,73,72,60,58,59,62,66,67,71,73,74,76,78,83,87,84,79,77,74,74,75,76,78,76,78,78,74,71,73,74,73,70,65,63,61,59,52,39,27,10,14,48,74,31,5,23,74,85,79,86,98,82,67,95,176,235,237,196,169,147,117,59,28,13,10
8,8,29,89,127,130,140,166,201,208,213,214,202,128,79,70,82,78,77,80,72,28,7,46,71,53,13,12,19,28,34,46,50,53,58,57,64,67,69,71,77,77,77,77,77,75,69,63,62,67,72,72,62,49,38,32,31,38,46,45,42,45,45,49,53,54,51,54,63,70,74,76,80,85,84,79,79,85,83,83,84,86,85,83,82,81,82,82,74,58,39,27,23,25,22,19,18,20,23,24,22,20,16,17,19,20,20,18,18,20,22,21,25,32,41,46,53,57,70,69,73,74,81,82,58,30,21,22,20,21,19,17,19,20,20,24,20,18,19,19,22,21,22,24,28,28,29,28,25,26,32,49,68,81,90,95,91,87,84,83,84,81,85,88,88,87,82,76,71,68,58,46,37,43,52,59,61,57,57,56,56,57,57,59,64,71,76,77,81,84,81,75,71,73,72,75,77,77,73,75,77,74,65,67,67,66,63,56,52,50,45,40,33,25,13,16,62,91,48,3,12,63,81,78,82,95,81,71,119,203,252,245,197,160,158,128,72,31,21,8
7,7,30,90,129,131,134,152,179,187,195,188,177,116,80,76,89,83,79,81,70,34,18,47,70,60,28,22,19,22,24,29,29,34,42,60,65,68,70,73,77,75,74,73,72,69,64,58,56,57,59,58,53,46,40,38,33,36,36,35,33,35,35,40,46,47,42,47,57,68,75,77,74,81,83,83,86,82,82,81,83,84,87,86,85,85,85,84,76,60,43,30,23,22,21,20,21,21,23,23,22,19,17,19,20,22,21,18,19,22,23,23,27,32,34,38,42,47,61,75,74,75,84,86,62,35,26,30,25,20,19,19,23,22,19,25,28,24,23,27,26,23,19,23,30,28,29,31,31,34,40,52,63,73,82,90,88,86,83,83,83,83,87,90,90,88,86,79,74,69,59,46,34,23,24,34,42,49,56,61,58,51,51,51,55,61,68,75,78,81,81,80,79,77,74,77,77,73,76,72,68,64,58,56,63,69,67,52,41,35,33,34,33,28,12,16,64,99,66,12,7,52,75,76,87,99,79,56,91,173,239,255,218,157,133,131,86,37,20,12
7,6,36,90,132,138,139,156,192,207,211,187,165,116,85,79,81,78,76,79,59,25,21,54,83,75,39,24,15,18,20,20,22,34,49,62,65,67,70,73,78,77,74,71,69,69,67,62,57,54,52,50,46,42,38,37,27,27,25,25,26,27,28,35,43,45,46,52,57,65,71,73,76,79,80,82,84,85,85,86,86,87,84,84,85,85,85,85,79,66,47,32,22,19,20,22,22,23,22,21,20,19,18,21,22,23,22,19,19,19,18,21,24,26,30,31,35,41,56,69,68,67,79,88,77,45,21,25,28,22,19,22,25,23,18,26,40,44,35,29,29,29,29,28,27,31,33,33,33,37,45,59,71,75,76,75,86,85,84,83,82,85,88,91,92,90,88,82,76,71,59,47,39,29,28,35,39,42,47,52,53,51,43,46,50,60,74,79,76,76,76,78,80,79,72,70,69,67,68,70,72,65,53,38,39,40,38,29,21,23,30,37,34,25,10,19,62,94,67,14,4,53,81,79,82,94,78,54,80,155,220,247,227,171,140,130,102,44,17,12
6,7,44,94,132,133,132,157,198,206,208,182,151,103,70,76,80,84,82,84,65,28,21,57,89,84,47,27,18,24,23,21,19,30,44,62,63,64,67,71,75,74,71,70,67,65,61,56,50,48,47,49,44,39,36,35,30,29,27,25,24,22,25,33,43,46,45,48,54,64,72,76,78,79,78,80,82,86,87,89,88,88,83,85,87,86,86,87,84,72,51,31,20,19,21,22,22,21,21,19,18,18,19,19,21,24,24,24,22,19,16,20,23,22,23,28,35,41,55,72,75,64,67,86,90,64,26,15,24,22,18,19,22,22,19,23,36,53,57,49,43,39,33,30,27,32,35,36,40,48,54,62,77,86,86,85,85,87,87,85,83,85,87,90,91,89,86,80,75,71,60,48,39,36,37,38,37,30,29,27,26,25,25,28,30,37,56,71,75,76,77,78,78,68,52,45,47,49,54,54,51,35,15,5,6,14,23,28,28,31,37,42,38,29,7,9,47,89,80,18,1,49,83,79,86,107,97,65,65,118,187,236,227,175,148,162,134,69,25,11
4,6,54,108,135,135,141,159,196,202,198,172,127,91,75,82,84,82,77,80,62,27,20,50,82,78,54,37,28,20,20,20,21,35,52,58,61,62,62,65,68,70,71,70,66,61,59,57,54,51,50,49,44,39,36,34,36,35,30,26,22,21,27,35,42,44,45,48,52,59,65,69,72,78,81,80,79,82,84,88,89,91,85,86,87,88,88,87,84,76,54,35,25,23,20,21,21,18,22,21,18,17,19,17,19,20,21,21,20,17,19,22,25,24,21,23,32,39,56,78,80,52,37,69,91,84,50,19,20,21,18,17,21,23,22,23,28,50,68,69,48,42,34,32,32,34,39,46,52,60,68,74,80,85,86,85,85,89,90,87,86,82,86,90,91,89,87,78,72,70,59,45,38,32,36,41,42,52,56,59,59,59,68,61,50,44,46,55,61,68,74,72,66,53,38,33,33,30,29,26,26,22,15,15,16,24,32,31,29,26,25,30,37,37,25,11,31,77,77,22,5,48,83,81,72,100,106,73,54,86,159,228,238,186,147,144,131,75,26,13
4,6,53,102,129,135,145,161,196,214,212,176,122,90,84,82,79,75,73,75,49,14,16,60,77,71,52,37,30,21,21,20,21,34,50,57,62,63,62,64,65,64,64,63,62,60,58,57,56,57,56,52,48,44,40,38,36,33,27,21,17,21,26,35,41,44,44,47,54,60,60,59,61,60,57,66,80,82,84,86,86,87,87,86,86,86,86,88,87,75,54,36,29,26,22,22,23,21,14,17,19,20,20,17,18,18,20,21,22,22,22,22,22,22,23,30,29,33,56,80,74,44,26,44,82,96,78,41,25,22,20,16,17,20,22,19,23,48,77,88,65,52,35,31,31,30,40,54,63,69,72,75,80,84,86,86,85,89,89,86,86,89,91,95,94,91,89,80,73,67,52,38,34,37,47,56,59,65,66,66,70,79,78,79,78,72,65,62,63,66,64,54,42,30,27,32,30,25,15,16,20,21,16,16,15,17,26,38,48,52,59,64,63,56,48,31,29,61,79,39,11,44,84,84,70,90,103,82,62,95,166,216,214,175,152,149,136,80,27,13
5,9,51,104,135,141,147,165,203,220,202,149,106,87,79,76,72,75,79,77,49,16,20,61,85,84,66,44,35,26,23,22,24,33,43,48,54,56,55,54,61,60,58,59,60,64,62,56,52,52,53,53,53,50,47,44,42,37,28,22,18,20,21,22,23,23,24,31,39,42,38,33,34,35,31,45,67,87,86,87,87,86,88,87,86,85,84,85,79,68,54,46,40,33,29,28,26,23,25,20,20,22,21,25,23,19,17,18,19,19,20,21,22,22,27,29,20,37,69,81,63,38,26,29,43,76,89,67,33,16,19,20,26,25,22,16,16,44,84,102,104,84,63,58,60,61,63,64,65,69,75,77,81,84,85,87,87,90,89,87,88,92,94,95,92,88,85,80,76,70,57,44,46,50,54,56,57,57,64,70,73,78,74,76,78,77,72,68,60,47,36,27,23,23,19,18,17,14,10,8,5,10,16,23,44,64,70,69,67,67,71,74,70,64,55,31,24,52,74,52,11,31,82,95,68,74,91,81,64,102,186,235,214,173,152,155,140,83,28,13
4,3,35,93,122,124,131,161,206,208,163,108,90,85,85,79,73,72,76,69,44,18,29,72,89,89,68,41,29,23,24,23,26,33,36,45,52,55,53,51,53,54,56,56,55,51,49,49,51,52,52,50,51,51,47,44,38,32,25,19,17,17,19,20,24,26,22,20,21,24,26,27,28,32,37,54,69,86,86,88,87,87,88,88,88,88,88,87,79,71,65,58,50,44,37,32,28,23,21,25,38,44,37,28,24,19,17,18,21,21,22,22,23,23,21,18,28,61,78,71,44,29,34,34,28,45,64,74,57,31,21,21,23,24,21,17,17,47,93,118,111,100,90,90,92,92,87,78,71,73,77,80,81,83,86,87,84,86,84,83,85,92,94,94,92,87,85,85,85,79,67,57,57,57,52,49,51,58,68,75,77,79,83,84,84,82,80,74,62,49,41,37,32,28,33,36,41,44,49,49,48,55,67,81,78,74,72,70,69,70,72,76,73,70,60,41,26,37,62,51,13,20,73,100,77,79,94,78,64,112,203,252,228,181,149,149,136,81,29,14
6,11,51,98,116,122,135,175,216,205,145,104,103,95,81,69,73,77,84,76,43,11,17,69,82,83,71,43,27,22,24,24,23,27,34,38,41,42,38,34,35,37,48,55,50,49,50,49,46,41,39,42,48,51,48,45,44,39,31,26,27,29,27,24,21,19,18,17,17,23,31,36,32,29,39,59,73,83,82,84,87,88,89,85,85,91,93,95,88,79,75,65,54,49,40,34,31,29,48,57,65,59,43,28,33,33,27,28,32,32,29,25,22,20,9,17,53,83,77,40,22,19,32,31,29,28,32,47,57,56,44,30,26,28,29,19,18,39,87,124,132,125,114,105,102,98,94,87,82,80,82,81,82,83,86,88,93,92,91,89,90,92,95,97,94,88,83,83,82,76,65,56,57,56,55,56,57,65,68,74,79,84,83,84,82,78,73,73,71,66,57,52,54,65,74,78,77,76,74,76,76,76,78,75,75,79,81,79,76,74,75,77,75,71,72,62,36,24,56,53,15,17,64,93,82,78,91,73,63,108,205,240,217,172,146,143,133,78,28,13
7,6,36,86,114,134,137,145,155,163,159,139,120,94,74,74,77,75,78,72,41,13,19,70,84,82,68,42,26,21,23,26,22,21,26,39,46,50,41,29,25,19,21,28,28,29,32,35,39,41,42,42,43,43,50,59,57,56,52,52,55,63,61,59,56,54,54,53,48,48,50,51,46,43,51,69,80,86,85,86,87,88,91,88,87,91,92,88,82,82,82,74,63,55,45,48,72,94,96,90,68,55,63,94,115,116,79,44,35,29,23,23,22,18,22,53,83,74,41,17,19,25,30,27,25,25,27,32,38,43,49,49,37,33,37,37,36,34,41,48,86,99,113,112,106,97,92,87,82,81,83,84,83,83,85,86,87,87,88,89,90,94,93,92,92,92,88,85,82,79,71,65,61,58,57,57,58,68,70,75,81,84,83,83,81,79,76,78,76,67,60,61,67,72,76,75,73,73,76,76,76,75,75,79,81,82,83,83,84,83,82,83,80,75,71,71,46,21,41,43,13,16,61,97,84,77,93,81,67,94,192,239,221,169,143,148,138,81,31,12
7,6,38,76,111,130,122,101,89,113,146,155,119,70,71,89,93,77,76,63,33,16,31,78,86,75,53,31,22,23,26,25,23,33,45,53,62,69,69,65,60,53,45,39,32,27,25,21,16,13,11,14,19,22,34,49,50,55,57,61,67,68,71,76,81,85,84,79,74,69,67,65,59,56,63,75,83,85,87,91,92,93,94,93,91,90,90,89,84,80,79,76,74,76,81,85,89,90,90,79,70,79,98,105,104,104,95,65,35,25,24,15,16,26,62,78,62,31,21,25,30,32,29,29,21,23,29,34,36,36,41,49,49,42,38,50,59,62,58,57,54,69,86,92,95,92,91,89,87,86,86,86,84,83,84,86,90,89,89,89,89,87,88,90,90,91,93,89,84,78,73,67,63,60,60,63,65,68,71,75,79,81,82,83,84,82,80,77,71,63,59,66,75,79,80,78,79,83,85,84,83,82,81,84,85,85,86,86,88,85,84,82,79,75,75,74,52,23,36,49,23,19,54,92,82,69,91,86,64,81,180,234,221,167,148,153,144,86,34,14
5,6,43,82,112,127,131,121,98,103,134,151,118,71,70,90,100,85,79,66,31,14,32,73,81,63,37,19,19,23,24,21,22,41,61,70,69,69,68,68,72,74,76,74,71,72,71,66,55,44,33,19,18,27,40,44,52,57,62,66,72,78,78,80,81,82,79,77,76,75,75,74,70,68,72,80,83,86,89,92,92,90,90,93,92,88,87,90,88,85,86,91,98,107,102,99,99,101,92,83,84,97,110,102,63,31,25,18,10,9,8,20,49,73,73,47,22,22,40,45,43,41,38,36,32,29,27,28,32,35,33,32,38,46,51,62,66,68,67,68,76,77,76,78,85,88,88,89,90,90,89,86,84,85,87,89,93,93,92,91,90,93,94,95,95,95,96,93,88,85,79,73,69,63,62,65,69,72,74,77,80,81,86,86,86,84,82,79,79,78,76,78,82,84,85,84,84,87,86,87,86,86,87,85,85,83,83,85,87,85,84,85,82,77,74,75,57,23,28,39,15,20,63,102,84,63,84,85,57,75,179,234,217,160,148,148,142,87,35,13
4,5,35,73,105,120,140,153,159,167,179,161,107,62,69,85,91,86,80,58,18,9,37,76,78,51,26,20,22,26,27,26,36,53,65,63,66,70,70,70,69,72,73,73,75,74,73,73,70,66,61,45,27,28,42,49,58,64,69,71,75,79,80,81,82,82,83,83,82,82,82,82,79,76,80,86,89,89,92,93,90,87,87,90,89,89,90,91,91,91,88,86,84,84,92,100,103,103,101,93,88,93,106,97,68,31,10,9,12,20,41,71,80,64,34,13,13,31,38,50,51,49,47,39,36,30,25,32,46,52,49,36,21,28,47,65,68,73,76,79,77,77,76,74,72,79,83,87,87,87,88,85,83,86,90,91,89,89,91,92,94,94,90,86,87,91,95,94,94,92,88,84,78,68,62,61,59,72,77,83,85,85,86,87,88,86,83,80,82,84,84,83,84,87,84,84,84,83,85,85,84,84,83,83,82,81,81,82,82,79,77,76,75,74,71,76,61,16,12,40,26,19,61,99,88,60,81,91,56,69,167,233,213,150,133,144,137,86,36,10
7,11,44,80,122,126,126,151,192,199,191,158,106,68,70,80,79,78,76,51,14,17,48,71,48,23,12,18,29,38,33,36,48,62,67,67,69,73,78,82,82,83,80,76,75,76,75,72,68,67,67,61,45,33,38,47,58,65,70,72,77,80,81,81,82,82,83,83,82,84,85,86,81,82,86,91,90,90,93,95,94,91,90,90,92,93,94,93,92,92,91,88,86,85,91,95,97,97,96,93,91,86,78,59,48,35,33,41,47,60,72,67,42,11,15,21,25,33,40,50,51,44,42,38,25,18,15,24,41,52,52,40,26,34,53,69,70,73,76,77,78,78,77,75,74,79,84,86,86,86,87,86,83,85,88,88,86,87,88,91,92,93,90,87,87,91,91,92,92,92,92,90,84,76,70,64,59,68,76,85,88,88,87,87,86,84,85,84,85,87,87,87,87,86,83,84,86,85,83,83,80,79,78,77,77,77,76,75,79,80,77,76,76,77,72,72,58,20,21,47,38,15,50,101,101,65,76,93,62,65,147,235,240,175,140,145,128,73,30,8
5,11,45,86,124,126,128,159,199,199,193,164,108,73,73,80,75,75,74,47,12,22,57,68,34,13,20,52,66,67,60,51,50,57,64,71,69,69,73,78,80,81,79,75,75,81,80,76,72,71,70,70,64,50,43,48,58,65,71,74,77,81,82,84,86,87,88,87,85,85,85,85,83,85,89,91,89,90,92,94,92,90,90,90,90,91,92,92,92,91,91,90,90,92,94,96,96,96,91,88,83,78,69,68,66,65,65,68,68,60,44,28,18,15,21,33,29,26,34,46,43,32,31,31,20,16,16,26,40,48,47,37,26,38,59,73,71,73,74,76,76,78,80,80,78,80,85,88,86,85,85,81,80,85,90,90,86,86,88,91,92,91,90,87,88,89,91,92,92,91,90,89,89,85,82,74,67,67,73,80,86,88,89,86,84,84,86,87,88,89,89,88,87,84,82,83,84,82,80,79,77,74,73,69,69,68,68,68,71,73,74,73,73,71,64,64,51,19,15,36,34,14,40,97,109,73,75,92,62,61,145,239,241,165,132,142,120,66,28,12
8,10,38,81,116,120,130,153,189,200,209,183,109,65,74,80,77,78,77,46,9,24,56,53,18,13,37,70,68,62,61,55,52,58,69,74,73,73,73,75,76,79,80,81,84,84,82,80,78,77,77,75,73,65,57,55,62,67,71,73,76,80,81,84,87,89,92,92,89,86,86,86,86,85,88,92,91,94,94,94,94,94,91,90,90,90,90,91,91,91,91,93,94,93,92,91,90,91,85,80,78,78,78,76,77,76,75,73,65,43,28,22,13,13,21,31,31,30,38,37,36,25,23,20,17,16,15,21,29,38,43,36,28,42,63,73,71,71,75,79,75,78,81,79,76,76,81,85,84,86,86,82,82,86,91,91,86,87,88,91,93,89,89,88,87,87,90,91,92,91,89,89,89,86,86,81,76,71,74,79,83,88,90,89,89,88,88,86,87,87,87,85,84,82,80,80,77,72,72,71,67,64,62,64,64,66,68,70,68,68,68,67,65,60,45,45,35,19,17,38,35,19,36,83,93,66,72,96,72,58,130,228,235,160,136,142,119,64,27,12
6,4,26,61,109,121,129,157,192,197,205,188,115,68,70,80,77,78,73,39,11,28,58,34,10,31,63,72,65,65,64,62,57,53,53,58,59,63,68,72,69,73,77,78,79,81,82,82,81,82,82,83,78,73,66,59,67,70,73,73,75,76,77,82,85,88,90,89,87,87,88,90,91,88,89,92,93,97,96,95,96,97,92,92,93,94,93,91,90,91,92,93,92,87,85,83,82,82,79,79,81,80,76,79,77,76,76,77,74,53,30,18,13,15,28,33,33,29,27,32,30,22,20,16,17,20,21,22,26,35,38,31,22,34,55,70,72,73,76,82,79,80,79,77,76,76,79,81,84,86,88,88,85,85,88,88,87,88,88,88,88,88,89,90,89,87,87,87,89,92,93,92,88,86,85,84,84,81,82,83,87,89,93,93,92,90,88,85,84,82,81,80,79,80,78,76,71,65,64,61,56,53,51,47,46,48,52,60,65,67,67,67,64,62,56,44,27,10,12,32,28,21,46,97,102,71,69,91,73,67,125,230,250,188,147,146,117,56,20,12
8,10,31,82,129,125,121,149,192,208,203,185,111,62,68,80,76,78,69,38,17,32,57,22,13,41,68,69,64,66,67,65,63,58,52,44,37,33,38,45,65,64,68,73,79,80,81,83,84,84,84,84,83,79,76,73,72,72,73,76,78,79,80,83,85,87,89,89,87,87,89,90,91,91,93,96,98,92,91,89,89,89,90,92,94,93,91,89,89,91,91,91,89,88,84,82,83,84,86,87,88,86,82,79,76,74,76,76,72,56,32,18,19,23,30,29,28,26,25,22,24,24,22,20,22,18,14,19,29,32,30,30,31,39,48,60,70,75,75,77,79,82,81,78,79,79,79,82,85,88,87,82,83,84,84,85,87,89,89,88,87,86,88,91,90,88,89,89,90,90,91,92,95,91,88,86,86,87,87,87,90,91,92,91,89,87,85,85,81,78,79,78,76,74,74,76,74,70,65,65,62,58,57,47,46,47,53,62,67,68,67,67,68,68,64,61,47,23,19,29,28,17,30,78,91,73,75,91,80,58,78,182,227,192,145,142,119,59,22,12
5,4,22,74,119,117,122,162,208,217,209,188,113,63,65,80,76,79,69,32,18,37,52,14,14,47,68,66,67,70,68,66,64,55,46,39,33,31,41,53,55,57,63,68,72,75,77,81,84,86,86,84,84,81,78,76,75,73,72,75,79,85,85,85,85,85,87,88,88,90,90,90,92,91,92,93,94,93,92,93,94,96,93,94,95,94,91,88,87,87,87,87,87,87,83,81,83,85,86,85,84,81,78,79,77,78,81,81,83,68,38,22,21,22,28,35,38,31,25,17,21,25,24,22,15,14,20,30,31,26,29,39,50,51,46,42,59,72,79,78,77,83,86,83,80,79,80,84,88,89,88,87,89,90,87,85,84,87,89,89,87,86,88,91,93,93,92,92,90,90,88,89,90,89,88,88,89,91,91,91,92,94,87,87,85,84,83,80,76,75,78,78,77,73,74,77,75,72,65,69,70,69,65,68,66,65,67,70,71,70,69,69,70,71,67,69,61,31,14,16,21,13,18,68,96,86,77,84,79,65,87,192,235,194,142,139,120,62,21,9
7,8,30,78,127,128,134,170,207,211,209,193,118,67,69,84,80,79,68,30,14,32,39,10,17,54,67,62,71,77,79,75,72,65,58,55,46,36,28,24,32,39,51,60,66,67,69,73,79,82,84,88,87,86,84,82,81,80,81,81,83,86,86,87,86,86,86,88,90,92,91,91,90,89,88,88,88,88,87,88,89,91,92,94,94,93,90,87,85,83,83,83,85,86,86,86,86,85,88,86,85,84,84,80,79,81,83,81,71,49,31,28,28,23,27,34,38,36,32,36,35,38,44,51,58,60,57,45,29,20,28,41,43,37,34,37,46,62,75,78,82,87,88,84,82,81,84,87,89,89,87,86,85,85,84,84,85,87,88,86,85,83,84,87,90,92,92,90,90,90,90,88,87,86,88,90,91,92,91,90,91,93,89,87,85,81,79,78,74,73,75,76,74,73,73,75,72,67,67,68,70,69,69,71,71,70,68,66,69,73,76,76,74,72,70,69,69,44,23,24,21,19,19,61,96,86,69,80,79,61,90,199,229,183,136,139,114,53,17,10
4,4,21,66,117,120,116,143,186,210,215,194,117,64,70,85,81,79,66,37,17,25,26,9,22,61,69,59,69,75,75,72,71,70,68,66,65,61,55,52,29,24,20,23,31,49,62,69,73,76,80,81,82,83,83,83,87,88,89,88,87,86,88,89,89,88,87,87,88,90,90,90,89,89,89,89,88,93,90,88,86,85,90,90,89,86,86,87,85,83,81,82,84,87,87,89,87,85,83,84,84,84,85,86,80,78,79,71,58,45,39,38,33,25,20,26,36,54,74,90,83,70,70,78,76,65,43,24,23,32,46,57,56,51,48,41,44,51,62,68,85,90,89,83,82,85,87,88,89,88,87,89,90,87,86,88,85,88,89,86,84,76,77,78,82,88,89,90,90,90,89,89,91,89,88,90,92,90,90,90,90,91,90,88,84,81,77,76,74,74,74,74,73,71,72,73,72,69,69,70,70,69,71,70,72,73,73,74,75,80,83,83,79,73,64,61,65,52,33,26,19,21,25,60,81,74,70,87,86,63,88,185,219,180,135,140,111,46,15,12
5,8,20,63,114,125,132,163,208,230,225,199,126,65,70,78,75,77,75,41,16,18,22,16,22,58,69,62,66,69,74,76,75,70,66,68,66,65,63,62,56,45,30,24,27,34,48,62,71,74,78,80,80,81,83,83,88,88,88,87,85,85,87,89,89,86,86,87,86,87,88,90,92,89,87,86,85,87,87,87,88,88,89,89,87,84,87,91,91,89,89,90,92,90,87,87,88,87,87,87,86,86,87,82,81,83,79,60,42,37,39,38,38,37,41,40,33,29,41,81,92,88,81,75,66,53,42,40,46,51,59,73,81,77,72,61,56,45,40,42,48,67,81,82,87,90,90,88,85,82,83,84,82,86,87,84,80,81,81,77,75,74,74,74,75,76,84,91,95,93,89,86,87,96,97,92,90,95,94,95,95,97,92,89,84,80,77,74,71,69,69,71,72,71,71,71,69,67,69,72,72,71,72,75,76,76,75,79,84,86,87,83,76,70,67,65,61,48,33,35,25,20,23,50,77,71,73,83,87,62,94,196,242,202,145,139,108,43,17,12
6,7,18,67,111,119,128,157,190,184,167,168,123,72,66,74,76,82,80,46,11,13,26,25,20,37,51,62,69,72,76,78,78,74,72,72,71,68,66,65,65,59,52,46,43,43,42,48,64,72,72,74,77,80,83,85,88,88,88,86,84,87,88,88,89,87,88,88,88,88,88,88,91,93,93,89,87,88,86,83,79,78,77,77,77,76,80,85,86,86,88,90,92,89,87,88,91,90,89,86,83,83,82,90,88,76,57,42,39,43,44,48,52,56,61,64,59,47,42,43,55,61,58,51,43,40,47,64,68,64,69,78,81,75,69,57,49,42,42,45,58,63,60,52,49,56,59,66,78,89,93,88,87,86,83,81,82,80,75,72,70,65,60,55,52,53,55,68,81,85,85,88,94,93,88,89,97,92,93,94,94,94,96,91,82,77,76,76,72,67,67,70,73,73,73,72,70,69,72,75,76,75,76,79,82,83,84,86,89,90,88,80,71,64,64,66,56,41,37,30,23,20,22,49,75,72,74,83,89,65,76,162,225,202,146,127,90,32,14,9
5,5,13,67,118,124,121,142,176,185,185,181,124,65,59,72,81,90,82,41,10,12,24,30,39,48,55,59,65,72,75,76,77,79,80,80,78,75,72,70,72,72,71,70,69,66,60,58,64,69,71,71,74,78,81,83,86,86,88,87,87,89,89,89,89,89,89,89,90,89,88,86,84,86,83,77,73,64,66,67,69,70,70,71,72,73,79,85,87,88,89,90,90,86,85,88,91,91,92,93,93,90,88,75,65,49,37,36,38,42,51,61,69,73,67,69,68,70,60,55,45,41,37,42,46,48,55,66,69,71,75,75,73,69,65,61,51,46,46,44,40,40,36,34,37,39,34,27,23,23,25,35,46,53,64,74,84,78,71,60,54,50,42,32,31,37,54,60,52,37,38,49,65,83,98,99,91,97,97,97,98,99,96,92,86,81,79,79,77,74,73,74,76,78,78,77,75,73,74,78,80,80,82,82,85,86,83,83,81,80,80,75,68,62,55,54,47,41,43,41,27,15,15,40,73,69,69,77,90,74,82,160,228,210,154,133,100,39,18,17
4,3,11,54,110,124,121,150,193,201,181,153,109,76,62,69,79,93,85,31,8,9,20,29,34,45,56,60,62,66,69,77,82,82,81,85,82,79,76,75,79,76,71,67,64,68,70,72,72,71,70,70,74,77,81,82,83,86,88,89,88,88,87,86,88,88,89,92,90,88,88,84,78,67,59,56,55,55,53,54,56,55,60,64,64,65,73,84,87,88,87,87,87,82,82,87,93,91,88,78,63,48,34,33,34,36,38,36,36,43,54,62,64,63,72,67,68,77,72,70,62,59,52,52,59,64,67,69,71,71,68,69,71,75,79,72,59,51,43,36,30,34,38,41,42,43,43,41,36,29,24,12,5,13,27,32,38,42,46,45,41,39,36,31,29,28,37,65,87,80,52,29,24,38,69,93,101,97,95,98,99,99,93,94,93,89,85,82,79,79,77,76,76,79,78,77,74,72,78,81,83,83,84,85,85,80,72,67,69,71,72,70,64,59,47,43,42,45,47,40,21,13,13,46,73,66,61,72,86,67,80,175,245,218,151,136,107,40,17,12
6,3,9,55,106,124,121,158,200,204,177,144,109,78,64,67,82,98,85,31,9,8,22,31,37,51,58,63,67,64,66,70,76,82,85,86,84,81,82,84,82,81,79,78,78,74,73,73,73,73,73,74,78,83,86,87,84,87,89,87,85,83,86,91,93,95,93,97,94,85,71,52,44,40,32,28,32,35,34,29,29,38,46,49,51,59,76,87,87,84,80,80,81,81,75,76,72,66,44,42,34,31,35,39,40,38,31,27,33,44,56,68,76,78,70,68,71,73,74,69,67,57,49,47,53,63,74,80,80,81,80,78,75,72,69,56,42,31,29,28,25,25,27,31,34,33,29,25,24,25,32,33,27,27,28,27,28,46,66,71,63,63,73,79,70,50,32,38,61,102,110,86,50,16,17,44,71,94,98,95,95,97,92,92,92,91,89,87,86,86,84,83,82,80,80,80,80,80,83,85,87,86,83,85,81,70,63,63,66,65,63,61,56,50,47,45,47,50,49,42,20,15,14,49,77,70,58,74,80,67,79,168,236,213,154,135,103,37,24,13
7,3,8,51,98,119,122,155,189,197,182,150,108,73,69,76,85,90,75,32,11,8,19,29,38,51,55,60,66,65,65,66,68,73,76,77,77,77,81,84,79,80,82,82,81,80,80,80,80,80,81,83,84,86,86,85,86,86,86,84,82,84,86,86,86,92,99,88,69,51,35,23,22,19,20,23,24,27,31,37,39,37,35,31,42,66,80,84,79,71,66,63,58,46,39,32,21,11,20,28,27,21,22,30,32,28,23,21,17,20,38,59,74,81,84,78,76,72,68,64,62,55,47,44,52,66,80,82,80,80,79,77,71,62,55,59,48,39,33,32,26,25,27,31,37,40,41,41,36,28,25,24,19,18,24,28,36,53,73,81,75,78,79,81,83,84,72,38,10,28,76,107,106,81,43,22,26,62,99,100,98,95,96,95,94,92,90,92,91,91,89,89,88,88,88,88,88,89,87,87,85,82,80,81,74,61,56,61,67,67,67,68,65,60,52,49,50,51,51,41,23,15,19,53,78,74,62,72,76,65,78,166,235,218,165,139,102,34,22,14
9,3,6,41,94,120,121,155,192,199,185,156,113,73,80,91,93,88,71,33,14,10,17,26,39,49,50,54,61,62,64,65,66,67,68,75,75,76,81,84,84,86,87,86,83,84,84,84,84,84,84,84,85,85,84,83,86,86,86,86,86,88,86,88,94,91,81,52,27,20,19,21,13,30,60,82,81,64,72,87,83,56,35,38,54,73,73,66,53,38,30,23,18,21,20,19,20,21,28,31,28,23,21,16,19,22,24,29,39,49,59,66,68,67,65,68,73,77,75,77,75,65,52,43,57,72,81,78,78,82,83,81,76,67,60,49,45,36,29,29,34,30,26,28,32,33,41,53,57,51,44,39,34,29,33,39,45,48,58,70,77,74,74,73,74,73,78,63,36,10,19,54,96,118,95,52,24,27,70,103,101,94,94,93,92,92,94,94,94,93,91,91,92,96,94,90,88,87,90,86,82,77,74,72,67,59,55,63,69,69,68,68,64,60,56,52,52,52,50,37,23,13,21,55,81,80,67,72,76,61,77,171,237,214,158,126,92,27,19,12
9,4,6,34,92,121,120,158,190,163,132,135,122,78,60,80,86,84,69,34,15,10,15,24,43,56,50,48,52,55,57,63,67,69,69,67,68,70,75,77,80,83,87,87,86,85,85,85,85,85,85,85,87,87,87,86,87,86,86,88,90,90,89,92,86,58,36,21,22,27,18,14,32,73,97,105,104,118,125,117,89,60,57,66,83,91,79,59,41,32,36,38,33,27,26,28,34,41,39,32,24,22,18,20,23,28,32,39,44,44,46,49,55,60,68,73,81,85,84,78,79,75,68,65,67,78,83,78,79,84,83,81,77,71,67,62,50,34,29,36,44,39,31,30,34,41,47,56,62,65,66,71,77,78,79,81,78,72,69,73,76,73,67,62,65,75,77,64,49,28,23,37,48,52,55,47,25,23,44,94,97,92,92,91,90,91,94,97,97,96,95,93,93,93,92,90,88,88,88,84,78,73,71,66,63,59,59,66,73,73,72,69,64,59,57,52,51,50,48,34,20,9,23,55,82,83,71,75,76,73,98,191,249,214,151,119,90,29,22,15
7,5,5,29,89,121,125,168,199,148,76,80,102,80,63,73,79,81,67,38,16,13,13,20,43,72,62,54,52,60,60,62,64,67,68,68,68,70,71,72,73,75,79,81,82,83,84,85,85,85,84,83,84,87,88,89,89,87,86,87,88,87,84,68,45,24,20,25,23,13,20,42,90,112,95,76,71,85,76,56,49,64,83,86,90,90,81,69,54,45,45,42,35,33,38,45,47,43,34,29,23,21,24,21,22,23,22,26,31,35,43,56,70,77,79,84,88,87,85,83,81,77,72,65,67,74,80,82,81,83,84,84,79,71,66,54,45,32,27,31,34,34,30,31,43,52,59,68,75,79,80,80,80,80,79,79,88,85,84,82,81,79,78,77,78,78,76,70,53,26,25,37,43,40,34,26,21,15,35,81,96,97,91,92,90,87,91,95,93,92,93,91,89,90,90,90,86,83,79,76,72,70,70,69,65,62,64,71,74,75,74,71,68,65,57,54,55,54,49,27,14,6,30,55,85,84,79,85,86,75,79,163,238,220,157,110,83,28,23,11
8,5,5,24,86,123,120,153,198,194,155,132,114,79,67,72,75,80,69,43,20,14,13,18,43,77,69,58,55,63,62,64,65,67,68,68,70,69,69,70,67,69,72,73,73,76,78,81,84,86,87,84,85,87,87,88,87,87,86,86,85,87,76,50,28,24,24,28,27,24,44,67,63,41,19,17,22,9,9,19,45,73,80,79,82,85,85,77,72,71,66,65,67,77,80,79,66,51,40,37,29,22,16,19,19,16,16,23,25,27,37,52,67,77,82,88,90,89,86,89,87,84,77,69,66,73,83,86,86,88,89,86,81,73,69,59,49,38,33,35,33,35,34,38,55,68,74,80,86,88,87,86,87,87,83,81,77,79,79,76,74,73,72,72,73,74,77,75,60,30,14,13,16,14,13,13,14,30,65,98,95,89,92,92,89,85,87,93,92,91,92,92,90,91,91,88,81,75,74,74,73,74,74,71,70,69,70,72,76,75,72,70,69,68,60,54,55,49,36,23,12,6,35,58,75,75,76,86,88,77,74,156,242,228,160,104,74,24,20,12
8,5,6,11,64,112,121,152,195,199,168,123,98,77,72,77,80,83,72,41,22,20,15,15,34,73,70,58,54,64,64,66,67,68,68,66,70,68,67,70,73,73,73,73,71,72,73,78,83,87,89,88,87,86,85,84,86,86,86,84,82,82,65,40,27,20,22,20,19,22,23,21,23,21,21,25,20,17,13,31,61,79,79,77,76,77,74,71,74,80,83,85,84,78,78,78,72,65,50,46,38,31,25,21,21,20,18,23,30,33,36,48,64,75,81,87,92,91,90,89,88,85,77,68,61,71,82,88,88,90,91,87,80,74,69,60,49,41,38,34,35,40,41,47,59,72,77,84,89,90,90,90,92,93,93,94,86,81,76,74,76,74,73,74,75,77,77,86,92,87,83,83,79,70,63,63,64,90,91,87,85,94,92,92,89,87,89,93,92,91,93,93,90,89,85,80,75,72,74,75,76,76,75,72,73,73,73,73,74,74,71,67,65,62,61,62,58,47,38,15,11,8,47,66,73,75,76,84,86,74,71,144,221,223,177,118,74,24,16,12
8,5,6,19,66,115,129,158,193,171,113,84,90,86,72,77,81,83,70,37,23,24,20,15,29,71,73,60,57,66,66,66,68,70,69,70,74,68,63,66,71,71,73,74,75,75,77,78,80,81,83,84,85,86,87,87,86,86,86,83,82,66,41,22,22,23,23,24,26,23,22,21,19,22,21,23,20,11,22,54,79,76,76,77,79,82,81,81,83,84,87,85,80,78,83,87,84,80,64,55,39,28,21,20,22,22,21,21,23,20,19,29,49,64,77,85,91,92,92,87,87,83,76,65,58,68,82,89,88,89,90,86,79,72,67,58,48,42,38,32,31,39,47,53,64,70,75,81,87,88,90,91,89,88,89,91,92,89,88,86,85,81,81,81,83,86,89,89,85,79,80,83,85,89,92,93,93,84,89,87,88,89,91,92,90,89,93,93,89,88,91,91,89,86,80,75,72,73,71,73,75,73,71,72,73,75,74,72,71,72,71,67,61,56,59,62,47,29,23,12,10,11,54,74,73,74,74,81,80,72,91,176,231,208,164,135,89,39,23,13
9,6,8,0,49,97,112,149,192,179,115,78,89,86,76,73,83,83,71,41,25,24,25,18,23,59,74,60,59,64,65,65,71,75,70,72,75,73,71,72,73,71,70,71,72,74,76,76,76,79,84,86,89,91,90,88,88,86,85,83,79,62,40,30,27,25,21,20,21,21,18,17,17,21,23,22,20,16,31,58,76,78,75,75,77,80,81,83,84,81,81,84,88,93,92,89,86,84,69,59,43,32,25,27,26,25,24,23,26,27,26,30,40,50,58,72,81,88,91,86,82,79,74,65,55,57,68,81,83,81,78,74,70,62,54,51,50,51,46,38,34,40,49,57,64,71,76,82,87,88,88,90,92,92,92,90,86,82,82,83,83,79,79,79,80,81,78,77,77,76,74,73,72,75,82,88,89,90,88,87,87,87,88,91,93,92,93,93,91,88,88,88,89,87,82,77,73,71,72,73,72,69,65,63,65,67,69,72,70,69,68,68,63,57,57,53,34,23,17,11,3,19,58,78,69,66,68,77,82,75,87,148,209,204,177,144,95,43,19,17
8,6,7,9,51,103,125,161,202,181,110,66,77,77,70,69,76,74,63,41,23,21,25,24,20,38,51,51,55,65,65,64,68,71,70,68,73,73,73,75,72,71,71,71,72,71,72,73,73,77,82,85,86,86,84,83,85,85,85,81,74,57,44,32,24,30,45,55,65,72,73,71,66,61,50,35,24,31,54,72,77,79,74,75,77,77,76,76,77,80,86,91,94,94,95,93,88,84,73,59,41,33,34,34,31,28,26,27,25,25,26,29,35,42,54,62,66,66,68,69,70,69,63,56,47,47,52,59,67,69,66,65,64,60,53,50,51,48,40,33,36,40,42,49,64,72,78,85,89,88,86,88,89,88,84,79,76,76,77,78,75,74,76,78,78,75,75,76,74,72,69,69,72,73,81,92,96,91,89,85,83,81,86,89,92,91,91,91,91,91,91,90,89,89,84,81,78,77,77,73,69,67,67,66,66,67,68,68,68,67,66,67,64,60,63,61,45,31,20,6,6,26,63,76,71,66,69,77,76,72,83,137,216,226,190,145,91,40,21,18
6,3,4,6,41,97,116,135,170,159,102,65,80,84,80,75,75,74,67,50,26,18,22,23,23,25,36,46,56,67,65,63,61,63,64,63,68,68,68,70,68,69,70,70,68,67,68,70,70,75,81,86,86,87,87,87,86,85,86,84,79,71,58,54,58,77,86,83,81,79,80,80,79,81,81,80,79,79,88,89,81,75,76,76,75,75,77,79,83,88,93,95,94,91,93,92,85,81,67,52,36,31,34,32,28,24,22,23,22,22,27,31,40,48,58,62,63,62,63,70,73,71,62,54,49,52,53,52,52,54,55,60,62,56,47,39,39,36,35,35,43,43,36,38,57,72,77,82,88,91,91,89,86,82,77,75,73,73,75,73,67,65,66,65,65,63,63,65,68,70,71,71,70,72,78,86,87,85,83,80,79,78,80,85,88,86,85,87,87,87,87,87,88,87,85,84,84,86,77,75,72,71,72,69,68,65,62,60,64,65,63,65,65,63,61,52,36,26,15,7,12,38,73,80,64,63,74,86,78,62,96,172,228,213,165,121,75,35,17,11
8,5,7,5,33,89,112,130,177,197,145,73,64,79,79,72,71,73,74,57,29,18,19,20,22,21,38,54,56,64,66,61,57,56,59,65,67,67,66,68,65,66,68,67,66,65,66,67,69,74,79,82,82,84,85,87,89,87,87,88,86,82,76,79,80,77,79,74,66,64,69,74,72,70,71,74,77,81,81,83,83,83,79,76,73,75,82,87,92,96,98,95,93,94,91,81,66,55,44,43,40,35,30,28,24,19,17,19,21,22,23,27,35,45,57,62,65,67,70,73,77,72,59,49,51,52,50,46,52,58,58,57,58,56,52,43,39,31,29,33,50,55,50,44,53,64,67,71,77,85,87,80,75,73,75,76,71,62,58,60,60,70,67,64,64,66,70,72,73,73,73,75,81,82,87,89,87,84,81,77,74,72,75,81,85,84,82,79,76,74,74,77,79,81,80,82,85,87,84,82,77,72,69,70,69,68,67,66,66,63,61,64,65,64,63,46,30,24,16,8,12,39,79,97,82,72,73,81,71,69,136,215,233,202,166,175,139,70,20,14
8,7,7,7,39,100,128,127,154,186,162,99,56,64,77,70,62,67,70,57,30,21,22,21,17,17,30,40,41,51,55,54,52,53,54,56,57,58,60,61,61,61,60,60,66,67,65,64,67,74,80,84,85,85,85,85,86,85,85,83,83,81,83,83,81,78,74,72,70,69,69,70,69,69,69,72,74,71,75,80,82,82,84,83,84,85,89,92,92,93,94,92,88,85,79,58,41,42,47,49,42,32,31,39,42,45,46,44,41,31,25,25,28,39,49,59,68,70,69,70,70,66,58,48,50,50,46,47,56,63,64,63,61,60,61,53,46,40,35,29,44,57,65,64,68,74,76,70,72,78,77,73,70,71,67,59,54,58,61,66,73,73,71,70,70,71,72,72,74,77,78,80,82,84,87,88,88,81,78,74,73,73,75,80,86,84,77,73,73,72,72,74,74,74,74,77,82,85,85,84,83,81,78,75,71,67,65,67,67,64,60,59,58,56,54,44,31,18,13,7,15,43,75,85,80,75,74,72,53,75,174,247,231,182,169,203,202,151,68,22
7,7,5,5,42,105,130,120,141,181,179,126,78,76,78,70,60,65,66,57,32,22,22,25,24,30,49,63,54,43,44,52,60,63,61,61,61,62,62,61,63,64,63,62,64,67,68,71,75,79,81,84,91,93,90,84,84,86,87,86,84,83,84,82,78,74,71,72,73,72,68,66,63,60,59,63,67,68,69,74,76,77,80,83,86,89,89,88,90,89,82,82,85,77,53,35,45,65,76,69,57,54,65,65,61,54,50,47,46,36,27,27,34,47,49,57,64,66,65,67,71,71,63,52,47,48,48,50,58,64,65,64,62,62,62,62,59,59,54,47,43,49,55,62,74,81,84,78,74,73,69,73,70,59,50,49,62,70,73,72,71,69,70,71,73,75,74,75,78,82,86,86,84,84,85,83,83,75,73,70,71,71,81,84,86,83,75,72,71,71,72,74,75,73,72,74,78,80,83,85,86,87,85,82,81,79,76,72,70,64,60,60,60,58,52,33,17,10,9,9,21,56,77,77,68,77,80,65,64,112,193,228,184,141,141,141,146,140,97,46
6,6,5,5,31,86,117,126,164,197,165,100,61,73,78,74,67,71,72,63,39,22,19,22,21,26,44,82,96,87,79,67,63,62,58,63,65,67,66,65,66,68,66,63,63,70,76,82,85,84,81,81,87,93,94,93,86,85,82,82,82,85,85,84,80,76,71,71,72,70,65,61,58,56,55,57,60,60,61,64,67,70,72,77,83,89,92,93,93,88,79,73,71,57,40,49,71,78,75,61,62,72,72,67,64,62,61,62,59,44,34,30,31,42,51,58,65,68,69,69,71,68,58,46,44,49,54,57,63,68,69,68,66,66,66,64,66,71,72,69,61,60,58,60,65,68,80,86,84,76,64,54,39,31,40,55,64,71,74,73,73,71,73,77,79,80,82,83,83,83,83,83,85,83,79,75,72,70,69,69,71,73,82,84,85,82,77,75,75,73,73,74,75,73,72,73,75,77,79,81,80,76,71,73,73,75,74,74,71,65,59,60,62,61,42,11,7,10,4,5,19,64,78,73,70,74,68,51,79,156,201,186,144,131,148,165,176,170,115,57
6,5,4,9,28,74,103,118,158,193,178,121,77,82,74,77,74,79,77,70,44,24,16,18,23,9,6,50,90,96,85,70,67,65,60,63,67,71,71,71,70,75,77,78,81,82,81,78,79,83,86,85,85,87,91,94,90,83,78,77,80,86,86,86,83,79,76,75,73,71,68,66,65,65,64,64,64,62,59,56,57,57,68,70,74,78,82,83,80,76,75,67,55,43,55,69,77,77,72,74,75,73,72,73,72,68,65,61,61,53,43,36,32,40,54,60,68,74,75,82,81,76,68,60,64,61,55,57,68,77,78,75,74,74,74,70,70,73,76,74,65,67,69,71,69,72,81,82,78,69,55,38,22,23,45,64,71,73,73,74,79,80,82,85,87,87,82,81,79,78,77,76,73,73,72,70,69,69,68,69,72,75,81,84,85,83,79,77,75,72,71,70,70,70,69,68,70,72,78,79,80,74,69,69,69,67,67,67,66,64,64,61,52,40,18,11,10,11,8,13,25,71,82,74,74,73,67,53,94,167,185,159,139,135,145,184,203,183,122,80
8,5,10,46,102,152,168,156,143,159,179,149,96,69,71,72,71,73,72,70,43,25,16,16,20,17,13,20,46,67,70,70,71,69,67,68,71,76,79,81,82,82,82,83,83,82,81,81,81,83,84,83,84,84,84,82,80,77,75,75,77,78,80,80,81,80,79,77,74,72,71,71,71,71,70,69,69,66,69,65,59,59,59,70,71,74,77,77,74,71,71,64,53,59,69,73,70,68,77,75,74,72,71,75,75,74,74,73,69,63,51,36,37,46,57,68,75,77,79,80,85,80,68,62,60,63,56,47,58,77,88,83,75,76,73,76,72,69,71,75,77,77,77,78,79,77,77,80,82,84,83,73,57,50,54,62,70,73,75,74,72,74,77,80,80,79,77,77,77,76,74,73,71,69,70,72,75,74,72,72,75,78,82,81,81,80,80,77,72,69,69,69,68,67,66,66,70,73,74,79,78,72,69,69,69,67,64,65,65,66,66,53,31,13,11,8,11,11,7,8,30,73,77,73,72,68,61,71,132,182,170,136,119,142,170,185,177,163,139,105
9,8,54,109,130,137,133,128,123,147,186,184,132,76,66,71,69,67,78,82,52,22,12,13,16,18,19,21,34,50,62,66,69,72,74,73,76,79,80,81,81,80,80,78,78,80,80,80,80,83,83,82,85,84,79,74,72,70,69,71,73,74,76,78,81,81,82,83,80,77,76,76,75,73,70,68,67,65,70,71,68,65,59,64,67,70,72,72,69,68,72,75,73,75,78,79,79,81,84,79,74,73,74,74,67,67,72,68,64,60,50,38,36,42,55,69,76,78,79,81,84,79,68,64,61,63,56,45,49,63,80,84,80,80,77,83,84,86,85,85,80,81,81,81,80,78,78,79,79,79,80,81,84,84,80,77,74,74,73,72,69,71,70,70,71,73,72,70,68,69,72,73,73,72,72,73,75,73,73,73,75,76,79,79,77,75,75,74,71,70,71,70,67,65,66,68,72,74,74,80,81,74,70,65,67,67,66,73,72,60,40,22,14,14,8,10,12,9,5,12,40,77,79,72,68,63,50,91,154,170,145,122,129,144,155,140,121,119,124,108
7,25,96,134,149,146,130,126,120,123,145,169,150,92,60,64,71,72,89,96,60,17,9,12,11,17,24,28,36,48,60,67,65,67,71,74,75,76,76,76,76,76,76,75,75,73,72,75,78,82,84,85,85,82,77,71,69,68,68,71,74,76,77,77,77,76,76,78,81,82,84,83,79,77,74,72,71,67,69,72,72,68,58,52,56,61,65,66,67,73,80,84,83,81,83,83,84,88,90,86,81,78,78,73,69,70,76,76,69,64,60,57,58,60,67,75,78,78,79,83,84,76,64,60,62,63,58,46,41,49,71,86,84,84,82,77,80,81,78,75,77,79,82,83,82,80,80,80,80,79,78,77,78,78,77,76,77,77,77,78,78,78,76,72,71,72,71,71,71,71,73,73,72,74,76,79,79,79,80,81,82,83,82,81,78,75,73,72,70,69,69,66,63,63,66,70,74,76,77,81,80,74,72,72,66,64,59,42,31,20,13,16,13,6,8,11,10,7,7,11,47,81,83,76,66,61,63,119,167,165,134,119,131,130,128,118,105,90,91,93
21,86,137,159,182,173,140,128,128,123,127,166,172,120,66,60,68,66,77,81,56,18,12,11,8,17,25,29,37,46,58,66,64,65,72,72,73,73,71,70,66,66,68,68,70,65,67,70,76,82,85,85,81,76,71,69,64,64,65,68,71,76,75,73,69,65,67,72,75,78,77,79,86,84,83,81,81,75,72,74,76,73,66,41,30,34,48,69,82,94,95,90,84,84,92,99,107,112,118,113,104,95,88,85,87,85,81,81,81,77,74,73,73,71,67,72,74,76,81,84,84,73,60,54,57,59,55,44,36,36,58,80,81,82,80,82,83,81,77,75,71,76,81,83,82,82,82,81,81,81,80,79,80,79,77,76,81,79,77,77,77,82,80,77,72,69,66,67,69,69,67,67,71,73,73,72,71,72,73,75,76,75,82,79,76,73,70,71,70,68,66,61,57,58,62,66,71,72,77,77,72,69,71,74,75,63,40,24,20,20,16,8,8,10,9,11,7,5,10,11,51,78,78,66,60,57,80,132,160,145,111,113,128,114,104,93,74,63,74,83
59,111,137,158,192,201,168,137,124,125,117,143,174,151,95,55,59,69,75,76,54,23,16,15,14,12,19,25,29,42,58,64,57,62,65,69,68,68,68,68,68,66,65,64,64,64,63,66,76,82,82,79,74,70,67,65,68,68,70,71,72,73,74,72,66,63,65,67,69,74,79,83,87,86,84,81,79,74,74,69,72,71,52,55,68,91,110,114,109,111,107,104,116,118,117,113,114,119,128,132,129,123,108,92,86,82,80,78,78,79,81,83,80,75,71,74,78,81,83,84,81,72,58,50,50,49,43,37,32,31,40,61,80,86,86,82,82,81,80,79,75,78,81,82,84,82,78,78,80,79,78,79,79,79,79,80,78,78,78,77,77,78,76,75,74,74,75,75,74,74,73,72,70,71,70,69,72,68,69,70,72,73,73,77,77,72,69,69,69,71,68,57,49,52,60,69,71,68,70,67,67,73,79,80,63,33,19,14,15,24,24,13,8,9,9,13,10,7,11,12,56,78,74,67,61,56,100,154,156,130,114,115,121,116,104,90,60,49,51,49
81,118,120,117,136,157,172,157,136,129,111,118,149,158,128,69,58,71,79,78,63,27,10,12,17,8,10,23,27,30,49,65,64,65,69,65,65,65,66,66,69,68,65,64,64,64,65,69,77,80,79,77,72,68,65,64,66,67,67,69,70,70,72,71,66,66,67,67,69,73,76,79,82,79,76,72,68,66,70,72,75,76,80,98,117,124,121,124,129,131,127,127,135,129,114,108,117,130,136,142,141,138,124,107,99,92,87,84,82,80,77,81,83,82,78,76,76,79,84,82,80,70,57,49,46,41,35,30,29,31,33,45,68,83,83,82,80,79,79,81,81,83,84,85,85,83,80,80,80,79,77,80,83,83,80,77,77,79,82,82,82,80,79,76,73,73,76,77,76,72,67,66,73,72,65,61,61,66,66,65,64,64,63,72,77,77,75,79,77,69,60,49,39,29,37,60,75,71,75,79,87,80,58,24,30,63,73,38,11,14,21,19,10,5,15,19,14,9,9,23,57,77,77,65,52,60,117,164,139,107,118,129,116,101,97,83,50,36,32,28
91,109,114,114,106,98,117,142,143,125,112,112,128,149,137,84,62,67,71,74,61,26,11,15,18,12,12,31,42,36,36,56,68,64,62,66,66,67,68,69,66,66,66,66,68,70,72,76,81,79,74,71,68,66,66,66,66,67,68,70,70,70,72,71,67,66,67,68,70,71,71,71,71,70,69,66,63,70,72,74,67,69,80,103,123,127,132,140,145,140,130,131,133,127,122,124,132,137,142,147,148,149,141,122,109,95,88,87,87,84,81,84,86,85,79,75,73,78,80,84,81,72,58,50,44,40,35,32,31,31,31,42,64,81,86,86,86,83,80,77,79,81,82,84,84,82,81,79,82,82,78,79,83,82,78,74,79,80,80,76,72,68,70,72,76,80,79,81,82,75,61,52,51,56,60,65,70,69,62,54,50,49,53,58,64,67,74,75,64,49,42,39,37,25,19,33,52,59,46,41,34,21,1,9,57,98,131,106,50,19,1,6,12,9,16,22,18,10,10,20,58,85,89,85,66,78,125,154,126,106,129,143,119,103,110,100,55,29,20,13
86,105,98,118,123,103,92,118,141,129,112,110,115,136,134,87,54,57,68,76,59,24,10,12,11,12,8,24,40,34,21,30,57,64,65,58,59,61,62,63,63,64,66,68,71,73,74,78,80,74,67,65,65,65,67,68,68,69,71,72,73,71,73,71,67,65,66,68,71,70,69,67,66,69,70,72,73,67,62,65,69,93,120,137,142,136,144,154,153,131,120,135,144,139,136,140,146,145,146,159,168,167,150,138,131,122,112,100,90,84,83,84,83,80,79,78,79,80,83,81,79,68,56,47,40,38,37,34,31,30,30,30,40,62,79,83,88,90,86,81,77,80,83,86,87,85,82,84,88,89,86,84,84,83,80,78,77,80,82,78,72,75,74,74,76,78,79,79,77,73,70,67,68,69,66,66,69,66,70,67,58,49,48,59,70,73,74,73,65,54,47,41,35,30,26,30,41,48,60,58,49,40,34,26,10,2,9,34,55,56,47,27,12,8,8,17,14,7,5,27,59,74,77,86,98,105,132,147,134,126,145,150,119,103,114,106,53,23,14,9
71,104,98,91,109,114,101,100,112,127,113,105,107,130,133,114,69,59,78,77,51,22,16,8,12,13,13,16,23,30,19,5,13,34,46,58,61,64,67,72,69,63,61,66,66,71,73,75,78,76,71,66,66,67,69,67,64,67,67,66,68,70,69,68,66,64,66,62,58,63,70,74,76,69,63,57,54,64,71,85,104,122,131,144,149,154,155,153,134,106,88,94,115,127,124,109,96,96,118,147,163,162,154,145,142,136,126,112,102,93,83,81,82,82,78,75,76,79,82,86,82,71,58,47,42,37,33,33,32,32,30,34,42,53,69,75,83,83,88,86,81,81,82,82,81,80,81,84,85,84,82,82,84,85,83,81,77,76,75,74,72,75,78,79,76,75,76,74,71,68,67,69,74,78,78,74,71,74,73,73,72,57,32,22,27,37,46,52,56,61,61,53,43,38,40,38,37,39,43,33,31,36,61,90,96,99,87,61,43,34,17,11,14,6,10,9,8,10,12,25,65,79,84,99,111,122,141,150,139,131,146,150,119,104,114,108,57,21,17,10
33,75,67,48,83,114,101,87,96,119,117,109,99,107,124,119,79,55,71,81,62,25,16,9,16,19,20,17,18,19,19,16,10,10,16,31,47,61,65,67,66,65,67,70,73,71,69,71,74,73,68,64,65,67,65,60,63,65,65,65,68,69,65,61,61,63,65,66,70,72,68,60,44,33,31,46,61,82,100,117,122,123,127,145,156,162,160,155,137,112,90,81,87,92,96,88,82,85,105,137,159,165,158,148,144,141,137,131,122,110,96,86,83,81,74,75,78,84,89,81,80,74,64,54,46,40,34,31,28,26,25,30,39,46,59,72,82,81,84,85,84,81,77,76,79,75,77,82,85,85,86,88,89,88,85,83,77,73,69,69,71,70,77,81,79,77,73,72,71,73,74,75,76,80,81,79,77,75,75,79,81,69,36,7,3,17,20,21,16,15,29,44,53,66,73,71,44,16,5,19,39,58,82,81,87,100,100,74,44,21,18,17,10,17,16,9,6,7,8,25,66,95,95,87,86,120,156,160,141,133,149,150,115,104,122,112,52,17,11,7
7,27,31,22,60,108,108,88,94,123,126,117,107,105,122,129,100,62,63,76,66,22,10,9,16,19,20,17,15,15,16,17,16,13,11,15,17,23,36,49,63,67,68,66,65,69,69,69,72,72,69,67,66,68,64,59,64,65,62,59,60,60,62,66,70,72,71,62,51,42,35,32,37,45,57,73,80,99,115,127,130,136,148,161,165,165,161,154,138,121,104,89,87,94,112,121,130,139,158,165,164,162,154,142,136,132,132,133,129,123,113,95,82,77,77,83,86,86,83,81,81,75,66,55,41,34,31,30,30,29,28,33,36,37,45,69,85,84,83,80,80,78,77,78,81,82,84,87,89,90,88,88,89,89,85,83,79,76,73,74,74,82,87,87,80,75,76,75,75,75,77,78,78,77,75,73,70,74,75,75,72,54,18,21,35,34,22,21,33,35,19,11,13,12,9,11,9,3,44,55,70,85,91,90,67,42,30,19,8,6,15,17,14,21,16,13,14,13,7,10,50,83,75,59,77,132,176,164,140,138,151,148,118,111,126,105,43,16,10,9
4,8,7,4,31,82,95,79,82,118,134,133,123,113,116,130,116,76,67,76,73,26,14,16,16,16,15,14,16,20,23,18,19,58,106,102,64,31,31,52,66,72,75,69,67,67,65,64,67,68,67,65,60,58,57,54,52,54,52,51,54,60,65,67,58,44,32,26,25,34,45,51,53,61,74,91,100,111,126,133,134,143,157,162,158,157,159,154,134,115,113,118,129,140,161,171,181,193,188,175,154,155,158,153,141,129,123,120,122,127,122,102,82,74,76,75,77,82,87,84,84,76,62,46,42,37,34,35,34,31,27,29,27,20,25,48,74,79,77,73,73,76,81,83,86,84,84,86,84,81,80,84,85,85,85,83,80,81,83,83,83,84,86,84,78,77,76,76,74,72,71,72,72,72,73,72,72,78,79,77,63,32,16,11,25,35,32,35,44,53,51,47,43,33,20,7,8,19,31,43,53,65,65,52,42,28,19,16,8,21,18,8,23,30,24,12,13,14,10,11,61,100,82,60,86,140,171,152,142,151,155,149,126,117,123,108,46,22,12,9
8,8,8,9,10,59,88,74,79,99,117,124,132,124,121,133,130,82,71,83,72,28,10,13,11,11,11,8,11,13,20,15,22,69,98,91,68,52,52,53,59,68,64,63,68,67,65,62,61,58,53,48,45,46,53,57,67,68,59,44,37,27,24,22,23,28,27,34,45,51,54,56,56,60,70,91,109,117,125,133,138,143,147,163,168,170,178,177,160,149,154,167,183,191,190,187,188,190,200,195,195,185,164,145,135,129,131,139,140,136,122,99,85,73,75,78,82,87,89,91,85,73,60,50,46,43,38,34,33,31,25,21,21,19,16,31,61,76,74,75,70,73,78,83,87,85,84,82,81,80,80,79,79,83,83,81,85,84,83,83,80,86,85,82,80,77,74,72,72,73,74,75,76,76,75,76,77,78,66,45,25,19,12,10,25,52,68,71,65,63,67,62,50,39,20,11,16,19,26,31,36,47,50,29,26,30,27,22,24,22,17,12,18,34,43,29,20,14,8,15,71,110,93,83,102,133,148,148,146,143,148,146,130,123,125,105,46,22,13,6
8,8,8,13,15,69,106,92,93,115,132,131,136,129,126,131,129,89,71,83,71,30,12,11,13,14,12,9,11,15,18,14,24,51,58,36,32,29,32,38,66,87,85,69,56,55,57,54,44,39,39,45,53,58,56,53,44,36,25,20,23,22,23,26,29,32,34,39,44,48,52,57,57,58,67,90,109,125,131,138,142,147,148,164,181,194,191,180,168,163,165,167,175,181,183,183,183,187,176,160,141,130,119,116,106,98,105,125,136,136,123,102,90,79,78,79,83,87,90,89,85,76,64,54,44,40,33,28,25,27,27,25,25,23,20,22,51,72,76,72,71,73,77,81,84,83,83,82,81,81,79,76,78,82,82,80,80,81,83,85,86,89,88,86,82,79,79,79,80,79,78,78,72,69,75,77,73,48,24,11,24,40,35,33,50,71,69,54,57,65,73,73,71,66,46,20,5,13,21,31,32,32,27,13,11,11,6,15,35,43,39,31,31,29,15,8,6,4,4,26,47,73,86,100,116,136,153,154,149,143,142,135,121,116,121,108,48,24,14,7
8,8,8,9,23,88,121,95,93,116,122,119,136,144,131,135,139,111,84,77,69,33,21,18,13,16,16,11,9,9,11,10,9,35,67,70,64,58,45,29,24,41,49,59,72,76,70,59,48,41,36,31,29,27,23,20,11,17,26,31,29,28,27,26,25,26,31,38,44,49,54,59,60,61,70,93,112,126,132,140,147,154,161,165,170,185,189,187,173,158,149,146,151,156,171,174,167,158,163,154,138,122,110,102,95,87,93,117,132,132,116,97,91,85,80,79,80,82,83,84,82,76,66,56,42,37,30,24,21,20,20,21,23,21,17,16,40,67,80,77,71,72,76,78,80,84,85,85,85,85,85,84,81,82,80,75,76,76,79,84,88,90,90,90,87,85,90,90,88,82,76,74,74,74,72,56,40,21,24,37,55,67,70,65,72,81,75,61,55,54,63,74,77,60,37,13,2,22,48,67,74,71,61,49,41,31,17,19,39,51,46,51,68,69,34,2,9,12,7,27,52,86,113,125,122,134,156,162,150,145,145,137,126,121,122,105,46,23,16,9
8,8,8,4,27,96,120,98,103,129,141,133,141,143,142,143,149,124,84,82,72,38,26,19,15,22,25,17,10,9,12,10,13,45,87,70,45,37,39,31,22,17,19,49,84,91,68,43,34,25,12,8,13,22,32,39,41,35,36,42,42,44,38,30,26,26,33,42,49,51,51,53,56,61,71,92,109,121,128,139,151,164,166,166,160,168,181,185,173,162,156,151,155,165,174,171,156,145,139,123,98,82,79,72,76,78,88,113,128,133,127,111,101,90,87,85,82,80,80,79,80,75,65,56,40,34,29,24,22,20,19,21,24,23,18,14,30,59,77,74,72,73,75,77,78,82,83,83,83,83,84,83,82,84,83,80,73,73,75,80,84,89,91,92,92,92,91,91,90,84,78,71,62,51,40,37,41,56,65,69,69,71,73,80,85,83,76,66,59,60,63,51,33,18,8,11,12,35,61,85,90,77,61,53,44,41,36,31,39,54,52,64,84,79,39,9,15,12,9,36,53,74,106,131,135,133,152,164,161,158,152,146,137,129,124,103,44,21,13,6
8,8,8,7,31,91,120,110,117,140,156,153,148,142,144,155,161,133,88,83,77,52,27,18,14,13,27,40,33,23,19,12,16,41,66,47,19,12,20,16,23,32,51,62,62,48,38,34,34,27,19,19,22,29,37,42,42,39,40,47,55,49,44,34,25,19,25,37,47,51,51,53,59,67,80,98,109,119,129,142,151,158,157,158,163,170,177,180,176,173,172,169,167,175,176,169,148,132,129,121,106,92,76,71,70,75,80,106,135,142,134,114,98,85,84,81,79,80,81,81,77,76,71,56,45,35,27,25,25,24,24,28,30,26,21,22,31,47,63,71,70,70,71,75,81,84,85,85,82,84,85,86,88,86,79,73,69,67,70,77,83,90,91,91,91,89,92,90,86,83,77,68,56,48,51,61,68,73,70,65,64,66,75,90,96,92,79,66,56,50,52,51,46,46,44,12,17,39,71,91,91,88,71,57,50,46,36,31,49,51,51,77,124,109,35,20,13,7,18,40,59,73,113,153,158,147,146,153,145,134,137,141,137,129,122,105,53,23,19,13
9,9,9,13,25,80,118,117,122,132,142,138,142,143,139,152,169,149,104,96,100,76,40,23,19,15,15,28,34,31,27,18,18,24,26,25,21,20,23,25,28,38,51,51,39,36,33,30,31,27,22,28,37,44,43,41,43,46,50,53,55,58,55,47,38,28,25,31,39,45,49,53,55,66,83,105,118,128,130,132,136,143,155,160,166,172,175,176,180,188,195,190,183,179,178,168,150,136,132,121,99,74,54,54,72,97,115,134,150,155,143,114,100,93,88,85,83,83,84,78,74,73,70,58,45,41,39,39,37,31,27,27,29,30,31,32,39,53,66,72,69,70,72,77,82,84,85,84,81,84,88,88,87,81,73,66,68,71,76,81,86,89,90,93,94,94,97,95,90,85,77,67,60,62,69,76,78,72,70,66,70,80,91,102,102,94,73,53,33,25,50,70,71,54,34,9,18,40,72,90,85,77,62,58,48,39,26,26,39,37,60,121,159,115,37,25,2,13,22,28,55,91,134,158,158,150,140,135,133,131,132,131,130,129,128,109,54,22,20,8
9,11,11,12,20,76,122,120,121,134,138,129,127,127,140,156,170,147,105,89,96,79,49,31,18,14,8,24,38,28,18,23,37,32,12,7,17,21,26,34,39,43,44,39,34,31,30,29,27,25,23,27,38,45,44,41,43,48,53,55,55,53,52,49,44,38,38,38,37,37,40,45,51,61,80,103,117,128,133,134,136,148,162,168,174,176,172,165,166,174,182,183,179,177,163,151,148,148,159,151,129,102,84,86,107,116,118,138,154,157,141,115,101,92,89,85,83,82,83,77,76,78,76,64,48,42,37,36,35,32,30,31,36,42,47,45,47,56,63,64,68,70,74,79,83,86,85,82,80,84,88,86,86,83,78,74,71,73,77,82,86,92,93,96,98,99,98,96,93,88,79,69,62,63,68,71,71,68,69,68,71,76,78,83,83,79,61,42,40,57,85,86,72,48,32,12,16,36,78,94,84,74,63,58,49,36,22,27,37,63,114,143,135,73,24,21,4,17,18,25,63,113,134,125,109,119,133,139,138,138,133,124,122,129,135,124,66,18,17,10
10,11,12,15,15,68,119,119,119,135,147,142,138,135,146,171,181,154,119,96,91,77,58,39,24,17,3,29,61,62,54,46,58,47,21,15,18,21,28,35,41,45,42,32,25,19,20,25,26,29,30,28,34,40,44,45,46,50,55,57,57,55,51,46,43,42,42,39,33,29,33,39,46,56,72,94,105,126,135,136,137,149,166,172,177,172,160,156,160,165,165,155,144,132,117,106,104,107,124,144,154,145,136,126,134,140,157,165,155,148,132,116,102,86,87,83,79,77,78,78,80,88,84,70,49,37,28,31,39,47,49,44,40,38,38,46,48,56,65,66,66,69,76,81,84,87,86,81,78,84,91,93,91,87,82,79,79,76,76,81,88,91,92,94,95,95,96,96,96,92,82,73,66,59,61,67,71,65,59,52,56,67,69,70,70,76,67,53,52,61,73,70,62,41,30,14,21,56,81,100,87,77,70,67,59,42,22,24,51,95,144,153,135,75,24,13,7,16,20,47,72,111,124,123,120,130,148,157,145,134,132,126,122,121,120,117,76,22,15,11
8,13,14,9,14,64,104,110,119,131,140,135,135,135,150,178,189,167,141,129,119,86,62,46,34,26,13,10,43,77,70,59,61,61,33,12,18,18,27,38,47,59,56,42,24,15,15,20,32,34,33,35,36,32,32,34,38,38,42,47,52,51,48,45,44,45,44,40,32,25,26,33,41,52,64,78,98,117,130,138,141,151,161,166,163,149,148,152,165,169,160,148,127,109,97,97,104,104,103,95,89,91,95,106,110,124,149,165,161,146,132,128,117,91,81,82,78,77,79,75,79,83,79,69,49,43,42,46,49,52,53,48,41,39,43,51,62,70,72,73,72,73,72,73,80,81,86,87,86,85,87,89,90,87,82,78,77,74,76,84,88,85,86,89,90,91,93,93,94,89,84,80,75,67,66,67,66,70,69,69,70,75,82,89,88,87,74,56,54,60,67,65,59,49,26,11,32,67,95,102,97,89,81,71,61,48,18,12,35,74,110,136,118,63,32,16,8,18,24,57,90,94,98,110,115,122,135,155,156,144,129,129,128,115,120,110,78,27,11,6
11,14,14,8,13,59,95,100,114,127,130,127,139,149,156,174,183,166,144,137,123,81,54,46,42,35,24,11,33,71,75,60,51,51,35,14,20,26,33,41,52,75,73,53,34,23,19,21,32,43,47,44,44,41,37,37,38,39,39,39,38,43,41,38,38,39,39,37,31,26,31,38,40,47,65,82,96,108,125,143,150,150,156,159,154,150,153,157,154,137,117,102,90,79,75,78,81,79,83,93,112,122,122,108,83,76,105,141,158,158,146,132,121,105,92,81,75,78,83,84,82,80,74,63,55,54,55,55,49,43,36,27,24,36,49,66,73,75,72,71,69,68,68,70,78,86,89,88,83,81,84,89,89,87,82,78,75,72,74,79,80,82,83,86,89,91,93,94,93,89,84,80,76,72,74,77,76,83,80,74,73,79,86,91,90,86,73,60,61,69,76,76,69,65,45,11,28,76,97,104,101,95,85,69,58,43,13,4,25,72,114,131,103,46,23,20,10,10,25,67,101,90,69,70,100,110,125,157,183,172,131,115,124,120,115,109,78,25,11,10
12,14,11,7,13,54,81,81,101,123,125,126,146,162,173,180,187,181,167,165,146,87,50,49,47,36,31,10,13,50,75,70,51,49,43,25,21,30,32,41,57,84,86,64,40,30,26,20,21,32,43,48,46,39,34,34,40,42,42,38,34,32,34,38,43,47,46,39,26,16,18,25,28,38,60,81,98,114,123,135,141,146,146,151,147,151,148,130,106,81,63,52,48,47,47,49,48,46,44,66,99,112,102,80,72,75,86,123,158,162,150,122,97,75,73,70,76,82,83,81,79,76,68,56,50,44,38,36,34,30,28,25,31,47,61,60,68,71,68,67,65,68,70,72,77,82,84,83,81,82,86,88,88,86,81,77,70,70,75,81,84,82,83,85,88,88,93,95,95,91,85,80,75,74,78,82,82,76,72,66,66,73,79,80,79,67,54,52,59,66,65,59,57,59,35,10,38,75,94,100,99,94,79,67,54,43,16,6,13,62,112,122,89,34,10,8,15,20,34,62,89,84,79,89,105,105,101,120,154,168,145,125,129,124,111,106,81,29,13,12
10,11,6,8,31,89,112,97,101,116,124,128,146,160,147,148,155,159,151,164,154,101,56,44,47,33,36,19,3,21,50,66,50,48,49,36,22,29,28,37,45,73,86,74,45,33,30,20,14,24,35,38,36,35,41,49,55,60,63,60,54,48,52,58,63,66,68,69,67,53,41,34,33,37,41,45,62,91,110,125,133,146,150,158,152,151,130,96,68,53,49,44,46,47,48,46,43,44,51,73,108,115,94,72,59,69,86,123,160,159,141,124,108,89,72,65,69,77,76,78,80,80,73,60,51,45,39,35,32,31,38,44,47,53,57,63,70,70,65,62,65,73,79,79,79,80,81,79,76,78,83,88,88,86,81,76,77,76,80,83,83,86,87,86,87,87,90,91,90,86,81,76,71,71,75,78,78,74,71,67,71,80,86,82,80,60,45,54,66,74,69,62,59,46,14,18,68,77,95,99,97,92,74,60,47,40,20,9,18,68,111,107,67,12,9,12,14,16,43,74,71,64,79,91,94,111,117,130,154,164,162,151,137,124,111,100,84,33,14,11
12,10,12,7,30,88,111,101,109,122,121,123,149,161,154,156,163,155,146,168,186,137,69,46,46,40,33,29,25,25,43,51,43,35,40,44,24,18,14,24,32,53,80,76,45,30,32,41,43,45,55,59,61,64,62,57,61,64,64,61,63,61,61,60,62,66,68,66,64,66,69,71,71,67,61,59,59,83,100,120,132,145,145,145,146,138,119,80,59,48,46,41,42,41,39,37,41,47,68,84,107,117,95,68,68,82,111,135,142,129,113,106,96,82,76,82,82,76,70,77,83,89,82,60,45,39,48,55,52,48,53,69,76,73,71,74,74,73,68,64,65,68,71,73,73,73,75,78,82,84,86,86,86,83,78,74,74,79,84,86,86,90,90,91,91,92,94,92,92,87,80,72,69,70,76,75,70,68,67,68,73,78,84,83,74,63,57,59,72,72,73,68,40,14,14,44,72,88,98,93,98,77,53,40,44,40,18,9,18,67,112,96,49,12,14,19,15,18,57,86,68,60,78,89,92,99,128,139,138,153,162,166,157,130,106,106,96,43,10,10
9,8,9,9,32,84,105,102,121,135,125,119,145,162,155,151,156,149,138,159,183,151,92,56,48,39,28,22,20,15,17,34,41,40,39,45,35,8,5,9,20,28,60,78,55,39,40,48,48,43,46,49,53,55,53,52,51,53,53,52,55,59,58,57,61,66,67,67,68,68,67,65,65,69,71,76,82,89,94,98,110,128,133,132,138,140,121,76,53,43,44,42,41,43,43,43,61,82,115,129,134,126,104,94,102,120,136,137,132,122,110,100,85,72,70,75,78,77,73,76,80,85,77,55,39,39,55,63,54,49,56,72,81,82,81,75,70,64,61,60,60,66,74,76,75,70,72,77,81,83,83,82,82,78,73,70,72,76,80,82,82,88,90,92,92,91,92,87,81,78,74,70,72,73,71,65,58,57,62,71,79,85,85,81,71,63,61,65,74,76,73,55,22,9,38,67,87,102,97,103,84,49,32,42,50,22,11,18,19,42,65,65,40,16,18,12,7,29,78,96,62,56,87,97,80,84,108,116,112,127,155,177,166,130,104,103,99,49,14,9
8,7,9,12,36,82,99,109,146,167,143,119,137,154,141,131,140,144,140,153,165,136,90,57,47,38,28,23,22,21,13,5,18,34,36,48,52,32,19,8,4,3,25,53,58,46,39,44,47,44,42,39,47,47,47,49,47,47,47,50,57,51,50,53,59,70,73,74,74,74,72,69,70,73,73,75,79,80,87,89,92,99,113,117,130,140,134,93,61,43,44,43,41,40,42,50,75,100,117,121,118,124,129,137,153,159,141,122,111,99,87,83,83,81,80,74,69,71,73,82,75,72,72,67,61,50,49,51,49,52,58,64,69,77,84,83,74,66,62,60,73,75,78,78,75,76,79,83,86,85,83,82,80,78,75,74,77,80,81,80,79,79,82,86,86,84,85,80,75,74,72,69,69,71,67,62,59,61,68,75,77,76,74,72,65,61,65,71,74,72,59,39,26,41,63,85,102,100,102,83,54,48,60,57,23,15,16,25,38,28,25,29,25,21,28,22,3,35,102,104,55,50,93,105,87,82,102,119,126,141,157,167,151,122,104,112,108,59,20,12
9,7,11,8,30,73,89,111,157,176,146,113,123,139,132,135,153,154,142,145,166,152,111,65,54,47,37,27,19,16,26,26,12,13,31,36,39,48,35,29,25,15,4,12,40,53,38,32,35,34,40,49,54,48,43,45,44,43,42,47,57,61,57,56,63,72,77,76,73,72,72,72,74,75,71,68,69,73,81,84,84,88,94,108,126,140,151,134,98,62,55,49,45,44,49,71,103,117,129,139,147,155,152,141,122,109,109,105,101,97,89,82,79,78,79,77,74,72,72,64,59,60,65,66,60,43,39,43,49,57,64,72,74,75,76,75,73,72,72,73,72,72,74,76,79,80,84,88,87,84,80,78,77,77,77,79,80,80,78,75,70,74,77,83,84,81,80,77,76,78,78,74,74,71,63,58,61,65,72,78,75,68,65,66,66,66,71,73,74,64,36,28,39,64,90,91,93,94,71,51,51,74,70,18,28,24,26,41,41,29,29,34,28,29,24,16,15,65,123,113,59,51,97,118,85,70,84,108,131,146,144,144,139,126,113,118,112,59,19,10
8,9,12,10,30,73,94,94,141,171,156,117,124,131,135,131,150,158,125,114,130,155,132,90,57,49,41,37,33,25,26,32,27,17,14,31,37,59,54,43,44,36,30,20,10,22,40,35,28,43,53,59,65,59,50,47,46,50,49,51,60,62,65,68,69,68,71,74,75,74,70,70,74,75,73,72,71,68,73,78,78,76,76,85,94,103,122,137,134,118,86,62,50,47,64,92,128,147,158,160,165,155,130,101,97,96,100,104,99,90,81,76,72,72,70,78,85,78,68,54,53,55,59,60,58,55,49,47,54,62,69,77,80,74,68,66,69,75,81,87,84,82,80,80,82,84,82,81,83,81,76,73,70,69,71,73,78,79,75,69,68,74,77,79,78,75,72,70,70,73,71,69,68,65,62,61,60,66,71,71,68,66,64,64,63,66,74,81,64,43,32,41,64,87,89,87,83,72,56,59,85,86,30,34,18,15,23,28,28,35,33,32,34,26,18,14,38,95,138,115,68,53,106,130,107,75,79,111,129,135,135,142,147,135,119,119,114,64,19,11
9,8,9,7,25,63,87,91,133,167,162,121,123,139,138,130,133,145,140,113,111,127,129,105,65,48,41,41,37,35,26,28,57,55,21,6,25,44,76,69,51,46,33,24,20,14,18,22,34,53,63,60,54,47,43,45,46,53,56,56,54,60,67,74,74,67,66,69,72,73,73,72,72,72,73,71,71,68,70,76,82,86,83,90,96,98,104,111,123,133,133,124,119,123,134,148,157,157,141,129,106,92,92,106,111,117,114,102,90,74,61,62,61,55,53,57,64,65,61,59,54,54,57,57,55,52,49,53,60,69,77,78,77,74,72,73,75,77,81,84,87,86,86,86,86,86,84,82,82,78,71,66,68,70,69,68,72,74,72,69,69,74,75,76,75,72,70,67,67,71,71,69,67,64,62,61,61,71,72,70,66,66,66,60,63,71,72,63,47,43,52,65,78,86,86,78,70,57,60,74,86,35,5,20,12,8,14,19,25,34,34,33,33,25,15,2,29,110,134,122,69,60,85,116,119,100,90,98,120,131,127,127,129,125,118,120,117,68,23,15
10,9,9,6,17,50,86,80,105,154,174,137,121,131,135,128,127,146,157,147,128,127,135,114,69,43,36,38,33,34,31,30,50,70,56,23,2,9,25,54,75,77,55,36,21,14,17,19,16,28,49,61,64,63,52,42,40,47,57,61,60,56,57,61,67,72,68,67,72,75,76,76,75,75,73,70,68,67,68,71,77,83,83,82,79,79,81,90,99,109,118,125,130,132,133,132,121,112,92,72,63,74,82,87,93,100,102,95,84,68,57,61,61,55,49,45,50,63,73,64,61,58,56,52,42,42,50,68,77,82,82,78,73,70,70,72,75,79,85,89,93,93,93,92,91,86,83,82,81,77,71,68,71,70,67,63,68,73,74,74,78,77,77,76,75,74,71,67,65,67,69,67,65,66,68,72,74,73,78,78,70,64,62,57,58,59,48,39,35,45,61,65,70,76,83,81,76,65,67,57,25,12,6,7,13,23,29,30,29,34,35,31,28,19,13,5,45,126,133,103,82,83,81,101,125,125,107,96,118,134,132,128,124,118,115,120,119,72,27,19
10,11,11,14,6,32,88,85,86,119,152,130,113,120,128,122,123,138,142,123,123,132,141,110,65,34,27,30,24,27,30,23,28,60,69,64,49,17,7,14,41,75,82,76,59,40,23,23,32,24,22,32,53,70,69,58,50,49,56,65,67,69,64,59,57,59,59,63,67,72,73,73,73,74,76,76,76,75,74,74,74,74,75,75,76,76,74,71,76,81,80,80,82,82,80,84,89,90,81,81,80,78,75,68,74,85,94,93,87,80,73,66,58,53,55,61,67,68,61,58,61,66,65,57,49,46,53,66,70,67,69,71,72,73,74,75,76,78,83,85,90,90,87,83,78,76,74,74,75,72,67,67,70,73,74,74,77,79,78,75,75,77,75,74,72,72,72,66,62,63,64,64,66,66,68,69,72,72,69,62,57,58,57,50,38,32,32,33,32,36,41,50,65,78,84,75,57,36,19,5,11,10,15,27,30,30,27,25,24,31,32,28,24,14,6,14,69,122,123,98,109,103,83,81,114,129,116,106,120,131,135,138,133,123,116,118,118,73,29,20
9,11,11,12,4,17,81,105,87,102,124,115,100,109,119,114,107,129,133,120,110,127,140,121,88,38,29,23,22,17,17,21,42,55,56,60,68,66,36,7,2,10,49,78,88,85,75,55,43,39,31,26,22,39,56,68,69,68,62,61,66,74,75,75,68,60,58,56,57,64,70,71,68,69,70,75,78,80,80,78,75,74,76,79,82,83,81,80,78,76,75,75,75,80,79,78,76,75,77,81,83,76,64,62,79,89,85,81,82,83,81,74,65,59,63,66,67,63,59,64,60,65,68,59,51,50,55,63,67,68,67,69,73,76,77,77,77,77,78,81,73,71,68,67,69,70,67,64,66,73,77,77,79,77,80,87,91,88,86,84,83,75,72,67,66,67,65,66,67,65,67,71,72,72,71,68,66,60,56,51,49,50,43,26,13,20,31,32,30,30,42,63,79,77,66,49,17,6,7,5,14,49,72,48,32,25,23,24,34,40,40,31,18,9,5,24,75,125,135,139,129,101,75,84,106,111,104,93,100,113,124,127,119,114,116,121,122,85,30,21
7,7,8,9,6,11,59,95,96,101,120,123,108,102,106,101,96,119,135,127,117,136,160,145,111,54,32,29,29,16,8,15,47,65,58,53,58,63,56,45,29,12,2,11,46,72,89,98,97,83,63,52,43,42,40,46,56,63,68,67,65,73,76,77,77,73,72,66,60,62,65,65,66,70,72,73,73,74,77,80,78,75,72,74,77,78,77,78,77,77,76,77,79,84,87,88,86,83,74,73,71,68,64,72,79,81,75,73,76,78,77,74,70,67,61,64,68,71,72,71,70,71,69,60,53,55,61,69,69,66,64,67,70,71,72,75,76,74,71,66,68,67,66,65,65,66,68,71,74,77,81,84,83,80,80,83,82,81,80,78,78,74,71,66,64,63,67,69,68,65,66,68,67,64,61,56,53,52,50,47,43,41,31,31,34,37,37,38,28,35,70,81,69,41,13,5,4,10,26,52,78,94,93,69,42,32,39,45,52,56,53,39,22,10,7,26,80,135,147,143,116,96,89,94,95,98,100,101,103,107,115,120,119,120,124,124,112,80,35,20
6,6,6,7,7,1,35,84,101,90,92,106,108,105,108,101,90,104,128,129,115,124,158,159,120,66,43,41,42,22,12,10,35,54,48,41,47,60,63,56,38,23,23,28,29,30,39,64,109,125,109,79,47,43,44,48,39,46,51,57,64,64,66,70,72,73,72,71,74,76,72,66,64,67,70,70,69,69,74,77,76,73,70,71,73,73,75,73,72,72,73,75,76,76,81,85,83,81,74,77,77,74,68,72,73,73,74,77,81,79,75,70,66,65,65,65,65,65,65,66,67,67,62,55,51,52,57,63,63,62,66,70,73,73,71,71,74,75,72,69,74,74,74,74,72,73,75,78,81,81,80,78,77,76,74,71,66,66,66,67,66,67,67,68,69,71,72,73,70,65,64,66,65,62,57,53,49,49,49,47,45,43,44,49,50,45,38,34,42,59,64,41,15,5,8,8,18,40,59,64,62,77,95,87,63,54,56,51,50,55,55,44,26,14,15,43,94,129,126,93,75,72,77,83,87,91,99,106,105,105,109,113,119,125,129,121,111,89,44,18
7,7,6,6,6,0,36,94,115,101,94,105,111,113,108,102,89,94,121,128,123,118,139,138,113,81,68,58,50,23,17,16,29,36,31,30,42,60,57,37,15,12,22,26,31,36,32,29,61,109,136,129,93,57,34,40,41,45,48,52,58,64,65,66,69,70,70,70,72,75,72,67,65,65,65,67,69,69,70,70,70,69,70,70,71,73,74,72,70,71,74,76,78,76,76,76,76,75,72,69,67,67,68,70,68,69,75,80,83,80,73,68,67,68,66,69,67,62,57,60,64,66,63,59,58,55,58,63,65,64,67,72,74,73,71,71,71,70,70,70,72,74,75,75,73,76,75,73,70,69,68,67,67,72,71,66,63,64,65,67,67,64,65,67,68,69,69,69,65,59,56,58,59,58,57,54,52,57,55,54,57,60,63,61,52,45,49,58,52,33,10,4,7,13,17,21,26,41,68,79,77,83,99,91,61,37,32,41,46,48,51,41,24,10,13,62,118,127,98,74,83,88,79,78,86,92,98,101,102,104,105,106,113,120,124,119,109,86,45,26
5,4,3,3,9,7,27,89,131,117,102,110,114,112,106,101,92,95,121,146,151,149,151,160,153,130,100,73,48,31,23,24,26,26,24,24,36,45,39,26,9,8,6,9,14,24,27,27,28,54,96,126,132,100,62,37,40,49,51,50,55,66,67,69,68,66,68,70,70,68,67,65,64,66,66,66,65,63,63,64,68,72,73,71,69,69,71,72,71,70,71,74,76,75,76,76,77,77,73,71,69,70,73,73,74,75,74,74,72,70,67,65,67,67,65,68,65,62,63,63,67,70,70,68,65,63,62,64,69,69,67,68,70,71,71,69,68,67,69,72,71,72,73,74,74,76,74,71,71,67,63,61,63,67,67,64,69,67,67,70,73,67,70,72,71,67,64,63,63,60,58,58,62,61,61,60,60,58,61,62,61,62,57,53,66,81,71,48,19,3,6,11,20,19,22,26,29,27,49,72,71,53,36,26,25,23,26,31,36,39,34,23,18,19,26,77,127,131,98,91,128,154,129,94,97,101,106,110,110,107,102,99,106,114,117,117,107,84,50,24
5,6,6,7,8,5,23,82,131,125,106,103,107,106,109,102,91,87,102,133,135,139,152,162,161,135,102,71,45,28,20,12,12,17,18,20,22,26,25,18,15,11,8,7,9,17,16,15,17,35,65,87,109,118,100,67,46,46,49,51,47,50,54,62,68,71,73,72,69,67,68,69,68,66,66,68,70,67,67,66,67,68,69,69,69,69,72,72,73,72,72,73,73,71,73,74,74,73,74,73,73,73,74,73,72,71,69,66,66,69,71,71,67,64,63,63,61,62,66,72,70,67,66,67,65,64,64,66,69,68,67,69,70,70,70,69,70,72,72,71,72,72,72,72,70,71,69,68,69,68,65,64,62,64,67,65,64,64,64,65,66,67,66,64,62,61,58,59,59,59,58,56,59,65,68,66,62,61,61,62,68,72,84,81,72,54,24,6,4,12,13,15,24,28,33,30,26,26,32,53,54,40,26,19,19,18,19,20,25,28,23,15,12,13,26,81,130,132,104,115,169,206,181,122,100,100,104,111,118,115,108,105,111,119,122,118,105,82,48,26
6,7,8,10,8,6,10,60,115,121,106,97,106,106,106,113,115,108,113,115,105,99,108,111,102,108,117,106,65,32,24,18,17,15,12,16,22,29,26,18,10,8,4,4,7,9,15,15,6,22,59,91,110,112,105,93,66,48,39,42,41,45,51,61,70,74,76,72,69,67,69,71,67,64,62,63,64,69,69,69,68,67,74,74,73,70,69,68,68,69,69,68,67,68,70,72,71,69,69,69,70,69,69,66,67,68,68,67,70,70,68,68,69,71,73,68,62,61,66,67,64,61,63,67,67,66,67,68,69,68,67,68,69,68,68,67,70,71,70,69,72,71,71,71,68,69,67,67,69,68,66,63,58,57,57,56,59,61,64,67,68,68,65,63,60,60,61,62,63,64,63,64,65,65,65,66,67,67,66,68,66,59,35,19,3,5,18,30,32,29,17,18,35,47,46,31,22,28,41,41,29,23,19,18,19,20,18,16,17,16,13,12,10,8,33,113,154,125,97,142,216,239,207,156,106,97,107,128,130,118,108,105,109,117,119,116,104,82,47,24
7,7,6,7,7,9,8,49,109,129,117,98,103,99,109,113,122,126,137,140,133,124,119,89,79,105,138,134,83,39,28,17,13,12,11,15,22,31,30,24,17,13,7,4,5,11,15,19,13,5,9,27,52,68,86,92,86,67,49,42,37,37,44,58,69,76,75,73,72,70,69,69,69,66,62,58,55,62,63,65,64,62,66,68,70,70,69,66,65,68,69,69,67,67,71,73,71,68,68,66,64,66,67,70,70,71,70,68,69,70,70,70,70,70,70,68,63,62,65,68,65,63,62,63,67,68,69,69,69,68,67,68,68,67,66,63,63,63,64,66,68,70,71,71,71,67,63,62,63,62,58,54,56,59,61,58,59,60,62,61,60,61,62,64,62,60,59,60,60,60,58,58,61,67,73,76,77,74,60,48,32,13,4,8,31,57,62,50,34,22,20,35,59,67,53,25,18,36,45,39,24,23,23,18,17,14,12,11,9,8,10,14,9,4,37,111,132,115,131,193,230,210,194,176,138,104,103,136,136,115,106,102,107,113,117,120,112,90,54,26
9,7,6,7,12,5,8,34,91,129,128,112,100,101,105,113,114,120,130,143,142,143,153,114,80,76,111,113,79,43,33,18,14,13,18,17,28,39,39,32,25,21,14,10,6,1,9,14,25,25,9,3,3,14,35,66,80,84,67,56,45,38,40,42,49,66,71,72,75,76,72,69,68,68,67,63,60,56,56,57,59,60,62,61,60,62,66,64,63,65,66,66,65,66,67,69,69,69,68,66,65,66,69,72,71,69,66,66,67,70,73,74,71,68,69,66,64,62,61,68,69,66,62,62,63,65,65,65,69,71,68,67,67,66,66,62,64,65,63,61,60,61,62,62,61,58,54,61,63,57,53,50,61,72,67,60,53,61,61,55,52,58,65,71,69,60,57,59,61,62,56,51,53,58,59,54,50,43,41,47,52,45,39,52,90,119,109,77,43,34,54,70,80,66,41,38,48,51,45,27,24,17,19,22,19,15,11,9,11,14,20,16,6,10,60,122,131,127,157,198,203,192,197,184,144,104,108,128,136,115,102,103,112,115,123,120,107,90,60,22
8,7,6,5,8,4,9,38,94,131,136,123,106,100,105,112,124,137,146,137,124,132,154,128,90,84,108,108,89,63,49,29,18,14,22,27,32,38,38,32,21,19,19,21,17,13,15,12,23,45,56,45,26,6,3,22,51,83,96,83,62,49,44,42,45,47,55,64,71,74,73,70,68,68,67,66,66,63,62,59,56,54,57,59,61,62,61,63,63,62,62,63,63,65,66,66,65,63,67,69,73,72,69,64,65,66,66,65,66,67,68,69,70,70,69,68,66,64,64,65,66,62,58,57,60,62,62,62,66,70,70,69,68,66,66,62,62,61,59,57,57,56,56,56,57,57,50,53,57,54,53,60,75,67,54,50,55,58,57,54,56,57,64,73,78,79,78,77,74,67,63,62,66,65,65,67,69,59,45,36,33,30,30,29,54,89,106,108,90,82,90,74,51,29,32,68,91,82,52,37,25,19,20,25,21,15,9,8,12,19,26,15,7,18,70,114,125,131,158,171,170,166,180,168,125,101,118,136,133,115,106,106,111,114,120,113,103,85,58,24
7,6,6,3,7,4,10,39,97,133,134,125,110,103,100,119,149,161,152,121,124,132,145,143,137,124,125,111,94,59,40,29,26,19,18,18,28,42,51,51,37,27,22,25,25,21,22,22,26,47,72,83,74,46,18,8,20,43,87,109,106,75,56,40,40,45,46,51,59,67,70,70,68,67,64,59,56,62,61,59,55,52,55,56,59,58,57,55,55,55,56,56,58,61,65,69,71,72,66,66,64,66,68,70,70,70,69,69,69,69,68,69,71,72,71,72,72,70,68,64,63,59,53,51,59,64,66,66,67,69,70,68,67,66,66,63,62,59,57,57,56,59,59,54,46,41,42,48,43,39,47,75,93,68,50,47,51,51,52,59,68,76,77,77,75,72,73,79,82,80,79,79,76,80,83,84,83,75,71,62,49,37,22,10,9,29,51,52,41,26,20,23,25,30,57,83,89,80,67,46,24,19,19,22,17,11,7,7,10,23,32,17,16,37,73,91,100,127,160,159,146,142,162,163,142,122,134,140,138,116,104,106,115,121,128,123,110,86,53,21
6,6,6,4,9,4,9,38,96,133,138,131,115,102,96,117,156,168,146,113,120,134,141,141,129,100,90,99,106,72,37,22,33,31,19,13,30,49,59,59,49,39,37,41,33,28,25,30,34,40,56,64,66,61,55,41,21,16,32,57,85,100,98,87,71,60,54,50,49,50,52,56,64,67,66,58,53,50,53,57,57,56,54,53,53,53,54,52,53,53,49,43,39,38,42,45,48,48,57,56,56,57,57,58,56,56,59,66,69,69,70,69,66,64,66,69,69,67,64,64,64,57,51,49,52,57,61,60,61,63,65,65,66,66,66,60,57,55,53,54,49,45,37,29,22,23,35,40,28,39,72,112,114,71,43,32,38,38,43,61,79,84,87,89,87,83,85,80,64,47,50,61,64,61,59,57,56,53,46,38,34,37,31,23,13,12,18,29,63,89,88,60,30,44,76,95,98,96,82,58,27,24,23,18,15,10,12,17,24,40,44,16,11,41,88,102,101,127,158,155,150,149,159,160,151,131,137,134,131,117,108,109,118,123,131,130,115,85,50,20
9,7,6,5,9,8,4,34,77,116,136,129,121,101,89,102,143,167,139,114,118,140,149,144,135,91,73,92,109,84,44,31,40,43,25,25,32,40,42,39,39,52,63,75,65,43,34,29,38,56,67,67,69,66,65,67,69,62,37,18,17,36,54,79,89,84,73,74,74,64,58,56,52,58,58,54,50,42,45,46,50,58,53,51,49,47,48,43,36,39,43,40,36,35,57,72,59,49,40,35,35,38,31,28,31,42,57,62,65,69,68,69,67,66,68,66,66,64,58,63,63,61,55,47,50,52,55,60,63,62,61,63,63,67,70,61,47,36,30,27,21,14,14,23,33,45,45,36,21,46,92,123,108,67,53,45,45,36,48,77,96,101,106,98,79,64,60,51,51,72,88,93,91,82,77,79,79,85,68,45,28,25,29,21,16,17,15,12,50,123,160,140,80,54,64,79,72,77,78,65,38,18,17,15,13,13,18,27,39,58,52,21,9,57,108,120,101,123,142,144,139,149,160,157,145,136,131,120,109,108,113,115,107,110,122,122,109,83,45,20
8,7,6,6,4,5,12,40,73,104,130,131,123,105,96,99,128,159,152,120,115,135,153,157,146,109,95,109,127,101,49,27,42,57,43,36,36,39,41,39,41,71,86,79,72,73,53,36,56,91,109,98,85,79,65,46,51,78,95,80,54,35,21,16,30,42,53,56,55,58,58,58,58,54,54,56,57,57,52,52,53,49,50,46,40,38,39,38,34,35,38,35,26,31,54,81,77,66,35,23,8,4,4,7,15,30,47,56,59,64,67,70,70,70,70,68,68,65,60,59,60,57,49,38,36,43,53,62,64,64,62,63,69,69,63,53,34,23,20,14,12,13,25,39,48,47,35,28,53,113,162,163,129,80,64,64,55,63,86,119,141,148,144,131,119,117,136,161,189,209,210,205,199,191,177,139,105,86,83,78,59,29,14,16,27,34,22,16,22,68,125,143,105,63,61,75,71,69,67,70,49,20,11,10,19,39,56,60,57,60,42,19,23,79,117,111,104,136,152,143,136,148,160,151,135,127,120,105,97,103,108,104,95,100,111,114,102,76,40,18
7,6,6,6,1,3,15,41,69,93,121,129,119,104,103,103,118,152,170,145,120,121,138,153,156,142,141,136,132,94,43,29,50,67,54,46,46,52,53,45,40,41,43,46,56,66,67,56,47,69,95,91,76,79,77,67,63,84,108,107,88,62,40,29,37,46,46,42,42,51,58,60,62,57,55,58,62,69,78,93,91,72,55,57,58,53,45,46,47,44,66,88,87,62,41,44,51,56,53,49,32,17,11,12,13,16,29,45,57,65,72,71,69,70,71,69,69,66,61,56,55,49,40,32,24,25,31,42,55,61,58,55,59,55,44,24,7,3,12,16,27,27,31,36,37,30,43,77,113,134,149,152,136,107,93,91,101,119,137,155,170,174,177,176,178,188,197,202,200,180,158,143,130,119,100,86,95,120,120,111,107,101,89,80,80,82,60,38,13,18,44,83,91,73,62,70,69,60,63,71,55,25,12,20,36,47,48,54,64,71,43,9,28,104,128,110,91,113,137,128,131,153,164,151,129,116,110,104,99,103,101,95,88,93,101,109,97,66,28,11
6,6,6,7,4,5,10,33,59,74,100,116,111,101,102,105,106,129,150,152,131,119,119,129,135,119,111,109,128,117,69,35,38,65,75,58,49,51,55,50,36,31,37,40,47,66,78,69,37,34,51,68,77,78,81,88,92,89,80,61,41,33,39,54,66,67,64,66,69,74,80,85,87,92,91,85,80,77,89,98,91,76,76,77,77,77,75,65,57,51,79,114,114,95,67,52,47,52,72,75,58,31,19,13,15,16,21,33,45,57,67,66,64,67,69,67,67,64,61,49,43,35,30,26,29,26,20,19,23,28,30,28,26,24,22,28,32,32,32,35,38,31,26,30,34,44,66,101,124,124,129,131,122,103,88,89,85,89,87,102,126,167,180,190,188,184,184,170,153,143,135,129,114,91,91,127,185,213,196,179,204,223,206,182,169,163,131,91,43,25,30,59,73,72,66,68,67,59,61,56,46,40,40,34,30,31,47,68,77,71,37,13,37,109,125,101,88,103,118,121,127,142,151,151,138,113,107,112,106,96,91,88,86,90,96,102,92,62,27,15
9,8,7,7,2,4,8,27,53,68,88,105,109,106,108,107,108,113,137,142,145,126,114,122,132,118,106,117,137,145,101,36,33,61,82,74,60,52,52,60,47,46,43,47,59,77,91,96,78,51,35,40,51,65,71,67,53,35,25,24,21,27,50,72,74,67,58,55,52,42,33,31,44,59,74,78,80,64,60,63,79,97,105,84,70,69,81,85,77,81,103,118,120,125,131,113,79,51,47,53,47,25,19,29,63,66,51,41,38,48,54,61,65,67,65,71,73,62,49,37,32,25,22,21,25,23,19,16,15,15,15,14,20,26,27,44,53,65,66,57,46,39,54,69,83,93,94,94,102,119,136,137,117,91,80,86,91,83,71,78,97,123,138,171,185,180,158,109,82,72,70,87,92,116,152,191,208,190,132,133,187,237,236,211,204,210,180,145,109,85,87,79,63,65,66,64,61,59,50,43,39,53,53,44,39,60,74,71,70,56,26,18,66,120,123,101,98,114,113,114,111,128,142,151,147,115,104,106,103,101,88,84,80,70,80,86,71,48,20,14
7,7,7,5,6,11,12,17,36,61,82,93,97,98,99,114,115,105,119,150,149,126,116,131,138,131,124,128,139,144,113,60,34,46,75,84,77,71,70,70,82,81,79,74,66,62,69,74,65,50,44,42,33,28,24,20,17,15,15,20,25,35,58,75,75,78,92,108,122,117,92,67,45,31,26,36,45,66,69,81,98,113,99,79,68,78,106,126,124,128,139,135,120,100,96,113,115,82,45,28,19,15,15,40,87,114,112,95,71,55,44,37,38,40,48,49,49,38,26,25,24,23,21,21,25,23,19,17,18,19,21,29,42,48,48,43,57,74,83,81,82,82,102,123,142,157,160,153,134,115,105,109,111,97,85,84,96,103,92,85,96,124,157,176,185,159,113,60,44,56,57,65,96,141,183,211,210,171,119,103,136,181,174,141,134,162,185,181,163,146,125,93,65,61,63,62,58,54,50,45,52,64,56,42,49,67,72,67,73,62,30,23,76,133,122,91,93,115,113,102,108,128,138,145,145,117,100,99,97,92,77,71,68,76,102,115,81,36,16,12
6,7,9,12,12,9,7,11,17,36,68,84,86,85,105,116,108,92,103,148,148,125,114,134,146,135,120,109,108,109,106,81,42,29,56,90,90,77,71,62,64,69,76,75,61,59,61,57,50,47,48,49,50,45,38,35,25,22,39,55,51,33,28,37,63,93,102,104,113,139,169,191,200,191,179,175,167,168,172,174,169,160,161,147,136,132,145,161,157,149,147,148,146,128,105,114,143,145,98,64,46,52,66,72,84,88,91,92,90,78,56,34,26,26,26,28,29,25,19,19,21,22,22,22,24,21,19,19,22,24,26,28,40,53,58,64,73,81,86,89,87,97,108,119,126,127,136,151,163,165,165,167,162,141,124,122,118,106,77,74,102,131,142,123,120,94,57,35,32,43,53,74,114,163,194,204,183,137,85,75,92,98,90,73,82,113,161,189,191,171,119,75,58,60,63,62,58,53,44,46,67,82,78,72,75,70,64,70,78,60,29,35,91,141,121,92,104,119,109,112,111,113,112,121,128,114,97,93,98,96,86,74,70,92,124,111,67,23,12,9
7,9,13,14,15,8,9,13,9,17,43,75,93,94,102,106,102,93,105,147,156,136,120,133,137,126,119,118,104,91,99,99,66,31,33,64,77,70,74,70,60,61,70,79,75,65,60,55,59,74,84,68,35,21,41,69,54,38,31,44,54,70,88,108,117,123,132,139,130,109,114,133,160,191,207,217,203,193,185,178,180,186,182,165,146,141,162,181,181,165,132,120,126,133,143,139,142,142,153,137,119,101,98,96,97,101,98,87,76,68,61,49,39,33,28,26,27,28,26,17,15,14,14,15,16,18,20,21,21,23,24,24,35,47,53,53,57,56,57,61,70,89,96,95,88,75,76,90,117,139,149,152,150,144,150,163,180,175,153,130,129,121,106,76,63,47,36,34,32,30,46,73,112,159,178,175,138,90,72,87,96,80,62,57,63,70,109,161,184,164,94,57,55,57,61,62,55,50,44,64,95,98,92,88,95,92,92,91,82,52,27,56,108,139,122,99,113,126,125,117,117,111,101,110,123,121,104,94,95,94,89,77,79,100,117,93,30,9,2,8
6,9,13,17,14,10,7,7,8,9,16,51,90,93,93,97,107,102,104,121,137,127,121,136,142,147,147,143,116,82,92,114,92,38,28,45,74,69,74,73,71,73,76,85,80,71,71,65,53,55,62,48,17,16,66,127,154,148,137,130,115,127,142,141,106,90,120,171,190,157,131,116,125,132,140,170,199,209,211,205,189,172,155,149,131,106,110,137,165,155,112,97,100,122,137,138,142,141,131,119,102,86,69,77,83,81,64,48,45,52,54,48,39,35,32,32,31,26,23,21,22,22,19,15,14,15,17,17,17,16,16,18,25,34,38,46,51,51,57,52,74,85,93,88,76,66,52,44,44,52,64,69,78,79,80,84,89,87,80,68,60,52,45,35,33,36,31,25,21,35,70,99,128,161,164,135,85,50,53,87,90,77,63,70,57,44,82,149,178,144,74,56,54,56,57,62,55,50,49,91,119,124,113,109,128,129,111,91,73,53,38,67,112,137,115,84,90,94,106,113,115,117,113,108,111,107,100,90,84,78,74,76,76,101,96,55,15,14,7,5
7,8,9,14,12,8,6,6,6,7,8,32,73,95,94,94,106,109,104,114,135,129,115,125,139,145,139,131,108,73,74,103,105,58,28,37,68,67,68,70,70,76,88,104,99,79,69,67,70,65,64,68,55,49,66,98,140,150,150,131,96,57,64,81,77,57,60,100,147,164,162,167,167,157,136,128,136,152,173,198,200,184,165,146,115,91,108,142,149,123,91,99,119,131,132,126,114,99,82,81,84,89,91,84,84,88,95,93,84,71,58,53,48,44,42,38,32,27,24,27,29,30,26,20,15,15,18,23,29,32,37,43,46,44,40,42,52,75,110,123,110,89,68,62,58,50,38,31,26,28,38,55,77,82,76,71,66,78,84,76,66,48,45,38,33,29,24,21,38,79,103,106,112,134,147,121,67,44,55,81,81,79,96,105,89,66,76,126,146,110,57,55,60,57,58,61,52,48,73,127,143,130,117,144,147,126,96,75,67,64,62,80,115,143,129,96,90,116,133,116,113,115,106,77,63,88,117,122,104,84,74,78,81,97,74,29,11,14,7,6
8,8,7,9,8,6,6,6,5,6,5,10,43,81,92,95,112,122,113,110,130,131,114,115,126,131,123,118,104,73,60,83,112,84,37,29,53,66,67,75,77,72,73,93,107,93,76,70,84,87,81,76,66,52,52,72,86,90,84,79,71,51,45,64,92,82,66,49,53,68,79,101,126,162,185,184,174,165,160,178,197,196,163,123,100,107,120,118,102,98,118,134,140,132,108,91,78,70,67,69,79,92,99,108,114,130,139,119,86,60,47,45,42,35,31,26,23,21,21,25,25,25,21,16,17,16,12,13,16,21,31,43,52,61,69,73,96,125,142,129,110,102,100,91,58,39,30,30,28,29,35,39,44,41,43,47,56,60,60,51,41,36,28,19,24,35,49,82,122,129,104,81,95,135,147,131,106,88,76,56,52,70,95,121,106,77,91,134,138,102,59,58,63,60,59,59,52,52,95,143,142,120,118,140,147,117,77,71,73,71,73,82,115,157,151,110,85,119,137,133,117,118,110,70,46,60,86,111,125,125,97,81,91,104,67,21,16,15,6,5
9,9,7,7,7,8,8,8,7,7,9,4,17,50,80,99,116,128,119,111,115,122,115,114,128,135,126,116,102,75,54,61,104,107,67,33,36,61,65,68,80,82,72,73,84,92,89,82,81,85,89,89,88,82,85,106,122,116,78,57,63,60,42,31,56,86,80,58,47,62,64,49,47,75,134,183,189,164,151,169,187,174,123,81,59,64,64,64,71,95,115,106,96,83,84,81,64,59,60,67,82,95,100,89,76,71,77,80,78,70,54,40,31,28,28,27,25,22,21,15,14,15,18,22,20,18,17,16,16,16,20,22,20,25,36,61,80,99,115,110,103,110,123,117,84,55,45,44,43,43,51,56,50,46,54,66,74,69,59,45,32,40,48,56,57,53,52,75,91,81,73,82,113,136,122,105,111,130,121,87,52,38,71,97,93,88,108,141,128,88,57,60,66,62,62,60,56,62,103,144,157,159,168,175,155,110,85,84,90,83,81,82,108,152,152,111,80,98,120,126,118,132,131,93,81,99,122,134,130,124,97,91,123,136,82,22,10,6,7,7
5,5,6,6,7,9,9,9,7,6,6,7,11,18,67,94,108,126,137,112,109,107,109,116,126,135,137,129,107,75,46,47,84,119,96,52,35,54,61,61,67,86,85,68,65,74,78,79,83,90,96,99,98,79,60,67,92,108,84,42,43,66,76,60,54,72,75,73,76,104,118,98,66,53,86,144,174,158,135,136,149,146,112,76,55,53,54,63,73,73,59,45,40,45,47,43,43,51,64,77,91,94,92,95,96,94,81,63,44,36,35,37,39,41,39,36,34,32,32,26,20,12,9,12,16,19,23,25,24,25,29,33,30,26,26,24,25,33,63,88,106,118,137,144,140,127,110,97,88,77,68,68,69,85,107,118,126,121,119,110,99,84,61,33,21,14,16,41,72,90,98,108,112,99,87,76,71,94,115,129,107,69,58,77,112,144,161,162,122,80,61,58,61,62,64,65,59,60,103,148,169,179,167,142,96,72,92,105,103,75,68,82,111,126,121,95,82,100,118,120,121,142,153,121,97,106,132,145,135,121,103,120,173,188,120,42,17,11,7,11
8,6,4,5,5,7,8,7,6,4,4,6,8,11,41,78,110,137,145,145,116,92,93,100,112,127,140,139,114,79,51,47,73,117,115,76,41,47,59,65,66,86,103,97,74,67,76,82,84,89,97,105,123,133,109,86,86,115,118,78,48,64,100,105,80,64,66,81,86,84,86,82,67,55,63,105,142,148,131,130,136,127,102,77,66,64,60,52,46,42,38,41,47,49,49,45,46,52,69,81,93,92,89,88,89,84,64,39,31,36,40,39,34,30,32,33,34,33,31,26,21,17,17,20,17,20,23,27,29,29,32,37,36,34,35,32,29,25,24,27,30,36,52,74,97,110,120,133,138,132,120,110,98,82,68,62,54,60,66,79,90,78,68,50,35,28,27,49,75,85,82,78,73,83,93,96,93,79,97,131,152,148,131,116,125,156,168,151,110,75,61,59,62,64,62,59,51,53,94,144,157,140,100,68,54,61,92,109,97,59,62,88,109,103,97,90,87,103,126,129,125,137,152,137,107,107,131,144,134,124,117,136,184,206,147,62,17,10,8,12
10,8,4,4,5,6,7,6,5,4,5,5,5,6,29,82,113,122,133,146,133,107,95,104,110,124,143,154,131,96,68,63,73,102,108,84,49,46,61,66,51,55,76,97,95,82,75,80,98,103,95,80,94,133,146,137,120,134,143,127,94,80,86,97,94,77,62,62,68,71,73,75,74,73,87,122,149,145,126,113,107,99,80,65,65,66,60,55,54,59,60,59,57,57,55,52,53,57,66,78,82,68,52,45,40,35,36,41,45,43,38,33,29,28,33,34,33,29,25,21,20,18,21,24,26,26,27,28,29,28,29,32,33,36,40,37,37,31,25,22,22,17,12,10,13,17,28,39,45,55,62,64,66,61,58,61,70,74,67,56,51,60,67,67,61,59,58,57,57,55,57,60,62,77,91,102,107,102,78,79,99,110,95,80,100,137,138,113,84,65,61,61,64,61,57,52,47,56,89,119,113,87,54,50,59,77,109,133,123,71,53,74,94,83,71,78,78,88,115,141,135,130,136,136,122,114,127,149,165,173,159,151,168,197,167,89,24,9,8,9
6,7,7,6,6,8,8,8,7,6,7,7,4,3,20,77,125,137,146,161,169,150,120,110,114,118,129,146,136,106,73,71,79,94,96,83,61,49,56,63,66,62,64,78,98,103,90,83,96,106,106,104,115,131,144,156,159,159,157,162,159,118,71,54,78,100,101,79,66,65,62,70,97,120,137,157,173,184,177,164,147,133,119,97,79,67,61,58,53,52,54,53,50,46,44,45,49,51,62,61,53,43,36,34,43,55,58,53,50,47,43,40,40,41,38,37,34,30,28,22,21,20,20,21,25,26,26,29,31,33,35,35,35,40,46,54,50,43,37,38,39,39,37,35,32,35,35,37,43,56,70,80,85,93,101,103,98,79,63,59,61,61,59,56,56,55,53,55,59,62,60,58,65,69,69,70,74,70,72,78,81,79,72,80,112,136,131,104,85,81,77,69,67,65,59,48,46,61,91,108,101,86,82,93,103,108,130,143,125,69,43,59,85,86,96,108,110,93,100,126,136,130,129,137,131,124,127,147,186,219,219,204,191,204,181,109,41,19,11,12
5,6,7,7,8,8,7,7,7,7,7,8,7,4,12,65,140,171,167,159,170,175,151,127,115,105,118,129,132,113,88,81,80,78,79,83,78,62,54,58,67,66,70,77,92,100,105,95,84,94,109,117,115,105,114,144,170,166,153,155,163,137,78,44,66,108,121,105,85,81,85,85,98,121,142,160,172,159,143,139,146,157,160,143,123,113,114,113,101,87,79,80,82,86,96,111,116,113,89,67,46,43,41,50,59,66,66,59,51,49,51,52,50,48,39,38,34,31,30,23,25,26,24,22,19,20,24,30,35,39,40,40,41,44,47,42,39,37,35,33,32,32,28,26,30,37,50,64,76,89,97,91,83,76,69,67,59,55,56,62,64,63,62,64,66,67,67,62,54,54,60,66,69,68,64,62,60,60,67,78,94,116,133,141,130,106,94,104,108,101,82,69,68,69,64,52,47,62,90,116,113,103,107,117,130,133,143,143,118,69,55,69,87,81,91,117,128,104,92,122,142,134,125,127,126,123,127,152,191,216,221,223,216,213,165,106,38,15,13,6
6,6,6,8,8,7,7,6,6,5,6,9,9,6,6,48,128,180,182,172,170,179,173,155,126,102,110,120,127,118,114,114,105,76,59,64,73,64,51,53,61,69,75,72,93,116,120,117,115,108,93,87,98,114,123,131,153,170,172,173,176,143,91,47,45,65,74,67,68,100,126,126,110,107,130,155,157,157,157,168,161,150,128,116,100,89,86,100,127,158,183,187,184,178,156,132,113,107,93,81,66,57,51,51,52,53,51,47,46,49,49,50,48,46,42,40,37,33,31,31,32,31,28,24,24,27,31,32,31,32,36,37,37,35,34,30,32,35,33,27,21,20,18,20,29,40,48,50,46,49,56,57,55,56,61,64,63,59,59,60,58,61,62,63,64,65,61,58,54,54,58,61,62,60,57,57,56,62,49,44,65,110,147,135,99,74,92,122,133,117,76,57,58,56,60,52,40,46,74,122,140,132,127,135,150,153,155,144,115,66,51,68,90,86,90,106,121,111,98,103,130,135,127,118,110,111,145,198,210,194,190,219,229,208,157,100,53,21,13,14
6,6,6,8,8,7,7,6,6,4,5,9,10,8,5,27,100,175,194,168,153,170,185,173,143,107,103,108,116,109,111,122,115,77,51,59,78,77,61,55,63,61,49,50,105,145,148,135,121,115,104,88,96,128,136,124,123,153,174,181,173,171,150,125,92,58,43,45,64,104,114,93,67,78,133,187,194,181,168,153,120,88,75,76,79,82,85,86,87,87,92,96,100,94,86,76,77,87,92,83,66,52,48,46,43,39,39,42,44,45,43,42,41,41,41,39,36,33,32,27,27,24,21,19,20,24,28,29,26,24,26,30,31,30,27,25,20,19,18,14,15,23,37,49,56,54,48,42,42,53,65,68,65,62,58,55,60,60,62,62,57,58,59,60,61,60,58,58,57,58,59,59,57,55,54,55,58,51,48,41,42,69,110,106,84,63,66,77,86,92,86,78,73,76,83,77,58,52,86,139,164,157,151,153,162,158,157,139,111,63,46,65,94,95,92,99,121,123,102,96,110,126,126,112,101,99,128,177,199,190,162,183,218,209,166,109,54,22,15,16
6,6,6,8,8,7,7,6,6,6,6,9,9,6,9,25,82,161,190,174,143,151,173,174,138,100,98,113,128,119,99,78,64,53,53,56,72,83,75,57,52,56,57,48,59,94,118,117,106,113,119,99,82,99,114,117,105,111,138,171,173,162,151,156,160,148,141,162,192,193,146,89,84,139,193,210,196,157,123,92,76,73,79,82,86,90,92,93,89,79,66,55,49,49,52,57,63,67,60,52,48,48,48,48,46,43,40,40,40,39,35,32,31,31,33,30,28,26,25,21,19,18,16,15,15,17,19,20,20,18,18,21,22,23,22,18,16,20,28,29,42,57,88,111,120,123,115,99,83,74,68,68,72,73,72,70,60,60,61,61,57,58,59,60,59,58,58,57,57,58,61,62,59,55,53,55,58,52,43,43,52,75,80,74,75,88,101,104,101,99,99,90,79,74,81,86,82,84,120,157,166,157,157,151,147,132,135,128,107,61,46,68,100,101,90,91,112,131,119,95,92,115,119,100,91,94,106,133,172,189,163,152,164,180,154,105,44,18,16,12
7,6,6,6,6,6,6,5,6,6,5,7,7,5,6,20,69,148,185,175,144,136,157,164,142,103,97,108,127,128,127,115,92,66,56,57,65,89,91,66,55,57,68,67,59,59,65,90,125,139,139,109,75,85,109,128,119,107,113,139,157,132,102,85,93,96,98,121,164,196,195,190,195,201,184,143,120,101,103,108,103,92,82,72,64,62,56,51,50,52,54,57,58,57,55,56,59,59,64,65,67,64,56,55,57,52,42,36,37,39,35,32,27,22,26,24,21,20,21,17,18,18,18,15,17,17,17,17,17,17,16,16,15,16,17,22,33,47,57,60,64,77,98,112,119,116,112,109,106,97,88,83,80,78,73,69,64,60,57,57,56,62,59,58,60,61,60,56,53,55,60,64,59,56,55,57,57,54,46,50,57,62,59,71,99,123,131,125,118,108,99,99,102,96,96,99,101,107,131,157,164,154,155,160,156,142,139,130,103,57,48,68,99,105,99,92,100,117,121,97,93,122,143,130,101,93,99,104,115,136,147,143,133,141,134,92,42,20,11,12
7,6,6,5,5,5,5,5,5,5,4,7,8,6,9,29,73,139,176,172,135,115,140,158,137,95,90,105,124,120,121,121,110,81,57,44,55,84,98,84,51,52,65,69,64,60,50,52,76,109,136,125,98,82,90,115,122,125,111,92,84,111,127,146,137,97,72,65,81,125,161,184,178,152,129,113,119,115,105,95,89,84,69,61,58,62,63,61,60,57,56,57,57,55,57,60,67,71,77,80,84,83,80,80,78,68,54,47,42,31,20,17,20,21,16,15,15,16,17,21,21,20,19,19,17,16,16,16,16,16,17,17,19,20,21,27,29,36,48,56,63,72,91,104,107,102,97,96,95,88,78,72,69,70,69,66,63,60,57,57,58,57,55,56,59,58,55,55,56,59,62,63,61,56,57,57,55,55,58,62,69,74,93,119,142,134,113,113,122,124,116,112,113,105,105,111,116,125,136,148,151,150,161,178,176,160,139,108,79,48,52,70,93,96,95,93,101,114,120,113,100,110,129,134,106,89,96,107,119,134,141,139,126,116,103,78,32,13,9,11
7,6,6,5,5,5,5,5,6,6,5,7,7,5,4,26,62,123,164,164,141,128,145,148,127,88,86,103,119,111,113,119,120,93,59,47,53,78,97,96,68,58,61,64,59,60,57,50,45,72,113,130,124,103,89,92,106,124,134,119,94,72,88,133,175,180,163,135,113,112,104,88,79,72,71,66,68,65,61,58,63,69,70,65,63,64,64,62,59,55,54,56,58,56,58,60,65,69,69,71,75,81,86,86,77,66,62,67,69,58,39,26,21,19,21,22,24,25,25,22,19,17,18,19,21,21,21,21,21,20,18,17,17,17,16,12,16,22,33,39,46,50,72,95,102,97,94,95,94,85,74,70,68,69,68,65,61,60,58,58,58,54,55,59,61,56,52,57,63,65,61,58,55,55,58,60,58,53,62,70,88,109,134,139,127,114,123,141,147,141,123,116,119,113,112,118,123,133,147,153,153,158,170,179,165,142,130,112,88,56,54,68,96,103,100,98,100,107,113,115,108,105,114,129,130,101,81,85,102,114,113,101,91,92,88,77,35,11,5,4
7,6,6,5,5,5,5,5,6,7,5,7,6,4,9,23,59,120,153,158,163,170,172,145,115,85,88,103,126,127,121,112,105,85,63,55,56,77,102,111,96,72,62,60,54,51,54,58,50,54,77,108,125,123,121,115,112,113,125,132,126,115,92,78,94,114,121,112,101,111,117,103,86,69,68,61,56,50,55,56,56,59,65,64,61,59,58,55,54,53,53,56,57,55,54,55,58,61,61,62,66,72,77,83,79,76,71,62,55,50,45,40,34,28,21,22,22,19,18,17,17,16,16,15,15,14,14,14,14,14,14,14,14,14,13,14,20,24,28,31,29,31,46,66,85,85,81,79,79,72,64,62,60,61,61,58,60,60,59,59,58,57,57,60,62,58,61,67,71,68,59,53,53,55,58,59,57,54,54,67,93,117,126,129,123,119,136,147,138,124,121,127,133,132,134,139,140,146,149,156,158,159,165,152,135,115,113,105,84,54,53,69,103,118,116,111,107,115,126,131,124,115,119,136,143,124,95,84,99,115,124,107,74,56,49,43,21,6,9,6
7,6,6,5,5,6,6,6,6,6,5,5,4,2,6,19,56,111,139,158,164,170,166,134,105,85,86,107,135,145,132,109,99,83,66,51,55,80,107,124,111,86,64,62,57,51,51,54,55,55,60,76,98,104,120,136,135,129,121,124,137,143,140,128,114,114,113,106,97,102,101,83,56,44,55,55,46,52,53,52,52,53,53,54,53,52,52,52,52,55,54,52,50,52,54,57,58,59,58,60,62,67,69,73,81,91,88,70,49,34,27,27,27,25,21,21,19,16,14,18,20,20,17,15,17,16,16,15,15,13,10,11,13,17,19,19,18,18,20,23,27,33,39,48,66,75,74,71,70,66,61,59,62,64,63,60,57,59,59,58,57,55,54,55,57,59,65,72,74,66,58,55,56,55,58,56,52,47,52,81,113,136,136,132,126,124,141,156,138,117,119,130,135,133,135,143,151,155,164,166,165,165,169,167,153,133,122,100,74,58,61,73,87,98,112,111,106,113,127,138,122,109,114,128,135,134,112,90,89,97,119,124,91,59,40,27,13,4,10,6
7,6,6,5,5,6,6,7,7,7,6,6,5,5,4,14,46,102,143,165,166,166,158,131,105,86,82,105,128,134,119,105,105,88,62,51,58,82,110,136,138,117,79,64,61,55,53,52,52,52,52,59,76,87,107,125,141,148,148,141,138,140,139,134,130,137,138,141,137,123,106,85,64,42,42,45,51,51,49,50,55,61,65,63,57,53,49,49,51,52,52,52,52,56,60,62,59,56,54,54,56,60,65,70,70,74,78,75,67,51,35,28,23,20,21,20,17,14,13,16,20,21,18,15,16,15,15,15,16,15,13,11,11,13,15,15,14,17,21,25,31,39,45,51,65,72,72,73,73,74,72,70,70,67,65,63,60,58,57,56,56,55,54,52,51,52,53,57,61,57,56,56,53,53,56,57,53,48,62,100,119,122,113,112,117,125,150,166,161,137,101,99,114,127,141,149,158,167,175,178,175,169,169,165,135,110,110,91,64,53,58,74,87,100,112,115,109,108,118,121,117,107,106,116,125,132,130,121,105,94,112,134,129,87,38,17,10,9,5,7
7,6,6,5,5,6,6,7,6,5,4,4,5,6,2,9,32,89,143,165,169,164,149,118,90,79,85,109,123,122,109,100,99,81,57,54,63,78,100,131,149,139,98,69,67,66,62,57,55,57,61,70,80,88,101,114,140,153,156,143,132,133,135,128,118,121,130,134,131,132,127,111,86,61,57,53,49,54,59,62,64,69,66,65,65,64,64,61,57,55,53,53,53,54,58,60,59,56,53,53,55,60,66,66,65,66,68,67,58,44,32,30,29,25,23,19,16,12,11,15,20,22,18,16,14,16,16,16,16,16,15,13,11,12,12,12,13,17,22,27,29,35,44,56,71,78,76,74,72,71,70,68,64,63,63,65,65,60,56,55,57,57,58,59,58,56,51,51,53,58,62,63,60,56,52,48,46,44,79,119,123,103,70,76,99,119,139,154,167,166,138,120,122,147,170,163,146,143,137,126,122,137,157,163,143,119,107,85,60,52,58,74,86,97,104,111,111,112,116,127,126,115,111,126,138,143,148,153,139,117,110,120,150,141,97,37,6,13,7,11
7,6,6,5,5,6,6,7,6,4,2,2,5,7,3,5,20,80,145,175,174,156,133,99,79,85,109,136,136,120,104,100,99,80,58,49,65,87,105,129,142,147,123,97,86,83,80,74,70,70,72,79,90,104,122,134,148,155,153,143,138,135,138,130,121,131,152,158,146,136,139,136,112,69,45,37,46,51,59,58,52,52,56,57,58,60,60,59,59,61,62,62,61,58,55,55,55,57,55,57,60,62,63,62,65,71,72,64,53,42,32,30,27,23,24,19,16,16,16,20,21,19,15,15,18,20,21,20,16,15,17,16,16,15,14,14,15,18,24,28,29,32,43,60,78,80,75,67,61,58,59,62,60,59,60,61,63,62,59,59,59,56,56,58,60,63,62,59,59,65,67,64,62,57,48,42,43,60,97,112,96,67,55,57,89,123,147,155,154,159,162,148,130,132,147,160,166,166,159,153,150,148,143,128,126,113,101,79,61,55,61,75,84,93,97,103,107,111,115,116,116,111,109,115,126,135,135,142,159,159,136,113,122,141,138,95,35,14,12,10
7,6,6,4,4,5,5,6,7,6,4,5,7,10,5,4,16,78,142,171,155,130,104,79,69,86,119,151,143,124,116,106,94,65,44,49,69,87,96,110,144,156,145,124,104,103,104,101,98,95,95,100,109,122,138,148,151,157,154,143,135,142,143,129,113,123,147,173,176,147,134,138,142,131,97,64,70,77,79,74,67,65,69,66,62,58,56,54,55,58,64,69,70,68,65,58,54,55,58,60,60,58,56,56,62,72,75,70,60,44,33,36,33,25,24,19,16,18,20,25,23,18,15,14,22,23,24,22,19,19,21,20,18,17,17,18,18,21,26,28,34,36,46,61,76,82,78,74,70,69,70,70,66,63,62,62,64,64,63,61,60,56,54,51,52,55,58,60,64,65,62,58,58,59,44,38,52,103,130,114,78,52,51,47,70,119,163,174,168,160,167,170,157,133,124,137,160,180,170,165,161,165,164,140,125,113,104,77,57,55,63,75,87,97,98,101,103,106,111,117,120,124,122,117,120,130,125,120,139,165,174,154,127,125,133,125,70,23,11,10
7,6,6,5,5,6,6,7,6,5,5,5,5,6,5,10,28,91,147,154,138,116,92,80,73,99,134,154,138,108,91,86,80,62,52,61,71,80,85,100,128,152,159,146,120,111,117,122,123,118,114,119,132,145,152,153,160,165,167,167,170,177,183,175,151,131,130,159,195,194,163,139,129,121,106,79,69,80,80,76,71,72,61,60,57,56,57,57,54,53,53,55,57,61,61,57,55,57,57,60,62,61,59,61,60,61,66,73,75,58,34,27,33,35,27,24,21,20,22,19,19,19,20,22,25,26,26,26,24,24,23,21,18,17,18,20,19,19,23,27,30,37,49,60,69,67,62,64,74,78,76,74,72,64,62,66,68,67,66,64,62,63,62,60,59,59,64,62,59,58,61,65,54,32,34,69,112,150,137,94,60,45,44,41,56,103,143,150,136,128,154,169,160,157,141,130,130,146,172,168,159,158,155,145,127,111,90,67,55,55,60,69,81,92,101,106,107,108,111,114,118,124,124,122,126,135,140,136,131,136,157,174,161,139,129,125,87,41,16,9
7,6,6,5,5,5,5,5,5,5,7,6,4,2,5,20,66,130,155,154,119,94,85,83,90,120,144,140,117,96,94,95,89,68,59,57,66,84,93,100,113,145,166,164,147,132,133,137,142,143,143,146,152,156,157,155,161,164,164,160,160,157,154,157,163,161,151,146,158,183,185,171,146,111,75,47,36,38,45,46,43,46,54,54,55,54,55,58,58,56,54,54,55,56,56,55,57,58,63,63,69,78,82,79,70,59,56,61,65,66,61,48,37,32,26,26,23,20,17,16,17,19,22,25,27,27,27,26,24,22,19,19,18,19,19,23,20,21,29,36,41,49,59,64,63,59,65,83,100,92,78,69,67,72,74,70,63,64,65,67,70,62,57,51,53,58,64,63,62,64,61,52,38,55,102,149,162,147,106,67,50,48,47,49,60,92,118,109,89,86,119,153,165,163,161,152,143,143,153,167,168,165,155,143,123,99,72,58,55,57,60,66,77,87,100,108,112,111,107,107,113,121,123,122,123,129,144,155,150,143,148,158,165,156,142,135,109,59,21,17
7,6,6,5,4,4,4,3,4,5,6,7,8,9,28,73,126,157,147,114,94,88,92,97,108,133,152,151,133,111,102,95,79,57,53,59,71,86,87,90,110,137,156,161,157,151,151,152,155,159,160,155,152,149,150,151,150,153,151,146,143,151,153,161,159,140,118,111,121,148,160,159,161,157,132,90,52,35,38,44,52,54,46,47,49,50,49,47,48,48,50,50,51,55,58,63,65,61,62,65,80,93,93,88,78,63,51,46,43,37,29,22,20,22,20,18,17,15,13,17,16,19,22,25,28,29,28,26,23,21,19,18,17,18,18,18,18,20,26,31,37,40,47,51,53,57,73,97,114,119,115,102,87,82,77,71,71,68,66,67,69,69,61,52,52,59,61,65,65,55,50,55,92,144,169,156,127,98,83,65,48,52,47,50,57,76,95,90,81,77,84,113,149,162,165,151,140,132,135,149,164,171,159,134,110,88,71,58,57,59,62,68,79,87,92,98,105,107,103,100,107,115,118,117,118,120,126,135,136,129,129,148,168,163,147,135,113,71,24,16
7,6,5,7,7,7,6,6,6,6,6,10,9,21,72,130,145,123,100,98,109,113,104,107,126,149,162,150,120,97,92,82,68,56,59,58,67,76,81,90,105,132,152,155,150,148,151,154,154,154,154,153,152,153,153,153,155,151,145,141,140,147,144,142,136,121,115,117,128,137,136,141,149,163,171,157,124,61,36,22,28,28,34,38,43,46,47,45,46,48,48,47,45,46,58,68,71,64,61,82,106,110,94,67,56,43,33,30,28,25,20,22,22,19,17,15,14,14,15,12,14,18,23,29,31,31,31,29,27,24,20,18,17,17,17,11,13,15,16,16,17,17,20,30,41,43,51,58,64,81,100,109,105,86,74,76,84,78,70,65,61,65,60,60,58,55,51,59,69,82,107,131,150,157,130,103,89,95,89,68,48,47,50,50,53,68,85,91,86,83,82,94,120,149,156,151,151,145,139,136,144,159,153,125,98,80,71,58,54,57,61,68,78,87,87,92,100,104,100,99,104,111,114,114,112,120,124,128,131,129,129,139,154,152,142,138,127,95,37,17
7,6,5,7,7,7,7,7,5,8,5,10,14,52,121,147,128,109,108,123,116,112,122,147,164,172,172,146,111,89,86,82,71,61,58,63,71,76,81,84,97,123,145,150,151,151,153,153,150,151,154,156,157,157,156,156,151,147,143,139,137,136,138,146,142,117,99,95,107,116,124,148,175,190,193,195,193,182,136,82,51,37,34,36,46,57,52,47,46,45,48,48,46,60,72,69,69,67,94,111,107,81,42,24,28,37,44,40,34,29,27,27,21,14,14,13,12,12,12,11,12,15,20,25,30,32,34,33,30,25,19,16,13,13,15,15,12,11,16,22,27,30,36,43,48,52,54,51,45,45,49,67,100,116,116,113,106,100,88,76,68,58,56,58,56,58,71,89,106,111,110,110,112,112,101,95,90,88,72,52,53,59,57,48,45,63,91,101,100,97,100,119,137,150,153,149,152,149,142,138,137,144,137,118,94,78,68,57,52,55,63,69,77,85,89,95,102,102,98,89,92,105,114,118,112,113,121,141,148,139,132,131,136,134,128,132,140,117,50,19
6,7,8,6,6,6,6,6,6,11,7,8,30,90,134,134,114,125,152,146,136,149,176,183,177,159,141,128,109,90,82,74,64,57,54,58,69,76,80,80,96,116,139,148,154,156,155,155,154,154,154,155,158,159,159,159,151,148,145,147,151,147,147,128,98,76,72,81,94,102,119,146,172,183,171,168,172,184,191,180,156,144,122,93,56,40,44,50,50,47,41,47,70,95,109,102,100,106,112,105,74,55,50,60,61,64,63,55,44,34,29,30,29,23,16,14,14,14,14,19,20,22,24,25,31,32,34,33,32,29,26,21,17,16,16,18,12,11,15,21,25,32,44,57,68,63,55,54,60,62,59,61,65,73,92,110,128,127,120,102,86,77,65,69,76,82,92,99,98,81,66,65,91,108,102,92,86,78,62,49,52,60,55,47,43,58,88,109,118,123,127,139,149,146,141,135,133,135,140,141,142,143,133,112,92,75,63,51,49,55,64,70,72,75,78,87,97,101,98,90,90,107,126,129,117,107,108,129,145,147,140,131,124,118,114,120,133,121,65,27
5,5,7,5,5,5,5,5,5,11,8,13,37,96,123,116,120,157,180,183,163,169,187,176,145,127,118,117,103,89,82,67,58,55,52,51,62,70,75,79,92,111,137,149,153,156,154,152,154,152,148,149,154,157,157,156,146,141,139,145,153,155,139,95,60,65,76,83,88,88,92,98,104,123,129,126,113,115,113,114,116,117,119,114,92,70,67,71,60,50,37,48,86,113,129,125,121,119,105,92,70,75,95,98,88,78,74,74,72,58,39,30,25,21,19,18,16,16,17,18,20,23,24,24,27,29,32,32,30,29,28,24,20,18,19,16,17,18,20,21,30,31,37,45,52,62,63,66,72,72,71,77,80,73,66,67,82,98,113,118,117,100,81,70,68,74,80,80,74,70,76,86,96,98,85,81,81,74,55,50,51,56,58,57,58,69,96,120,135,144,143,140,143,144,148,155,162,174,178,175,162,150,132,114,93,72,56,48,52,59,65,68,70,74,78,89,101,107,107,89,84,105,130,131,120,108,113,127,140,148,147,143,130,115,106,108,114,105,67,31
5,5,5,6,5,4,4,5,4,6,6,14,35,80,99,91,111,164,186,177,162,168,167,131,104,110,130,141,120,92,77,69,65,59,54,53,59,64,69,73,81,103,135,152,154,149,143,142,144,143,140,145,151,155,156,154,149,144,140,147,157,156,115,67,50,56,62,59,52,47,47,44,52,82,119,138,124,102,103,123,129,113,93,84,83,84,77,68,46,41,58,77,101,97,98,91,83,78,73,79,80,83,81,79,71,65,68,73,74,64,50,38,28,19,16,15,15,16,17,22,25,27,28,30,30,31,32,31,29,26,21,17,14,15,16,19,17,18,23,27,39,46,56,61,63,61,63,66,65,62,60,63,70,69,67,66,62,72,86,101,111,118,115,102,88,110,134,140,140,137,142,149,134,95,83,87,83,68,42,40,45,56,51,53,55,68,103,131,147,150,148,144,147,146,155,169,177,185,188,186,169,152,129,112,90,69,53,52,58,61,66,68,72,75,78,85,95,99,96,86,80,106,137,139,116,105,126,158,163,155,151,146,129,109,97,103,111,105,69,30
5,5,5,7,7,7,7,7,6,7,7,8,31,60,68,73,105,170,193,187,160,167,166,144,123,130,143,138,104,76,72,65,61,56,51,53,59,65,66,65,74,96,133,149,145,135,130,130,137,141,142,144,150,153,150,147,146,143,141,151,154,124,78,47,49,54,55,51,49,52,54,52,56,86,127,153,152,126,114,134,152,155,135,116,111,105,86,77,81,102,119,114,110,94,75,65,55,55,62,68,71,70,72,75,71,70,75,81,84,73,51,34,25,20,14,14,14,17,19,22,25,27,28,33,36,35,33,29,26,24,20,17,15,17,18,17,16,18,22,24,33,39,48,54,60,63,65,69,71,71,70,67,63,63,61,57,58,63,66,66,70,66,73,84,91,121,144,150,144,139,140,133,105,77,78,83,87,56,39,41,48,52,58,58,61,63,89,122,153,151,146,137,142,150,169,174,158,142,140,158,163,151,124,102,80,62,49,48,56,59,62,66,69,72,79,86,98,102,98,82,77,104,137,143,117,99,102,130,146,146,146,148,140,122,104,104,113,104,67,31
5,5,5,4,6,8,7,6,4,6,5,5,22,42,51,68,111,177,200,182,141,134,138,138,122,119,117,105,86,73,68,61,57,53,50,54,59,63,61,58,54,83,126,145,139,124,120,122,131,143,152,157,154,149,142,137,134,134,144,155,143,96,60,47,57,57,51,47,47,50,51,49,49,65,103,139,150,117,95,100,122,146,148,124,107,96,89,90,94,99,104,110,118,110,82,71,63,65,65,66,69,69,70,67,64,66,74,80,81,68,44,28,22,21,18,15,13,15,17,21,25,28,30,33,35,35,35,33,30,25,21,18,15,13,13,14,14,16,21,23,29,32,38,46,57,60,64,68,67,61,55,52,51,56,57,55,51,58,67,80,91,105,117,134,145,153,153,149,143,141,130,109,83,66,73,77,76,51,43,49,53,57,59,62,68,70,88,114,147,150,144,133,140,155,161,141,119,118,137,150,156,146,122,94,71,54,47,47,53,56,59,63,66,68,74,86,101,102,95,79,80,108,135,138,122,103,108,147,175,173,156,143,139,128,115,115,114,102,61,24
5,5,5,4,4,5,5,4,4,4,5,7,19,32,38,60,105,172,192,186,150,149,163,177,168,150,127,109,93,79,69,60,54,50,47,49,52,54,55,55,70,93,113,117,120,124,127,128,131,138,147,150,150,149,149,149,147,152,158,152,124,89,65,55,54,50,52,51,49,49,46,43,43,55,87,117,124,110,94,93,99,116,108,88,68,53,52,61,78,96,113,120,111,83,65,63,61,62,58,57,61,65,65,62,60,64,72,77,80,70,50,32,22,17,19,14,12,15,18,25,30,32,31,32,34,36,38,37,33,28,24,21,16,11,9,13,13,16,20,24,29,33,38,46,56,70,75,77,72,64,58,55,51,51,49,45,49,51,55,67,80,99,118,132,141,145,146,145,137,129,115,96,79,65,72,71,65,51,45,47,46,50,56,61,77,92,115,132,158,161,161,142,137,145,160,151,121,100,94,102,108,116,113,93,68,53,50,50,52,54,57,61,64,65,66,83,98,96,84,75,82,108,125,117,106,96,113,158,185,185,164,146,143,128,107,106,107,102,68,31
5,5,5,7,7,6,6,7,7,4,5,6,13,21,30,55,107,177,201,183,163,171,183,184,165,140,117,106,94,82,73,62,54,48,46,43,45,48,54,56,64,74,74,77,103,126,133,133,129,131,137,141,147,146,138,129,132,144,151,144,117,83,66,58,57,57,55,50,49,51,49,44,42,53,81,103,104,92,82,80,79,87,104,108,109,95,80,77,88,104,118,109,82,59,49,54,52,46,43,43,48,54,53,54,54,57,63,65,63,51,36,26,26,26,19,15,12,16,20,29,32,35,33,33,33,36,38,38,35,32,30,26,21,15,11,9,9,12,17,20,23,28,36,43,50,52,55,58,60,58,57,55,54,55,54,51,46,45,41,35,33,40,59,74,96,122,133,132,125,113,100,81,63,54,64,65,62,55,48,49,49,56,63,66,81,98,123,143,162,162,161,138,123,133,155,169,154,131,112,114,109,106,99,85,62,51,54,55,52,50,53,56,60,63,71,88,101,96,80,74,78,98,110,105,103,104,130,175,196,193,181,178,184,166,134,106,105,99,62,21
5,5,5,4,4,5,6,6,5,4,4,6,11,13,28,62,118,165,178,173,164,152,146,144,153,154,143,115,87,72,69,63,56,49,46,42,44,49,52,50,49,53,77,108,127,134,137,139,141,149,157,166,171,165,147,134,119,119,123,128,116,87,61,53,60,59,56,49,46,50,50,45,40,48,68,87,86,93,89,82,77,72,75,86,99,100,97,95,98,106,107,87,63,51,51,54,45,32,28,33,39,44,46,48,47,47,47,47,46,42,36,30,27,27,23,19,15,17,25,29,32,37,39,40,38,38,39,38,37,34,31,28,22,16,13,10,9,11,15,18,20,25,32,38,40,41,45,50,51,48,44,41,39,38,38,39,39,36,35,35,37,39,50,73,96,116,124,118,123,117,107,74,55,54,66,67,66,57,54,52,56,60,66,74,85,100,125,135,141,144,143,134,119,126,147,159,152,141,138,130,116,100,93,78,63,50,51,55,54,53,51,56,62,68,82,90,93,83,70,72,87,113,115,111,108,120,150,181,191,190,189,185,181,161,130,118,108,100,62,27
5,5,5,6,5,3,3,7,8,6,4,4,6,8,20,59,111,156,178,177,174,155,136,130,142,160,164,128,83,57,57,57,54,48,43,46,45,48,50,49,53,58,88,119,125,127,137,148,155,156,157,166,175,172,149,129,107,106,111,122,115,83,60,52,56,55,51,46,45,46,46,44,45,53,67,73,70,64,69,73,71,68,62,67,73,80,89,98,103,106,95,73,57,53,55,53,38,23,16,16,17,23,29,36,35,33,37,43,43,37,31,27,26,26,24,19,14,17,24,32,34,38,39,39,40,40,40,38,36,34,33,30,24,19,15,12,12,12,15,19,22,24,28,30,30,27,33,41,43,39,34,32,29,29,30,32,34,35,37,43,47,56,65,81,90,92,87,94,121,130,119,79,53,53,66,71,73,64,60,57,60,64,71,75,82,97,123,136,140,136,128,117,103,105,120,141,151,145,142,127,111,99,87,71,57,47,48,52,52,51,51,54,60,65,72,87,87,76,72,73,96,120,113,105,104,113,130,149,163,166,171,179,186,175,149,115,92,77,47,23
5,5,5,5,4,4,5,6,7,7,4,4,6,7,18,35,53,83,111,141,143,147,141,128,115,118,120,104,77,57,57,57,53,49,44,48,45,48,52,53,47,57,77,100,119,126,134,146,148,136,122,116,120,129,130,124,112,117,123,126,108,84,64,55,53,49,48,47,46,44,45,45,45,50,55,56,52,52,57,62,62,60,55,59,64,72,85,94,100,100,81,64,56,58,56,49,38,31,23,18,15,16,21,21,19,20,23,30,33,32,30,29,32,35,30,21,13,15,22,31,33,37,37,37,38,38,39,38,36,36,35,32,27,21,18,12,11,11,14,16,20,22,27,29,29,30,29,27,23,21,18,20,26,33,38,41,38,38,40,43,46,48,59,76,83,82,80,89,116,122,108,68,52,53,67,75,78,75,71,67,69,73,84,84,85,97,123,133,136,134,133,131,118,101,99,123,146,148,133,120,112,102,81,60,52,49,52,51,50,50,48,52,59,65,79,87,87,79,72,69,81,99,98,95,98,122,149,161,165,169,178,182,182,173,152,123,89,68,40,20
5,5,5,3,4,7,7,5,4,3,1,1,4,4,12,25,32,55,89,116,130,139,137,136,125,106,90,83,70,58,55,55,54,53,52,50,46,45,47,46,48,52,72,99,119,132,136,139,138,127,116,109,105,119,138,145,149,146,146,140,116,86,69,57,52,47,47,47,47,44,45,47,46,47,50,50,48,46,48,54,56,55,58,62,67,73,82,91,100,96,73,56,51,40,32,24,19,19,17,14,12,13,15,20,19,17,17,17,15,14,17,25,33,38,31,24,18,22,31,36,38,42,42,42,40,39,41,41,41,40,37,34,28,22,19,11,11,11,12,14,14,18,25,28,29,23,18,13,16,24,34,41,44,43,38,34,28,28,29,33,36,42,51,61,62,57,57,62,78,87,85,59,50,50,68,80,87,86,81,77,79,82,93,99,105,113,127,134,131,125,129,142,141,118,99,116,141,146,133,113,102,94,72,54,51,52,55,49,48,49,48,52,59,63,64,60,66,72,71,68,67,81,89,94,94,113,131,141,152,159,159,154,146,131,110,83,64,55,34,15
4,4,4,5,5,7,7,6,6,3,1,4,5,2,4,10,12,27,58,96,115,117,124,129,125,111,96,85,72,57,51,50,50,49,46,47,45,42,44,45,49,49,62,77,103,124,137,136,126,120,114,115,119,127,135,136,140,140,140,123,97,82,76,66,57,50,48,48,49,48,48,47,43,45,53,55,47,45,46,58,57,53,55,62,78,93,102,101,95,85,66,51,45,47,49,48,34,21,17,17,17,16,15,20,22,24,24,22,18,14,17,22,28,33,33,26,21,23,27,32,34,38,41,41,43,40,39,40,41,40,39,35,29,23,20,16,16,15,14,13,16,22,31,36,39,34,30,32,41,51,57,50,36,26,23,23,28,34,36,41,49,56,69,74,66,58,55,64,77,92,90,70,57,57,72,98,104,92,87,88,92,93,94,101,114,124,132,137,136,133,133,141,147,129,101,102,125,139,130,116,105,90,66,47,49,51,50,47,45,47,50,54,57,58,56,54,59,67,69,67,65,72,90,110,110,108,108,124,139,138,123,107,110,109,98,72,47,30,20,12
4,4,4,3,4,6,8,8,7,4,4,5,5,4,7,6,4,8,29,69,100,113,119,122,117,106,99,93,80,64,53,49,52,52,48,44,42,41,41,42,47,46,52,62,90,119,132,131,120,117,111,111,112,119,126,128,136,140,134,109,84,75,73,66,57,46,45,47,49,49,48,46,47,56,71,66,47,40,45,56,52,48,49,65,85,96,98,97,83,66,56,51,45,48,62,66,50,30,25,31,34,33,28,20,18,18,19,21,23,24,23,24,27,28,25,21,19,24,27,36,39,42,45,46,42,39,38,40,40,39,38,37,31,22,17,12,11,9,7,6,17,23,33,41,46,48,46,51,64,64,54,40,29,23,27,33,38,44,38,38,50,69,74,72,65,61,74,85,88,93,89,74,62,54,74,106,111,104,95,101,112,109,107,113,121,127,130,135,138,140,140,144,148,138,110,92,103,123,130,119,102,80,57,49,49,48,46,43,42,45,50,53,53,51,50,54,58,63,63,69,70,75,89,106,113,109,107,119,126,113,91,81,84,75,64,46,28,16,10,7
4,4,4,3,4,6,7,7,6,6,8,5,5,7,5,5,3,6,21,55,93,111,115,118,113,108,104,100,84,64,47,42,48,52,48,45,45,44,44,43,44,46,51,57,83,109,125,129,122,116,110,111,115,123,129,129,132,138,140,121,96,76,75,69,60,50,45,45,48,47,44,40,46,82,105,93,71,44,49,54,46,46,48,65,81,87,91,93,83,68,60,63,67,71,72,67,47,27,20,28,34,35,33,34,33,30,27,24,22,19,16,12,12,13,14,14,18,26,32,32,35,38,41,42,40,38,39,43,45,44,43,40,34,27,22,18,15,12,10,12,10,17,28,32,31,25,18,16,22,24,22,25,29,33,38,38,39,37,37,55,81,103,93,73,61,63,67,74,73,71,70,62,53,48,73,118,135,118,104,102,111,116,117,122,130,132,131,131,134,138,138,140,144,144,127,105,99,107,112,103,84,63,51,48,46,45,42,41,42,44,47,49,48,48,49,52,54,59,64,67,74,79,83,92,100,103,108,118,107,85,54,35,35,29,27,21,14,8,4,5
4,4,4,6,6,7,7,5,5,8,9,6,6,9,4,3,3,3,14,51,92,113,119,124,124,112,101,95,86,71,53,45,50,53,46,43,44,44,43,41,41,45,47,47,68,96,116,125,120,114,106,109,115,121,121,116,119,125,136,127,99,75,72,64,57,50,47,49,51,48,43,43,67,105,118,100,83,67,66,60,48,47,62,71,76,74,77,77,68,54,41,43,54,68,76,77,59,42,28,33,37,37,36,36,36,37,34,28,25,23,19,15,14,14,12,13,17,24,28,34,35,40,42,43,45,42,41,44,44,41,38,32,26,21,19,20,15,11,11,12,13,12,12,14,17,22,25,27,27,30,34,37,39,41,41,39,36,33,41,67,92,92,79,60,56,72,87,99,102,94,82,63,46,43,62,110,137,136,119,106,110,121,121,127,134,135,133,132,134,136,136,139,143,143,136,119,101,95,92,94,81,59,47,46,45,42,41,42,43,44,44,44,45,46,45,48,47,53,62,68,73,75,81,98,96,95,97,101,84,54,19,7,13,10,12,8,9,7,4,4
4,4,4,5,5,5,5,5,5,5,5,5,5,5,2,0,6,3,20,60,95,105,110,117,123,115,100,92,88,75,54,41,50,52,50,42,42,41,42,43,41,45,44,46,59,77,96,108,106,104,108,111,116,114,110,109,111,120,130,130,109,86,78,72,69,60,54,52,47,37,45,73,96,103,83,65,58,59,57,49,50,64,79,77,71,62,61,63,60,52,41,37,38,46,63,66,49,33,25,32,38,40,40,40,43,42,36,31,32,32,29,24,19,17,15,14,16,23,28,33,36,38,37,38,41,41,41,40,38,36,32,28,26,26,24,17,12,11,14,16,15,15,17,21,26,28,31,33,35,37,38,42,42,43,43,43,38,31,35,55,74,74,57,42,44,52,62,77,85,85,73,56,50,50,58,84,107,124,128,124,121,126,129,134,137,137,135,131,130,132,138,146,151,155,145,125,107,92,88,81,69,56,49,50,49,46,42,40,41,40,40,43,44,42,43,45,49,54,59,64,60,61,74,92,104,106,103,97,65,31,16,8,6,9,8,5,5,4,4,3
5,5,5,5,5,5,5,5,5,5,5,5,5,5,3,1,8,10,28,73,98,96,95,107,120,121,112,102,95,80,58,43,47,47,48,43,42,41,41,42,40,43,45,45,51,59,75,94,99,99,101,105,112,113,110,108,109,120,122,125,122,107,95,85,77,67,63,52,43,45,69,97,90,67,42,39,49,54,44,38,49,68,77,72,62,54,53,57,57,53,42,35,34,47,60,62,45,29,22,30,39,44,45,50,53,52,44,37,38,42,45,40,27,18,14,13,14,20,24,35,38,38,36,36,37,38,40,40,40,39,33,27,26,28,27,17,13,12,15,18,12,15,21,29,37,38,40,41,41,41,42,45,46,48,50,50,42,36,39,65,95,93,75,53,47,52,61,74,78,77,71,62,58,58,64,71,74,85,100,115,126,131,131,130,133,136,132,132,134,138,144,149,150,148,142,128,110,91,79,67,55,51,50,50,48,46,43,41,42,43,46,51,52,48,42,41,46,55,60,55,50,43,56,83,99,106,99,77,45,20,12,8,7,6,4,6,5,5,4,4
6,6,6,5,5,5,5,5,5,5,5,5,5,5,4,2,9,11,31,86,109,94,81,86,114,121,112,97,87,75,59,50,50,47,48,44,43,41,41,41,40,40,41,44,46,50,65,82,89,88,90,103,113,117,116,115,116,119,114,117,117,119,109,99,90,77,71,55,57,79,85,84,69,47,52,56,54,48,43,49,66,77,78,70,57,48,51,59,65,65,55,43,38,45,57,57,40,22,29,34,41,43,41,45,47,46,45,46,55,61,57,44,27,15,12,11,14,21,27,36,39,40,38,39,39,40,42,42,42,41,37,33,32,29,26,16,11,10,14,16,14,18,24,29,33,41,50,61,66,64,61,60,59,58,57,56,50,39,32,51,79,91,89,68,54,65,77,84,77,67,65,62,59,56,56,60,64,67,68,88,118,135,139,138,134,130,135,138,138,135,127,119,114,121,124,121,108,88,64,56,51,51,48,44,44,42,39,38,38,39,43,48,48,44,38,40,48,57,57,47,44,50,72,98,105,103,83,59,34,16,10,6,7,5,4,7,6,5,5,5
6,6,6,5,5,5,5,5,5,5,5,5,5,5,6,2,8,10,31,73,97,84,78,97,126,137,130,105,82,64,55,50,50,45,44,45,43,41,40,40,39,37,37,43,46,54,60,68,84,100,113,128,134,131,121,116,113,113,115,125,126,110,107,105,101,88,73,66,77,89,83,75,58,49,54,50,49,45,47,64,79,79,65,59,50,48,56,66,73,79,72,63,57,57,57,53,43,36,32,36,37,35,29,37,44,50,48,46,44,41,35,26,16,11,11,11,15,24,31,30,35,37,37,39,38,39,40,40,39,38,37,34,33,26,19,14,9,8,12,14,15,19,27,33,37,33,39,50,61,67,69,68,67,67,66,66,52,49,38,39,51,71,76,81,81,78,80,84,72,58,60,62,66,64,52,46,50,57,66,69,87,122,137,139,125,114,126,138,134,129,128,133,136,136,134,127,106,78,55,52,53,54,44,44,42,41,39,38,38,39,43,47,45,41,40,43,56,62,57,46,33,45,78,105,100,95,81,65,43,21,11,5,6,7,7,7,7,6,5,5
7,6,6,5,5,5,5,5,5,5,5,5,5,5,5,3,7,6,26,70,89,84,76,87,115,134,132,116,88,58,49,48,52,47,46,45,44,42,40,39,38,38,38,40,42,46,54,68,90,119,141,148,143,127,121,117,117,117,124,128,121,111,104,103,104,91,80,87,98,97,80,64,56,52,50,48,44,47,51,62,68,68,64,57,51,55,60,63,64,65,71,74,74,68,54,43,35,29,26,27,28,27,27,29,33,36,36,30,26,26,26,23,20,19,16,15,15,20,24,30,31,36,38,39,36,38,41,41,40,38,34,32,31,26,20,15,14,13,13,13,14,15,25,37,40,40,33,31,39,49,53,57,60,59,59,57,54,50,48,49,53,55,56,68,86,99,106,97,79,62,59,61,66,71,65,54,48,55,63,70,78,105,122,123,107,93,107,124,133,130,129,135,135,133,124,117,93,70,51,50,50,49,46,43,43,42,40,38,37,39,43,42,42,43,41,47,57,60,57,44,37,61,94,106,97,79,65,56,33,15,10,6,5,6,4,5,5,5,5,5
6,6,5,5,5,5,5,5,5,5,5,5,5,5,3,6,9,6,29,75,92,81,69,75,102,124,128,119,99,71,54,45,49,46,45,45,44,42,40,39,38,37,37,39,40,43,49,57,72,94,115,131,134,127,128,128,133,133,135,133,124,126,124,118,108,99,98,106,107,89,70,61,58,51,48,45,42,50,52,60,61,56,52,51,53,58,59,56,55,60,67,69,65,50,39,32,28,25,18,21,24,25,25,22,22,21,21,21,22,25,25,25,24,24,19,16,16,22,29,32,33,34,34,34,32,35,38,39,39,36,32,31,29,24,19,18,16,16,16,17,16,21,29,36,40,41,35,31,33,38,43,52,56,49,45,49,48,48,48,47,46,43,38,43,64,89,99,94,82,68,60,59,64,72,70,58,49,49,62,72,76,90,110,113,104,93,101,118,130,132,130,132,128,124,111,100,81,64,48,48,48,47,43,41,41,41,39,37,37,40,41,38,37,39,44,50,56,55,51,45,57,92,116,111,88,74,67,60,37,17,11,6,7,7,6,4,4,4,4,4
5,5,4,5,5,5,5,5,5,5,5,5,5,5,4,3,10,7,23,62,81,75,67,77,107,124,124,123,120,101,74,48,45,44,46,45,44,42,40,39,37,36,36,37,37,41,47,53,61,77,95,117,131,131,130,125,126,124,124,126,128,126,125,118,111,109,110,106,96,80,72,69,62,54,51,49,48,47,52,59,59,52,45,47,52,57,55,51,55,62,64,52,38,31,31,32,29,24,18,21,24,26,26,27,28,27,30,35,36,35,32,28,23,20,19,18,21,26,31,31,32,33,32,31,31,33,35,35,34,34,32,31,29,25,19,14,14,14,15,16,21,28,34,37,39,36,38,36,25,15,12,24,39,43,39,40,43,44,46,46,47,39,33,31,44,71,87,92,92,80,68,62,61,66,66,54,42,42,57,73,76,84,96,99,95,89,96,113,128,132,129,128,123,121,109,94,71,56,49,47,47,46,43,38,39,39,38,36,38,39,39,35,35,39,46,55,55,49,45,41,68,110,121,100,69,62,61,60,35,13,7,3,4,5,4,6,6,6,6,6
5,4,3,5,5,5,5,5,5,5,5,5,5,5,6,0,8,8,15,52,73,70,65,77,113,130,128,126,123,108,82,44,40,44,50,45,44,42,40,39,37,36,35,35,36,39,44,50,56,70,84,100,113,117,122,121,125,129,131,129,129,124,118,115,117,118,114,104,94,86,76,67,60,53,51,52,52,52,55,60,57,47,44,46,50,55,53,50,53,60,62,54,45,34,30,29,29,26,34,35,36,37,38,34,34,33,33,35,36,36,33,27,21,18,17,22,25,29,30,29,31,32,32,31,32,34,34,32,29,30,29,28,26,21,16,15,15,15,16,16,27,36,42,41,43,51,65,73,58,38,25,21,27,35,36,33,35,36,38,42,47,35,31,23,27,46,59,63,64,61,61,63,63,65,69,63,54,46,60,73,73,78,74,79,82,85,99,115,128,129,127,126,122,119,99,78,59,50,45,44,44,44,39,37,37,38,37,36,37,39,38,36,38,42,52,62,60,50,45,54,84,122,121,87,61,57,61,62,37,14,8,5,6,7,7,4,4,4,4,4
6,7,7,6,6,6,6,6,6,6,6,5,4,4,4,6,6,9,12,41,68,70,65,75,113,133,134,122,114,106,87,59,46,46,48,44,41,39,38,37,37,37,37,36,36,37,40,43,46,60,77,91,103,111,122,134,139,135,131,130,130,127,124,122,123,121,116,105,94,89,80,69,62,57,57,57,53,55,62,66,60,52,45,45,48,52,50,49,50,54,59,52,40,30,26,28,35,38,41,39,39,37,30,31,34,36,38,36,34,33,29,24,21,20,20,20,21,24,25,31,31,31,31,29,30,32,35,34,31,29,29,28,25,22,20,15,18,18,21,27,33,39,42,41,42,56,69,82,78,57,36,23,18,19,22,23,27,28,29,30,29,26,24,23,29,39,42,42,44,50,59,64,62,64,71,69,59,54,60,69,73,70,69,71,79,82,93,110,123,124,122,124,122,110,83,62,50,48,47,45,42,39,37,39,39,39,38,38,37,38,36,35,37,42,50,55,53,44,39,59,94,123,116,80,59,61,69,64,34,14,9,4,5,4,3,5,5,5,5,5
6,7,7,6,6,6,6,6,6,6,6,5,4,4,3,5,5,7,11,33,61,69,70,83,115,136,140,124,110,97,83,62,51,47,44,43,40,38,38,38,37,36,35,33,33,33,36,41,46,56,66,75,88,107,120,122,117,110,107,116,128,129,125,120,117,115,110,102,93,87,80,74,71,65,62,57,54,61,65,66,63,57,50,47,47,50,50,51,53,58,59,51,38,27,26,39,50,47,40,29,21,21,23,29,35,42,43,36,29,28,28,27,26,24,20,22,24,25,25,34,33,33,33,31,33,35,36,35,32,28,27,27,25,23,21,24,25,23,24,28,36,43,49,49,48,36,36,39,39,30,21,15,10,12,16,18,19,22,23,23,23,21,22,26,34,43,45,46,49,53,55,56,58,64,72,72,67,64,67,72,72,67,68,70,77,80,94,110,119,121,121,121,114,98,69,52,47,46,43,42,42,40,39,39,39,37,36,35,36,37,36,35,39,44,48,49,47,45,45,68,98,118,106,70,53,56,62,54,29,13,9,4,5,4,3,6,6,6,6,6
6,7,7,6,6,6,6,6,6,6,6,5,4,4,3,4,3,5,8,29,54,63,68,79,102,125,136,126,113,97,74,50,41,43,45,43,42,40,40,41,37,36,36,35,34,34,35,38,46,52,58,65,83,102,111,108,94,89,87,96,108,119,122,122,117,114,111,105,96,86,80,76,74,69,61,54,53,63,66,65,59,51,47,45,45,48,48,46,46,51,59,58,49,33,31,39,44,39,31,25,19,21,21,26,31,36,36,33,29,27,23,21,20,20,21,25,27,27,27,24,25,27,27,27,30,32,32,30,27,23,22,23,23,21,21,17,21,24,30,36,45,43,42,38,29,26,23,21,21,18,14,15,18,23,22,18,12,15,18,21,22,19,22,27,34,40,47,49,49,48,46,46,52,62,69,71,69,66,68,75,76,71,69,70,78,83,99,112,117,117,116,113,101,86,58,46,43,40,42,41,41,39,39,39,38,38,37,36,36,37,35,35,42,49,51,50,48,49,52,69,97,110,96,65,55,58,60,49,26,13,9,4,5,4,3,5,5,5,5,5
6,7,7,6,6,6,6,6,6,6,6,5,4,4,3,4,2,3,7,19,44,56,66,78,108,131,138,125,112,98,80,57,45,42,40,40,39,38,38,39,37,37,37,37,38,35,32,32,40,49,54,65,86,100,103,101,91,88,85,87,90,104,115,121,116,111,105,101,95,85,81,80,76,73,63,56,57,66,69,70,59,45,40,40,45,48,46,41,37,39,50,55,54,54,47,41,37,35,31,33,39,39,34,25,27,32,39,48,51,45,32,20,15,14,16,21,24,24,22,22,24,28,30,32,30,31,32,30,25,22,23,24,25,24,23,19,22,21,24,30,31,27,31,35,32,31,30,30,28,23,17,15,16,21,25,23,22,22,22,21,19,25,28,32,36,38,37,37,36,38,39,42,49,61,66,68,68,72,72,76,76,70,66,67,75,81,99,114,118,115,113,106,89,66,45,43,45,40,44,42,40,38,37,39,39,39,39,40,38,36,34,35,43,52,57,57,54,53,54,79,105,111,93,63,57,60,58,43,21,12,9,4,5,4,3,4,4,4,4,4
7,8,8,6,5,5,5,5,5,4,4,4,4,4,3,4,4,5,4,14,38,61,60,75,103,126,131,118,108,99,86,66,52,46,44,42,40,41,42,40,34,34,33,33,35,33,32,33,37,42,46,56,73,86,89,87,82,82,80,82,88,99,107,113,109,101,94,91,91,86,82,79,78,72,66,62,60,67,67,62,52,41,35,36,45,53,52,47,46,43,41,45,50,56,61,60,51,43,42,49,55,53,47,38,33,37,53,67,70,59,41,24,17,16,17,17,19,21,22,22,24,29,36,41,38,37,34,32,29,26,24,27,28,27,27,23,23,19,16,12,15,29,42,45,46,42,37,32,27,20,16,18,20,20,23,25,31,33,34,33,32,30,30,31,29,29,31,34,36,41,40,37,40,47,56,64,67,70,78,82,77,69,64,69,74,81,91,105,113,119,114,97,78,61,46,42,42,39,38,38,37,38,39,37,36,35,36,39,40,37,36,40,49,55,56,56,51,51,57,80,100,106,92,65,57,59,54,37,19,10,7,6,5,5,6,4,4,4,4,4
7,7,7,5,4,4,4,4,4,4,4,4,4,4,4,4,5,5,6,8,29,54,61,76,96,118,126,120,111,100,86,66,51,45,43,41,39,40,40,38,36,35,34,34,34,35,35,34,35,38,41,47,62,73,79,79,71,73,73,76,83,92,102,108,101,89,86,88,88,88,88,88,87,79,71,66,64,66,64,58,51,44,38,38,47,59,62,57,49,40,38,40,43,52,62,65,59,51,47,48,47,45,43,40,42,47,54,56,54,48,37,26,23,22,15,14,14,16,18,19,21,25,31,36,35,32,28,28,30,31,31,29,27,24,22,16,17,17,15,13,20,35,49,49,44,43,46,50,50,42,34,29,25,24,26,26,25,27,30,35,38,44,44,43,39,35,32,33,36,43,44,40,36,43,50,58,63,69,76,79,74,66,64,78,93,97,96,96,103,109,101,80,61,51,45,44,43,39,35,35,35,36,37,36,32,29,31,36,38,36,36,42,51,56,59,60,55,56,62,83,101,104,88,61,53,54,46,28,11,5,6,8,8,5,3,4,4,4,4,4
7,7,6,5,5,5,5,5,4,4,4,4,4,4,2,2,3,3,3,9,22,50,63,76,86,107,122,126,120,106,91,69,55,47,44,39,38,38,39,36,38,37,35,34,34,34,33,33,35,39,42,45,54,60,63,64,63,63,66,75,87,102,109,112,104,94,86,84,86,89,93,94,88,79,71,68,68,67,68,64,53,43,35,38,51,64,65,59,45,32,36,46,53,57,52,49,49,48,49,45,38,33,30,35,37,35,26,18,17,22,29,30,25,18,15,12,10,11,13,16,16,16,18,20,22,22,22,25,28,30,28,23,18,15,14,18,19,20,19,18,24,39,52,53,50,49,55,66,73,67,57,49,43,43,41,35,34,30,29,31,33,49,54,60,57,48,42,41,42,46,44,39,37,41,48,57,62,70,76,79,73,64,69,81,98,107,112,117,117,111,86,61,46,42,43,43,41,40,41,38,35,33,33,36,34,33,34,37,36,34,37,44,53,58,60,61,57,58,65,87,103,104,88,62,48,47,39,23,12,7,7,7,6,5,4,4,4,4,4,4
7,6,6,6,6,6,6,6,5,4,4,4,4,4,4,4,5,6,6,8,17,44,60,71,86,106,121,127,120,104,89,67,53,46,42,43,40,42,43,41,39,37,35,34,34,37,37,34,33,34,36,39,45,52,59,61,55,54,57,73,94,101,105,105,98,93,86,84,85,90,94,96,90,80,73,71,73,71,67,58,48,41,40,43,54,61,53,43,34,32,46,56,59,56,52,47,46,47,44,42,37,34,32,26,27,22,14,14,17,21,29,30,27,23,21,17,13,14,17,17,17,18,21,23,19,20,20,19,18,16,16,14,16,19,20,18,19,19,18,16,28,35,39,33,27,24,34,50,65,65,59,52,52,59,57,48,48,48,52,63,75,75,72,67,59,52,46,45,48,50,49,43,39,42,47,56,62,71,78,80,74,65,62,75,91,99,104,106,102,90,66,51,46,41,41,39,38,40,34,34,32,32,33,31,33,36,36,34,32,33,38,46,54,59,63,64,60,62,69,88,104,104,89,66,54,50,38,21,9,8,8,5,4,5,7,4,4,4,4,4
8,7,6,7,6,5,4,4,4,4,4,4,4,4,3,3,4,5,5,4,15,35,57,76,92,111,126,124,117,112,100,79,56,43,43,43,42,40,37,36,38,38,40,41,36,31,32,35,37,37,37,38,43,49,54,56,54,53,52,66,88,103,105,102,97,93,90,89,89,92,94,94,87,82,81,80,78,73,61,49,45,41,44,48,51,48,40,34,39,56,74,79,74,57,49,48,51,51,48,49,46,37,29,23,20,18,19,22,24,28,30,31,29,27,24,20,17,18,19,15,15,15,18,22,25,23,20,18,19,20,18,16,16,18,18,18,17,17,18,19,26,31,34,30,26,22,24,29,32,34,35,40,50,57,58,56,52,50,66,89,98,99,90,75,64,55,49,42,41,49,49,43,40,42,53,66,72,73,77,81,77,67,71,83,98,102,100,93,87,75,58,46,39,40,40,40,40,41,35,34,32,34,36,32,32,32,33,35,34,34,38,47,57,64,65,65,65,66,76,104,118,115,96,69,53,50,36,17,9,6,5,5,5,5,5,4,4,4,4,4
7,7,7,7,7,6,5,6,6,4,4,4,4,4,4,4,4,4,4,4,13,31,53,72,79,95,112,117,115,113,104,83,60,44,41,39,38,36,35,33,35,35,38,40,38,34,35,37,38,39,37,35,39,44,50,52,55,55,57,70,91,102,102,98,90,87,88,91,94,96,96,95,94,93,92,86,81,63,57,52,50,47,43,42,39,37,36,42,56,74,83,75,64,54,50,52,60,65,67,62,51,37,25,24,24,25,29,33,36,36,37,35,32,31,29,26,23,23,23,22,21,21,23,26,27,25,23,22,22,23,22,20,19,18,18,19,18,18,20,21,24,31,36,36,36,37,34,29,25,21,20,24,30,39,51,57,56,53,52,65,83,84,79,67,54,42,35,33,38,46,47,43,39,44,56,69,75,74,76,83,89,89,86,85,86,91,95,94,89,73,49,38,39,38,38,38,38,38,38,37,35,34,33,33,32,31,32,33,33,35,41,51,61,67,69,66,67,71,86,113,119,108,88,65,52,43,27,14,9,8,7,6,4,4,2,4,4,4,4,4
5,6,5,5,5,4,5,6,6,4,4,4,4,4,5,4,4,4,3,2,5,16,31,44,52,70,97,114,117,114,107,88,63,44,37,41,40,38,36,35,35,34,36,39,39,38,39,38,37,34,34,36,38,42,47,51,54,57,58,69,85,94,94,89,83,83,88,91,94,96,96,95,93,92,89,80,72,61,58,58,56,51,41,37,35,40,50,63,73,75,69,62,56,54,62,67,69,72,72,63,49,36,27,26,26,28,29,31,31,31,31,31,32,32,33,31,29,27,27,23,22,22,24,26,27,27,26,24,23,25,27,27,25,24,22,21,21,23,25,26,33,37,40,39,40,40,43,46,40,31,24,24,27,35,45,51,57,61,59,59,65,80,77,69,54,38,33,33,36,42,47,48,48,52,62,72,74,74,75,82,92,96,90,80,76,82,88,90,76,53,35,36,39,37,36,36,35,34,36,36,35,33,32,31,30,30,31,34,35,39,46,55,63,67,69,67,69,76,94,108,109,92,72,50,41,29,16,10,8,8,6,6,5,4,3,4,4,4,4,4
4,2,2,2,2,2,2,4,5,4,4,4,4,4,5,5,4,3,2,7,4,5,10,19,30,43,66,95,111,118,115,97,70,49,40,40,39,37,35,34,37,34,34,38,37,33,33,35,36,36,36,33,33,37,44,48,53,55,56,63,76,90,90,87,85,89,92,90,90,93,96,98,98,93,89,80,73,66,64,63,58,51,43,38,36,44,57,64,67,65,53,45,46,51,57,58,60,66,60,53,42,36,32,32,34,36,40,40,39,37,34,32,32,31,33,33,32,29,26,30,28,27,28,31,33,33,33,31,29,28,29,32,32,31,29,25,26,27,30,33,34,38,42,43,45,51,51,47,37,27,21,26,39,54,64,68,66,64,62,60,61,65,71,74,67,54,43,39,38,38,45,54,58,60,67,72,71,73,74,80,86,89,79,69,69,77,80,74,55,39,38,36,32,36,35,34,32,31,30,32,34,33,31,27,28,29,32,35,39,43,50,57,63,65,67,68,72,78,94,106,108,91,69,49,27,16,8,9,7,4,5,5,5,5,6,4,4,4,4,4
4,3,3,1,2,4,6,6,6,6,5,5,3,3,4,4,4,4,4,2,4,6,10,13,11,17,36,57,79,101,104,99,81,54,41,41,38,39,38,34,34,34,35,38,40,39,35,34,36,37,35,35,35,36,39,41,49,51,54,60,68,80,86,91,91,90,90,93,95,93,96,102,102,95,90,82,76,65,63,61,57,49,42,40,42,49,52,54,48,38,34,35,35,36,35,39,50,58,57,52,41,32,32,29,35,38,36,41,45,46,44,38,34,34,31,29,28,30,33,34,32,31,32,35,38,39,39,39,39,38,38,37,34,30,28,27,28,30,31,30,36,38,40,43,50,60,60,54,42,32,25,27,42,61,72,72,68,61,57,56,54,57,60,62,58,53,49,48,45,46,48,53,59,62,64,70,75,76,76,79,80,76,67,63,65,74,75,66,50,35,34,36,35,35,34,33,32,31,31,33,34,35,35,29,30,31,31,39,41,46,51,51,53,58,60,64,67,87,99,108,98,69,50,28,20,16,10,6,6,5,4,4,4,4,4,5,5,4,3,3
4,4,4,4,5,7,7,7,6,4,4,3,3,2,4,4,4,4,4,4,3,4,5,7,11,8,15,31,58,84,94,100,89,66,47,41,38,37,36,34,32,33,35,39,42,42,38,36,37,36,35,33,31,30,32,34,39,42,46,53,62,77,81,80,74,70,71,75,80,87,94,99,97,91,85,77,68,68,63,58,49,38,32,34,38,44,44,40,37,35,37,38,36,32,30,34,47,57,59,50,34,25,25,34,40,38,30,26,30,35,37,35,34,34,35,33,32,33,34,33,30,29,34,40,43,42,41,40,39,39,39,37,34,28,25,28,30,33,36,38,38,35,31,36,50,65,65,58,42,28,18,21,40,58,65,62,51,42,38,41,42,45,49,53,51,45,41,42,45,47,49,49,51,55,58,65,72,73,72,72,70,66,61,62,67,70,65,56,47,39,37,36,34,36,35,34,33,32,33,33,33,31,29,34,34,31,29,33,40,47,50,47,47,52,62,74,81,91,91,88,68,40,28,19,12,9,6,5,5,5,4,4,4,4,4,4,4,4,4,4
4,4,5,4,5,6,7,6,6,8,7,7,6,6,4,4,4,4,4,4,3,3,3,3,3,2,7,15,31,54,81,99,94,76,53,42,37,35,34,33,29,29,32,35,38,36,32,32,36,37,36,33,31,30,31,33,36,39,42,48,57,67,70,68,62,56,59,63,71,85,95,100,100,92,87,81,77,70,61,52,42,32,37,36,38,38,32,30,30,30,32,32,30,33,33,39,52,61,61,49,31,24,25,36,44,46,35,29,27,31,37,36,36,38,36,36,34,34,34,31,30,31,36,41,40,39,37,36,35,33,33,36,37,35,34,34,33,33,32,32,30,28,25,31,44,49,48,42,31,22,17,24,40,53,53,47,31,25,26,33,36,39,43,46,44,38,33,34,37,39,42,44,52,59,62,62,63,67,68,64,60,57,57,62,66,64,55,46,41,38,36,34,34,36,34,33,32,31,37,36,36,33,31,31,30,29,30,34,43,50,53,50,51,56,68,75,80,88,85,64,39,21,15,11,6,5,5,5,5,4,4,4,4,4,4,3,4,4,4,5
4,5,5,4,4,5,5,3,4,7,6,5,5,4,4,4,4,4,4,4,3,3,4,5,5,3,7,9,18,35,59,85,87,82,58,42,37,33,34,33,31,32,32,35,36,39,37,35,37,37,34,30,29,29,31,33,35,37,38,43,51,56,61,63,59,57,57,57,65,81,91,90,78,71,71,78,83,74,61,47,40,35,34,32,32,33,29,26,23,22,28,31,32,36,42,50,60,67,63,51,32,26,31,40,48,49,37,28,22,25,33,34,32,33,36,36,35,33,31,31,33,36,37,37,35,35,36,36,36,35,35,38,40,40,39,31,31,29,28,27,26,30,33,35,41,46,41,32,24,20,19,24,37,50,51,46,33,31,31,34,34,35,38,40,37,30,29,28,26,28,33,36,44,60,65,63,60,55,59,55,48,47,53,58,59,53,45,38,35,33,30,31,33,33,32,30,29,29,33,34,34,33,31,31,31,29,28,33,39,46,52,52,55,61,68,76,81,81,70,45,21,16,11,7,6,6,6,5,3,3,4,4,4,4,4,3,3,4,5,5
4,4,4,4,3,4,5,6,5,4,4,4,4,4,3,3,3,3,3,3,3,3,3,3,4,5,7,11,20,30,49,73,86,77,67,47,38,33,32,31,31,31,32,35,37,40,39,37,34,31,30,30,30,28,28,27,31,31,34,39,43,53,53,55,55,55,54,53,56,66,71,72,63,59,68,80,83,72,58,44,39,37,34,32,30,28,29,26,25,27,30,32,34,35,37,52,68,71,67,51,34,31,35,44,59,66,68,58,42,33,30,32,32,32,31,31,30,29,29,31,32,34,38,39,39,39,38,36,35,36,39,38,37,34,32,27,27,26,27,28,31,27,27,31,37,43,40,36,30,24,24,32,44,54,56,55,45,36,30,29,29,30,33,36,34,29,23,23,24,28,30,32,37,48,56,54,50,45,47,48,47,46,48,51,51,47,40,35,35,34,34,33,32,32,32,32,32,33,28,29,29,29,28,32,32,29,29,35,42,48,51,49,51,57,69,78,83,71,44,16,11,5,6,9,4,4,4,4,4,4,4,4,4,4,4,3,3,3,3,3
5,5,5,4,3,4,4,5,5,5,5,5,5,5,4,4,4,4,4,4,4,4,4,4,4,5,6,8,17,25,35,56,72,77,75,56,43,34,33,35,32,32,33,35,37,36,35,34,34,33,33,33,32,31,31,31,30,30,33,37,40,45,46,48,49,48,51,49,48,56,63,68,72,75,83,87,84,70,54,39,36,37,38,35,31,27,25,24,26,28,32,34,36,35,41,54,62,62,58,45,29,25,27,33,50,65,74,72,57,43,33,29,28,28,24,24,25,26,27,29,30,32,35,36,38,38,38,38,39,39,39,35,32,31,30,31,29,27,26,26,32,36,41,45,47,49,46,39,33,29,30,39,54,64,63,60,50,41,36,35,33,32,31,30,27,25,25,28,32,33,33,30,30,38,43,42,39,34,36,40,41,41,43,45,45,41,34,33,33,33,32,32,31,30,30,30,30,30,27,28,29,31,31,32,32,30,29,33,39,44,44,42,48,57,72,79,65,36,11,11,7,5,6,4,3,3,3,3,3,3,3,3,3,3,4,4,4,4,4,4
4,4,4,6,6,6,5,5,4,4,4,4,4,4,3,3,3,3,3,3,3,3,3,4,1,3,4,9,18,26,36,55,71,75,74,59,45,32,29,28,27,27,27,28,30,31,31,30,30,30,29,28,27,27,26,26,29,27,28,31,34,37,38,41,42,42,43,41,44,57,68,73,71,73,80,80,74,57,45,35,34,37,31,30,28,27,27,25,23,25,27,28,29,33,42,51,57,58,52,41,27,21,21,27,39,45,49,46,40,34,26,24,24,24,23,24,26,28,29,27,29,30,31,32,32,32,32,32,32,30,27,25,26,27,28,23,21,20,19,20,22,31,44,53,57,50,38,24,18,22,29,38,49,55,55,51,41,35,31,31,29,25,24,24,26,28,23,23,25,26,23,24,28,31,33,33,31,30,30,29,30,31,37,37,36,32,28,26,26,26,27,27,27,27,27,27,27,27,25,26,27,28,30,29,30,29,26,28,32,37,40,44,56,68,69,62,39,21,11,6,5,5,7,4,3,2,2,2,2,2,2,2,2,2,3,4,3,3,3,3
