1,1,1,1,2,3,2,1,2,2,2,2,2,2,2,2,2,2,3,2,2,2,2,2,2,2,2,3,2,1,1,3,1,1,1,1,1,3,2,2,2,2,3,3,4,3,2,2,2,2,2,3,4,4,4,2,3,3,3,3,3,2,2,5,6,5,5,4,4,5,6,6,15,21,27,33,35,40,34,32,34,40,49,50,61,73,82,88,87,86,85,85,84,76,67,54,50,51,58,58,58,62,68,74,77,74,74,77,82,85,83,81,78,79,84,85,86,88,88,88,86,87,90,88,88,87,90,92,88,93,93,90,86,83,77,76,72,69,67,65,60,58,63,66,67,75,81,86,88,81,71,59,48,37,35,32,31,33,30,31,35,37,33,29,20,14,11,3,3,3,6,5,2,3,3,2,3,4,2,1,4,4,3,2,1,2,3,3,3,3,3,3,2,3,2,2,1,2,1,1,0,0,2,2,2,2,2,2,2,2,2,2,2,2,2,2,1,3,4,2,0,1,1,2,2,3,1,2,2,2,3,1,1,1,1,1,1,1,1,1
3,3,3,2,4,4,3,2,3,3,3,3,3,3,3,3,3,3,2,3,5,5,5,5,5,5,5,4,3,2,2,4,4,4,4,4,4,5,5,5,5,5,5,7,7,6,5,6,6,6,6,6,6,5,5,4,5,6,6,6,7,8,11,12,8,5,8,5,7,14,21,38,57,67,65,60,59,64,71,87,106,128,146,151,148,144,139,130,117,109,108,108,108,107,107,110,120,126,132,142,146,152,158,159,157,160,161,163,166,168,168,170,168,167,167,169,174,178,179,178,177,178,178,170,168,168,171,171,164,168,164,160,160,160,157,158,158,159,158,147,137,133,122,110,104,99,103,111,120,132,145,145,127,112,95,81,75,65,52,47,48,56,62,61,57,54,40,24,8,5,6,7,5,6,11,14,11,9,6,5,9,8,6,5,4,5,6,4,4,4,5,5,5,2,1,4,8,6,5,5,4,4,4,4,4,4,4,4,4,4,4,3,3,4,6,6,6,4,2,2,3,3,3,4,5,5,4,4,4,4,4,3,3,3,3,3,3,3,3,3
4,4,4,4,5,6,5,4,5,5,5,5,5,5,5,5,5,6,9,7,6,5,5,5,5,5,5,6,5,4,5,5,6,6,6,6,6,7,7,7,7,7,4,5,6,5,4,5,5,5,5,6,7,7,6,5,6,6,7,9,10,6,9,6,4,9,9,19,37,54,63,73,79,79,75,74,84,106,133,160,172,167,164,164,158,148,131,114,111,120,122,125,126,135,154,179,194,202,196,196,198,201,203,200,196,197,204,211,218,220,217,221,221,222,226,231,237,239,234,227,222,220,219,213,207,206,209,211,206,206,203,199,197,196,193,195,197,198,199,196,190,187,175,160,147,139,131,117,108,113,128,149,158,159,155,153,147,130,113,94,73,66,67,66,72,81,77,65,44,23,10,7,6,8,11,11,10,7,7,9,12,10,9,9,7,5,5,4,5,6,7,8,11,7,4,5,6,8,8,7,7,6,5,6,7,8,8,7,7,7,7,6,6,7,9,9,8,5,4,4,5,6,6,7,7,8,9,8,6,6,5,4,4,4,4,4,4,4,4,4
5,5,5,5,6,7,6,5,6,6,6,6,6,6,6,6,6,6,7,8,8,10,9,8,8,8,8,7,6,5,6,7,5,5,5,5,5,5,5,5,5,5,6,6,7,6,5,7,7,7,7,9,12,11,11,10,6,5,7,9,9,10,12,7,9,23,46,59,76,82,81,79,75,76,94,113,138,160,178,181,174,151,126,131,145,149,144,145,160,173,181,192,197,194,200,202,208,214,219,224,225,224,220,218,218,215,215,213,209,205,206,207,209,217,228,238,244,241,230,224,216,211,211,212,207,202,203,210,211,214,217,220,221,220,218,214,209,203,201,200,204,203,200,199,195,187,180,163,144,132,121,122,128,136,147,160,168,175,180,171,156,135,117,96,82,78,88,94,83,61,38,16,5,14,11,8,8,8,7,9,13,9,4,3,4,6,10,5,5,7,8,10,5,7,9,10,9,8,7,7,6,6,6,7,9,10,11,8,8,8,8,7,5,5,5,5,5,6,8,7,3,7,8,8,9,9,11,10,9,7,6,5,5,5,5,5,5,5,5,5
6,7,8,10,9,8,8,7,9,9,10,10,9,7,7,5,4,3,5,9,10,7,8,10,14,12,9,7,6,4,4,5,7,8,8,8,7,5,8,8,7,5,5,5,6,7,7,6,5,5,8,9,7,9,14,14,8,11,11,7,11,17,17,22,42,66,77,79,78,76,78,82,90,107,147,180,187,173,154,151,147,146,142,149,158,166,176,190,202,208,202,202,206,214,223,224,223,224,223,222,210,207,203,197,190,178,169,155,139,129,125,130,134,136,139,149,158,159,150,138,131,125,128,134,138,136,137,143,150,160,170,184,192,194,199,207,212,209,204,204,207,207,208,207,203,200,196,191,188,177,160,144,132,129,128,122,123,135,158,169,176,180,171,150,116,92,77,77,76,78,77,68,46,24,9,12,10,11,14,12,8,8,12,12,8,6,5,9,9,10,8,6,4,6,7,8,8,5,6,7,8,8,5,5,6,8,9,8,8,8,8,7,5,7,7,6,7,8,9,8,7,5,7,7,7,5,8,6,5,6,8,9,8,7,9,9,7,8,9,8
9,7,5,7,7,7,7,7,9,6,6,6,8,9,10,10,11,9,5,8,8,6,6,5,6,8,11,11,10,9,8,10,7,7,7,7,7,7,7,7,7,7,6,3,5,9,12,13,9,7,8,9,8,7,11,11,10,14,14,13,20,24,34,59,79,84,80,79,76,81,90,109,138,165,179,185,172,152,136,139,148,161,179,185,180,176,189,210,222,222,221,221,224,228,225,215,209,196,177,158,134,119,104,91,83,69,67,58,44,36,36,41,42,37,34,37,38,36,32,30,29,28,27,28,33,31,30,36,44,48,56,72,87,95,110,136,161,178,185,200,214,216,213,212,213,210,204,200,201,198,192,182,167,154,138,121,113,112,112,121,132,148,167,172,161,129,93,80,67,70,77,83,81,61,29,13,11,11,14,16,12,10,9,9,10,11,10,7,9,14,16,17,13,10,7,8,9,8,7,6,6,7,8,7,7,8,9,7,7,7,7,7,8,8,7,5,4,5,6,7,8,9,11,11,10,8,7,6,6,6,7,9,13,15,11,8,4,8,9,10
11,9,7,7,7,8,8,9,9,10,10,7,4,2,3,5,7,8,8,8,6,6,7,6,8,9,10,8,6,5,4,5,8,6,4,6,8,8,6,6,6,8,4,5,7,11,13,12,9,7,8,10,9,5,7,7,6,11,14,19,31,50,70,84,81,82,80,91,106,127,144,156,164,166,157,149,143,146,149,152,166,190,215,218,209,207,218,231,234,225,219,218,215,195,161,138,123,106,87,67,42,30,20,17,16,22,19,17,13,11,11,14,13,7,3,0,0,5,12,17,15,11,7,6,5,7,12,15,17,16,17,18,18,17,23,37,49,70,88,117,151,172,186,197,209,219,217,216,217,211,203,199,194,189,174,163,155,135,119,107,105,113,128,151,167,163,148,131,104,83,72,71,83,92,84,55,33,17,15,15,10,9,12,15,15,11,5,11,10,6,6,8,14,12,9,6,5,8,6,5,7,10,10,8,6,5,5,6,6,6,6,7,8,8,8,7,6,6,4,5,6,7,8,7,5,2,9,10,11,10,8,8,11,12,9,8,6,8,9,9
11,10,8,9,8,8,9,10,12,16,18,14,9,10,9,8,6,7,6,5,5,5,7,9,10,9,7,8,7,6,7,8,10,8,5,5,6,9,6,5,8,11,8,8,8,6,6,8,4,6,9,10,8,7,9,12,17,25,34,48,67,79,80,81,79,87,100,119,142,169,182,169,141,126,139,156,161,154,151,157,176,203,235,246,235,225,224,224,214,195,179,164,142,111,70,45,33,21,15,7,9,13,19,19,14,13,16,21,33,41,58,70,71,61,48,42,36,33,35,37,42,41,41,43,48,53,61,67,66,66,67,63,51,44,29,25,16,16,22,35,53,70,96,121,152,182,195,203,207,210,208,205,202,201,201,205,207,186,165,147,134,121,108,109,125,150,169,173,158,128,99,76,73,77,86,93,83,58,38,24,12,6,6,10,14,15,11,3,5,8,8,7,4,7,10,9,8,6,4,4,8,10,8,7,6,7,7,7,7,7,6,6,6,7,8,8,10,11,9,7,9,13,13,12,10,7,9,11,13,13,12,7,10,10,8,8,8,7,6,7
8,9,7,9,8,6,8,10,8,9,11,10,10,11,10,10,9,8,7,6,6,6,8,9,10,9,9,8,6,4,5,6,6,7,10,11,10,7,5,5,7,10,10,9,8,8,9,12,9,11,11,10,10,8,13,22,32,43,56,70,84,89,81,80,91,121,150,162,154,142,131,133,140,142,147,153,159,162,170,181,186,180,172,177,186,188,180,168,146,115,88,71,50,33,12,14,13,12,12,12,17,20,26,30,32,30,43,63,83,93,96,101,110,118,122,115,97,76,62,62,84,101,106,95,76,66,59,58,50,56,57,58,60,61,60,58,54,51,48,37,33,31,41,54,72,100,127,154,178,197,204,206,208,204,202,197,204,206,199,189,183,171,145,115,112,133,151,159,160,158,153,130,104,76,66,75,80,76,66,47,33,20,11,6,5,8,7,6,8,10,10,10,11,10,8,7,5,8,8,8,7,5,5,6,7,8,8,10,12,14,14,13,10,10,7,6,6,12,16,12,8,6,7,8,8,8,11,11,11,10,10,6,9,6,4,6,9,7,6,9
13,13,14,7,8,8,8,8,7,7,8,8,9,9,8,8,7,9,13,10,9,6,8,9,9,10,14,12,10,9,7,5,7,10,13,12,8,7,6,5,5,6,7,6,6,6,7,7,8,7,6,7,10,15,28,42,55,68,78,82,84,84,93,110,137,162,177,176,157,135,130,142,165,177,171,165,166,184,211,223,218,201,183,162,143,129,107,81,55,34,23,14,6,8,9,10,20,26,25,27,19,25,39,61,74,93,108,117,106,90,77,76,84,95,113,110,86,63,53,57,73,85,90,72,46,36,30,31,29,29,34,40,40,38,33,35,39,46,50,57,55,47,37,29,26,29,41,67,92,121,152,173,190,201,205,198,199,205,209,199,203,205,188,166,142,135,130,127,133,153,177,175,157,125,79,59,61,65,69,73,67,49,33,19,6,4,7,6,8,10,11,11,5,5,5,10,14,15,9,5,7,10,9,9,10,10,10,10,10,11,9,8,10,10,11,11,10,9,9,8,8,5,6,6,6,4,4,6,8,8,8,7,4,3,4,5,6,5,5,6
8,8,7,6,9,10,8,6,8,7,7,9,10,8,7,7,6,5,5,7,11,13,13,9,6,7,10,10,11,12,10,7,9,9,9,8,7,8,8,7,7,6,5,5,5,6,9,12,11,9,15,21,30,47,63,70,67,71,75,75,77,86,123,162,177,168,143,137,147,161,178,186,189,192,201,211,224,228,223,209,202,191,155,109,71,44,28,18,20,22,17,17,20,23,27,37,43,37,24,21,22,37,56,72,79,79,99,120,122,108,81,74,75,76,91,81,61,47,49,57,65,59,53,46,37,32,32,36,34,37,42,47,46,43,40,39,38,38,38,40,45,53,56,52,43,33,21,15,21,28,39,62,108,144,174,193,204,218,213,208,206,208,208,194,180,165,146,142,144,141,139,144,151,153,135,99,71,62,64,72,77,75,65,45,22,10,7,7,7,8,7,6,11,10,8,7,4,11,8,7,8,10,10,11,11,12,12,11,11,9,8,7,8,9,11,11,12,7,5,8,8,5,6,7,7,6,8,9,11,12,12,9,8,10,9,4,5,5,5,5
7,8,9,6,7,8,7,6,6,5,6,11,14,10,11,12,10,8,10,10,10,8,10,10,6,4,9,13,17,16,11,10,8,8,7,6,5,10,12,2,1,10,9,10,5,5,9,5,10,10,21,38,57,72,73,74,74,67,69,72,88,120,147,162,168,163,143,136,152,175,180,180,181,185,206,216,225,214,197,174,139,98,50,27,22,22,20,20,28,32,36,36,31,27,29,44,48,40,32,37,55,65,62,54,55,58,75,100,124,135,130,111,93,81,68,62,53,51,66,79,80,79,75,68,60,57,53,48,38,34,27,33,35,40,39,35,41,50,51,48,43,46,49,49,49,48,41,26,16,13,6,9,28,49,75,109,147,187,202,218,212,205,201,197,201,194,181,164,153,144,125,116,121,147,165,148,114,85,74,68,68,69,76,73,57,31,13,8,3,10,10,9,6,6,7,9,12,12,9,6,6,6,8,8,9,11,12,10,11,11,10,8,8,7,7,6,9,9,7,6,6,6,8,8,9,8,6,6,6,6,6,5,7,8,8,7,7,7,6,7
6,5,5,6,7,8,7,6,5,4,5,6,8,13,13,12,9,8,9,10,9,7,7,11,11,7,5,5,9,10,9,9,10,10,10,9,9,11,9,14,17,15,7,9,13,11,8,12,13,30,56,71,73,69,65,73,85,86,90,104,146,169,165,142,139,155,182,185,191,192,191,187,198,212,220,206,182,154,125,87,49,33,25,31,31,25,26,36,42,37,30,35,39,39,41,50,57,56,51,56,69,74,71,63,62,64,67,70,86,103,123,128,113,82,48,39,47,65,77,83,85,84,81,77,75,71,67,61,52,37,29,32,34,41,35,34,38,48,53,59,63,67,62,53,48,41,41,41,39,36,30,17,10,10,13,23,51,90,141,173,197,202,199,199,203,196,190,181,179,172,164,146,132,127,129,142,153,149,129,99,77,68,73,78,79,66,36,10,9,14,8,5,7,7,7,9,10,10,7,4,6,8,13,11,9,9,8,6,6,6,6,7,8,7,7,6,9,9,7,6,6,5,5,7,7,7,6,6,6,6,6,7,8,9,9,9,7,7,7,7
6,5,4,6,7,8,7,6,8,9,9,7,7,11,8,6,5,6,8,9,9,6,9,11,7,3,8,8,10,7,4,4,7,7,7,7,8,8,15,11,7,14,14,5,8,13,13,20,46,72,81,78,76,75,77,84,90,114,138,155,173,182,175,159,150,162,186,193,198,204,216,223,219,209,182,145,104,58,36,24,16,16,28,47,57,54,48,45,44,40,41,49,56,53,51,56,62,65,66,69,78,80,80,75,74,73,74,69,61,61,80,103,101,72,42,46,59,74,75,73,75,78,81,83,85,82,79,73,64,57,41,35,32,37,46,51,56,63,68,68,62,62,61,59,56,54,54,53,52,49,45,42,41,24,16,13,17,28,45,75,118,152,182,200,210,206,201,195,195,194,198,186,165,140,128,136,147,153,152,140,120,98,78,74,86,93,73,47,20,11,15,12,9,9,7,7,8,8,7,8,9,10,9,8,9,11,11,6,6,5,6,8,8,7,7,6,9,9,7,6,6,4,6,6,7,6,7,7,7,7,7,7,9,10,10,9,8,9,9,8
9,10,11,5,7,8,7,6,4,7,9,7,6,9,7,5,7,8,8,8,8,6,5,8,9,7,10,9,11,9,7,10,7,7,8,9,9,14,11,9,11,14,8,14,18,25,36,62,86,87,76,73,76,89,110,125,136,151,159,164,154,145,138,153,168,185,197,198,201,208,216,205,179,134,89,58,36,24,18,12,21,28,42,52,52,51,46,40,39,34,35,41,44,43,42,45,47,53,66,77,85,81,78,73,68,72,73,82,78,66,70,74,71,60,44,55,71,77,76,78,78,78,78,79,85,84,83,80,73,60,42,34,35,41,60,72,79,77,77,74,67,65,65,63,59,55,55,54,49,42,39,44,45,49,49,42,29,15,13,21,46,71,107,150,181,200,207,203,196,193,194,192,187,175,156,140,127,131,143,154,151,129,98,82,75,83,91,83,59,32,11,11,11,9,7,6,6,5,12,17,14,10,9,7,7,7,8,7,5,5,7,9,8,7,7,6,9,9,7,6,6,6,7,8,9,8,8,8,8,8,8,5,7,8,8,7,8,11,11,9
7,7,8,7,7,7,7,8,5,9,10,9,8,11,9,7,6,4,3,6,7,6,7,10,10,10,9,8,5,8,12,11,6,10,9,9,14,11,13,7,6,11,24,26,24,54,79,86,84,74,76,83,94,109,129,148,152,150,144,136,134,133,142,157,171,185,197,202,200,194,175,140,86,54,33,28,23,19,26,38,43,48,49,46,41,39,44,46,43,45,48,50,47,42,45,52,57,60,65,73,75,75,76,79,79,82,80,80,73,64,64,64,52,41,48,67,80,78,82,85,82,76,73,74,81,84,85,83,83,69,60,45,45,53,72,78,78,73,72,71,72,72,71,71,70,68,65,64,61,52,44,47,54,54,54,55,53,41,22,18,15,30,49,75,103,138,171,193,205,199,192,190,193,194,183,159,147,137,138,139,137,141,140,112,84,63,67,81,93,72,41,15,10,16,19,13,7,9,9,9,8,9,9,8,8,9,9,9,9,9,7,8,10,7,6,8,8,8,9,7,3,6,9,8,4,7,7,9,10,9,7,9,9,9,9,9,4,5,7,7
8,5,3,9,7,6,7,9,5,7,8,8,8,10,8,7,7,7,7,8,9,8,8,9,10,9,8,7,5,5,7,4,5,11,12,8,6,10,10,7,15,26,23,32,57,86,88,86,78,79,98,122,139,148,149,145,139,134,130,134,151,176,192,199,199,196,194,187,173,149,122,73,42,30,30,36,37,44,52,52,48,46,42,40,40,43,47,48,48,54,55,59,56,49,48,53,59,64,71,79,75,73,74,80,85,88,87,75,62,59,57,51,33,30,53,80,90,86,84,81,80,80,82,85,86,83,79,78,77,84,78,66,60,63,71,76,77,75,75,78,72,70,71,73,73,69,67,67,67,65,64,66,61,56,50,44,45,46,51,45,31,24,27,40,53,70,111,153,188,207,208,203,210,214,206,195,180,161,148,131,126,140,158,157,138,100,71,66,77,88,80,50,26,17,17,22,18,6,8,8,7,6,8,11,12,9,7,7,7,7,5,7,8,8,8,8,8,8,8,6,5,10,10,10,8,8,10,10,11,10,10,6,7,7,7,7,8,8,7,5
7,9,12,8,9,8,9,8,6,5,5,7,8,7,7,8,10,9,7,5,5,6,7,8,8,8,7,10,8,8,11,8,10,11,8,8,12,11,9,19,28,23,46,70,75,77,72,67,75,98,128,150,156,154,143,137,135,144,161,178,198,201,211,212,213,197,171,133,99,72,55,45,34,35,36,40,53,60,64,53,39,36,41,48,53,57,57,51,48,53,60,63,59,52,54,53,59,66,71,76,78,76,77,82,87,92,98,90,74,64,52,43,36,44,66,80,85,85,85,85,85,83,80,77,79,78,79,81,83,84,82,75,70,72,75,77,75,75,78,76,73,73,76,79,76,68,63,63,65,66,68,71,68,69,67,55,46,44,45,52,53,44,38,33,45,60,84,109,122,146,179,211,223,229,223,209,192,174,171,166,156,143,139,162,181,165,116,82,68,77,89,88,66,42,19,13,9,15,8,4,7,11,9,11,12,10,8,9,9,9,7,6,7,9,9,8,8,7,6,6,7,11,9,8,9,7,7,8,9,8,7,7,7,7,7,7,8,8,8,6
7,9,13,6,10,12,10,6,6,5,4,6,9,6,6,8,11,12,11,8,7,8,10,10,11,11,10,8,6,8,12,12,4,12,15,13,13,13,26,25,36,58,72,79,77,76,73,84,107,133,150,151,143,136,136,149,163,172,180,185,193,206,210,206,199,150,99,58,37,28,26,32,42,55,52,50,49,53,52,40,28,34,49,60,59,56,54,52,57,70,77,73,59,49,51,65,71,75,78,81,81,82,84,84,84,82,77,79,77,70,52,39,43,54,65,72,72,76,84,83,82,80,78,74,76,79,82,83,83,77,77,73,74,81,80,78,74,72,77,79,79,77,75,74,72,65,65,69,72,69,64,66,65,66,74,75,64,55,53,53,46,42,43,45,41,51,73,86,86,93,100,130,164,196,223,224,211,193,185,182,176,162,149,143,145,165,151,127,88,69,71,82,86,78,57,33,21,9,15,15,10,5,8,7,6,7,8,10,10,10,8,6,6,10,10,8,8,6,5,5,8,10,5,7,8,4,10,11,11,11,10,4,5,5,5,5,6,8,9,9
8,8,8,8,12,10,7,9,11,6,7,8,7,6,7,9,8,8,7,7,9,13,11,8,7,6,6,5,8,10,9,9,15,10,9,16,25,23,26,40,59,69,72,75,78,93,109,127,149,162,161,152,138,139,161,177,174,174,173,186,196,205,192,151,111,66,45,35,33,40,41,45,59,70,67,56,42,36,34,37,40,48,58,58,56,58,63,64,62,64,66,66,59,53,62,73,76,77,78,84,84,84,84,82,80,73,72,77,84,83,70,53,46,52,60,63,70,80,80,77,74,76,81,83,86,86,85,81,77,75,74,73,72,70,77,75,74,75,77,82,83,81,76,72,69,66,64,66,70,71,71,70,68,70,71,70,66,61,54,46,38,35,37,41,40,36,47,64,80,77,58,57,77,124,180,216,235,232,216,193,183,178,164,146,127,131,156,170,147,103,72,64,69,76,70,58,37,21,16,17,15,6,9,6,5,7,10,12,9,8,10,9,6,8,8,7,8,8,9,9,8,8,8,8,8,8,4,7,8,7,4,8,6,6,8,10,6,5,5,7
7,7,7,8,10,9,9,9,10,7,8,9,6,6,8,8,7,9,12,12,11,10,10,8,7,7,8,13,14,13,12,16,12,8,15,24,23,24,46,68,77,74,77,84,97,123,145,151,150,150,149,152,158,173,189,180,172,176,189,209,203,166,123,64,39,31,32,42,47,47,49,63,69,71,62,53,49,47,49,55,58,55,48,46,53,62,70,73,65,58,54,58,62,68,79,82,79,77,80,87,85,86,83,77,73,72,78,84,86,86,75,52,45,57,68,66,65,71,76,75,73,77,86,90,88,85,81,80,80,78,78,78,77,79,78,81,82,79,76,75,81,84,82,79,78,75,70,67,68,75,81,82,76,75,73,69,59,50,46,41,35,33,33,36,40,38,36,38,59,88,83,57,46,58,97,139,179,207,222,212,190,182,178,166,149,148,158,161,155,139,114,86,69,62,70,78,68,46,26,13,13,15,11,9,6,6,6,4,5,7,9,12,10,6,6,7,8,8,10,10,10,9,8,7,7,9,8,6,5,6,9,5,10,10,8,6,9,7,6,5
8,8,8,9,8,10,11,8,9,7,10,8,5,7,9,9,9,7,6,10,13,13,10,8,8,8,10,12,7,10,14,10,9,23,24,18,24,52,70,72,69,77,86,115,135,149,157,153,147,141,139,143,168,188,181,173,175,193,204,183,122,77,52,39,41,50,67,67,65,66,70,73,67,61,62,68,74,74,72,67,63,56,53,58,63,64,66,65,60,60,62,66,72,77,81,81,77,79,85,86,83,81,78,76,77,81,85,82,80,80,70,53,47,54,62,61,62,73,82,84,81,80,83,82,81,83,85,87,89,83,78,74,80,86,82,84,84,81,78,76,77,78,81,82,82,78,75,76,74,76,78,79,76,74,73,70,63,56,45,37,29,30,36,33,38,43,47,47,48,59,78,72,50,36,37,53,76,105,149,192,206,203,199,195,187,167,134,118,117,145,169,156,118,83,66,69,73,73,54,33,22,20,9,10,8,8,7,6,8,9,11,10,9,9,9,8,8,9,11,12,12,11,8,5,7,11,7,5,4,5,7,8,10,11,8,5,8,7,7,8
9,9,11,8,8,10,10,7,9,9,10,9,5,9,10,12,12,9,8,9,7,5,6,6,7,9,12,6,14,15,9,16,26,18,18,37,58,77,74,74,76,86,112,136,145,148,146,145,149,160,172,178,185,181,166,171,192,200,155,84,39,36,41,62,71,73,66,68,70,72,69,66,65,63,68,74,78,72,68,67,68,70,74,79,77,70,64,58,55,60,62,66,72,76,78,79,78,81,86,85,84,82,81,85,88,86,84,80,79,82,82,71,62,58,57,56,63,77,86,86,80,75,75,75,80,85,91,91,88,85,83,80,78,74,81,81,79,78,76,78,73,73,77,81,81,79,79,81,79,75,71,71,74,72,73,73,67,60,47,40,36,44,56,65,66,68,68,67,49,35,39,59,69,63,49,36,24,29,78,147,199,216,209,197,187,176,156,148,137,137,150,160,154,122,89,73,75,81,81,68,38,17,7,9,11,10,7,6,6,7,5,4,9,11,11,10,7,7,8,9,10,12,9,5,7,11,10,9,9,8,8,9,10,10,9,8,6,6,8,10
12,10,7,4,7,9,10,10,10,9,9,8,9,8,6,8,10,9,9,8,8,7,8,8,5,6,9,16,11,12,20,22,12,17,37,61,73,72,67,74,91,114,129,137,135,144,149,150,155,184,212,215,193,164,160,173,169,124,67,32,35,55,75,89,76,55,52,56,56,57,59,65,73,80,78,74,71,73,73,71,69,71,74,72,69,66,67,71,72,68,66,71,75,78,83,84,83,82,82,84,85,85,87,89,92,88,84,80,79,81,81,70,61,58,60,61,65,76,82,80,77,74,74,74,79,81,83,86,87,92,86,83,84,82,79,76,75,77,80,79,76,76,80,81,79,81,83,82,80,77,74,72,71,75,76,71,63,54,47,45,44,50,56,68,72,75,70,64,62,58,54,52,53,61,65,46,24,14,27,73,139,185,204,205,200,191,185,182,175,145,122,127,157,159,142,107,83,71,71,71,58,42,20,10,7,10,11,10,9,11,11,9,7,7,8,9,9,9,9,9,9,6,6,6,7,8,8,8,8,8,8,6,8,9,9,8,8,7,7,9
7,8,8,9,7,7,8,10,11,7,6,9,12,10,5,8,11,11,7,7,7,6,9,9,6,7,12,10,14,21,18,9,10,35,63,70,70,68,81,109,141,156,164,157,149,149,155,166,184,210,219,205,174,150,151,126,85,35,30,44,60,75,73,58,44,44,42,50,49,54,68,74,78,78,75,71,73,80,83,78,74,75,72,68,64,65,70,73,73,71,70,74,77,77,81,84,84,82,82,84,81,83,84,84,83,87,85,84,83,83,79,67,58,57,60,64,74,82,77,70,74,80,84,84,82,78,75,80,87,93,86,83,85,86,78,74,73,78,83,80,76,76,79,84,84,84,82,79,77,77,78,76,71,71,67,61,57,56,56,57,58,58,57,61,68,74,75,74,71,72,66,56,48,49,67,76,54,31,13,11,30,84,150,194,217,209,192,182,184,173,150,132,133,145,156,142,122,90,67,59,64,65,48,25,8,10,16,13,10,9,10,12,9,6,7,12,10,8,8,8,8,2,6,11,12,9,6,7,8,9,11,6,7,8,7,5,10,8,7,7
7,8,12,6,8,9,8,7,9,8,9,10,10,9,7,10,12,8,6,6,7,8,8,10,11,12,11,13,24,23,17,24,42,63,70,63,63,82,119,146,165,166,161,158,164,168,179,202,222,219,202,179,157,131,96,55,32,23,45,76,76,52,48,47,46,39,39,43,51,61,71,80,78,79,80,82,78,80,81,80,78,76,75,74,75,78,77,72,68,67,70,74,76,75,78,82,81,82,84,86,87,89,90,87,84,85,85,86,86,85,82,73,63,57,53,56,66,73,66,57,59,69,79,86,85,83,81,82,83,86,83,84,84,79,78,80,80,79,78,78,80,81,81,81,83,83,81,79,77,77,77,77,75,74,66,53,52,57,64,66,68,71,71,68,66,66,69,73,70,67,65,64,64,55,56,80,87,67,33,16,12,17,45,102,153,193,213,205,195,192,184,157,127,119,126,137,133,127,102,75,61,62,61,41,16,4,6,11,13,8,7,10,11,10,9,9,7,6,6,6,7,6,8,11,10,8,9,8,8,8,7,9,10,9,7,6,10,7,7,8
11,8,4,11,10,11,12,14,7,9,9,9,8,9,7,6,7,7,4,5,8,13,14,12,10,11,12,18,13,6,19,48,65,65,61,68,83,102,132,160,162,151,142,151,170,185,193,206,195,162,142,130,101,56,33,27,32,51,93,110,89,55,36,42,42,46,48,59,64,65,68,71,72,76,81,84,82,78,73,72,74,76,77,79,82,82,82,80,73,72,76,80,85,85,82,80,81,82,84,85,86,85,84,82,82,78,82,80,79,83,85,81,66,59,58,52,52,59,62,62,58,63,80,89,91,88,88,86,80,79,85,91,87,82,86,89,85,78,75,80,87,89,86,82,81,78,79,83,84,82,82,82,76,74,67,56,54,57,68,70,74,76,76,77,65,56,61,68,74,67,66,67,64,55,48,52,73,87,69,37,9,6,10,24,53,113,174,203,204,193,185,164,156,142,131,127,121,130,133,110,74,61,72,67,41,16,11,8,7,12,11,11,6,7,11,6,4,7,9,10,8,9,8,11,12,6,11,10,8,7,6,8,9,10,10,8,6,7,9,9
5,7,11,12,10,8,8,8,6,7,8,7,6,9,9,9,12,14,14,11,9,8,7,7,8,10,12,9,9,22,45,65,66,66,67,88,111,138,152,155,154,158,164,177,186,190,192,185,151,106,79,58,32,10,19,48,65,78,128,156,121,63,31,29,36,42,60,73,77,70,66,64,66,70,75,79,79,79,76,79,84,88,88,83,76,75,77,77,75,76,77,78,80,83,83,87,86,86,85,85,81,80,79,78,77,84,79,75,79,86,85,75,65,62,61,55,52,58,64,61,51,48,57,70,78,78,83,85,83,78,80,82,83,83,84,90,89,83,79,78,80,82,81,79,78,81,82,82,81,82,85,85,76,68,63,58,58,61,67,70,74,77,78,79,72,66,64,66,71,68,69,67,63,60,54,51,57,66,73,71,55,26,10,4,6,22,85,150,193,213,204,195,176,172,163,145,121,132,152,157,122,89,76,83,78,52,30,13,5,13,10,10,11,10,13,13,12,11,9,9,9,9,7,6,8,8,7,7,6,6,6,7,8,9,7,6,4,7,9,11
10,9,8,5,6,6,10,12,6,7,8,7,6,6,6,8,10,12,11,11,9,7,4,5,8,11,13,11,21,46,64,66,69,79,98,127,153,171,169,150,145,161,178,189,195,207,203,181,135,89,53,36,19,18,55,76,67,71,116,146,114,61,28,21,24,29,50,64,73,70,68,71,72,74,78,80,78,78,75,78,82,86,89,89,86,83,80,78,77,75,76,78,80,83,86,90,89,87,85,84,83,82,81,79,79,78,82,86,87,85,76,68,70,68,65,61,57,62,68,70,66,54,51,66,83,86,88,86,85,84,80,76,77,80,86,91,90,86,86,89,84,79,77,78,82,84,81,75,71,72,76,77,70,65,65,66,68,71,69,72,75,77,78,78,78,76,72,69,64,66,71,71,66,61,62,60,55,49,47,59,70,59,33,8,13,12,19,61,121,188,211,198,178,168,166,164,154,137,133,143,140,123,93,73,71,71,60,35,9,6,6,10,9,8,7,11,14,13,9,8,9,9,8,5,6,9,5,5,6,6,6,8,8,8,6,5,5,7,9,10
7,7,8,8,8,8,10,12,9,11,11,10,10,10,8,9,9,10,11,13,12,9,7,8,12,13,13,21,41,65,70,67,78,102,130,145,155,166,168,161,162,174,192,200,208,210,179,134,76,44,27,21,31,51,63,54,48,54,73,78,65,39,27,33,28,35,41,53,60,67,75,78,76,75,75,76,75,77,78,83,89,88,85,83,85,84,80,80,82,81,76,79,85,88,87,84,84,83,83,82,84,83,82,80,79,82,79,82,82,77,65,64,78,76,63,59,59,64,65,68,73,65,53,62,83,88,87,80,80,78,78,80,86,90,92,89,84,83,88,86,85,83,79,78,80,81,79,77,76,75,73,76,74,70,73,77,79,79,75,75,76,75,73,72,75,79,79,79,74,68,67,66,64,61,64,65,58,46,35,31,46,67,68,39,9,4,7,7,36,93,163,212,210,185,175,180,178,158,136,132,142,142,116,83,72,71,68,63,41,17,4,6,10,11,6,4,8,9,10,8,6,6,11,10,8,9,10,9,8,6,6,11,11,10,7,5,9,9,9,8
9,9,8,9,9,8,8,8,9,7,8,9,10,11,8,5,8,13,11,9,9,10,10,10,8,9,19,31,60,68,63,85,114,139,151,142,137,139,140,157,171,191,204,212,201,157,104,60,30,22,19,41,64,76,65,45,40,40,39,36,34,32,35,34,33,36,42,50,58,66,73,68,62,59,63,67,74,80,83,86,88,87,86,86,87,86,82,81,85,87,82,86,92,93,92,87,87,85,81,78,76,83,79,80,89,89,79,76,74,72,62,59,81,82,67,57,58,62,61,67,73,66,50,54,77,87,79,77,77,77,80,88,93,89,88,87,86,84,83,84,84,84,82,80,79,82,82,79,77,79,80,80,79,78,78,80,81,82,82,78,73,74,77,82,81,81,81,82,78,73,67,63,61,67,71,63,57,58,52,32,28,51,74,65,36,11,8,9,7,29,82,170,215,219,195,186,177,171,158,145,136,130,130,124,106,80,64,60,57,39,19,9,7,12,10,4,8,12,15,12,5,4,6,7,7,4,9,10,11,9,6,8,8,7,6,6,7,6,5,5
10,10,10,10,9,9,8,8,6,11,13,13,12,10,9,7,9,13,13,8,6,10,10,12,10,16,42,65,71,66,72,100,143,154,159,154,154,157,172,187,195,205,212,207,158,83,34,18,20,22,43,73,71,59,46,40,39,34,29,28,31,32,36,35,31,30,38,55,69,67,64,60,59,60,63,67,70,73,72,73,79,83,85,89,94,94,89,86,87,85,86,86,87,89,93,89,88,83,78,73,83,88,87,81,82,82,78,77,74,66,53,48,68,76,68,62,66,69,64,68,69,58,48,60,78,85,77,79,86,84,84,88,90,87,79,80,81,81,81,85,86,87,88,88,85,83,81,81,80,79,79,79,78,80,81,80,81,80,79,78,77,78,79,80,79,77,76,74,81,80,76,69,64,68,67,63,58,57,58,49,31,34,57,79,73,37,14,16,25,25,31,78,153,210,230,213,193,172,164,155,141,128,125,129,132,110,80,67,64,61,34,11,6,10,11,10,7,8,12,12,10,2,4,8,10,11,9,8,7,10,13,9,8,6,5,4,8,11,11,7
10,10,10,10,9,7,5,4,8,11,13,12,10,8,12,9,8,9,7,6,9,15,12,17,29,46,71,73,72,80,109,144,152,147,144,157,175,190,210,228,229,214,184,130,74,32,20,17,28,50,65,69,63,60,59,56,50,49,48,42,34,35,37,36,35,36,49,52,54,54,57,58,60,61,61,61,64,68,70,76,83,86,83,82,82,84,83,85,89,88,85,83,81,83,85,90,89,87,83,80,83,87,87,80,77,73,70,68,61,52,40,39,61,73,70,63,64,64,61,65,70,67,56,53,63,79,84,86,85,84,81,83,85,83,84,84,84,85,85,81,80,82,85,86,85,82,79,78,77,77,77,75,74,75,75,75,75,75,80,81,81,80,77,77,76,74,73,73,71,74,75,74,71,66,62,62,62,61,63,64,48,39,39,62,83,65,31,16,33,48,36,39,62,128,205,242,228,197,170,173,179,164,140,122,128,133,122,96,69,66,50,24,7,5,9,7,6,6,8,10,13,11,10,8,8,8,13,10,8,8,8,9,7,7,6,6,9,11,12,8
8,8,7,17,15,13,10,9,11,9,7,7,8,7,13,11,7,8,8,9,11,12,19,30,51,74,75,75,78,103,137,161,155,152,154,171,189,196,206,221,209,167,98,35,18,17,18,28,49,65,69,68,67,66,69,65,66,68,69,66,63,53,49,42,40,47,45,47,47,53,60,65,66,65,60,56,55,59,61,68,76,78,78,82,86,88,87,89,94,92,88,88,88,87,86,81,83,84,85,85,79,80,80,78,75,72,68,69,70,66,58,57,70,75,66,51,52,59,65,67,69,68,62,59,67,81,81,79,76,86,82,84,87,87,89,88,86,85,83,82,80,81,83,87,88,88,84,78,78,82,82,80,77,77,79,81,82,84,83,85,85,79,73,75,75,75,76,75,75,73,74,74,76,73,62,59,58,59,63,61,58,44,37,35,52,73,58,35,24,30,30,19,25,52,106,184,213,215,196,183,177,176,163,141,136,137,133,113,81,76,66,42,19,12,12,9,12,9,6,6,9,13,10,8,9,13,5,9,11,11,9,4,6,7,8,9,10,8,7,7
10,9,8,11,6,7,10,9,15,11,8,8,9,12,12,12,9,8,9,9,6,19,36,53,64,64,71,90,123,158,177,172,155,160,177,196,205,213,220,206,159,91,35,13,16,20,39,53,68,72,70,69,68,68,69,71,71,71,73,76,71,62,59,49,41,39,40,45,53,56,57,62,69,69,64,62,61,59,56,57,63,73,84,87,87,85,83,85,88,89,89,90,86,83,84,88,90,92,90,87,89,85,82,80,79,89,91,88,88,90,82,73,76,73,64,51,51,67,68,64,61,60,60,63,69,76,80,77,77,82,82,84,85,85,89,88,87,87,86,87,87,81,80,84,87,87,86,84,83,82,81,81,82,84,83,80,79,79,80,82,82,78,74,77,76,77,77,79,80,77,75,77,78,74,66,60,58,59,60,60,56,52,47,38,42,61,65,59,44,32,22,21,19,23,38,88,150,199,206,183,178,175,179,161,138,128,132,135,114,82,66,62,38,14,11,11,6,8,10,10,6,7,10,11,9,5,8,9,10,10,11,9,6,5,7,9,7,9,11,11
9,10,10,9,7,10,13,11,10,6,5,8,13,15,11,8,9,10,11,11,14,39,61,64,60,63,91,114,143,169,179,189,196,200,196,205,215,219,195,144,80,32,17,13,21,38,64,76,71,67,68,69,71,72,74,78,77,72,71,75,75,73,73,70,57,40,31,43,56,60,60,61,68,68,66,67,65,66,62,58,58,66,75,79,83,82,82,83,86,88,88,89,85,81,82,90,94,97,90,80,76,79,83,85,85,86,86,85,85,86,83,83,85,73,54,50,53,58,62,64,67,70,69,66,71,75,78,79,79,75,77,81,84,86,91,87,84,88,91,92,85,79,80,83,85,87,87,88,87,85,80,79,81,84,82,78,78,79,85,82,78,77,78,84,82,79,75,72,75,76,76,74,72,73,68,64,61,60,60,58,57,58,56,50,45,49,60,66,63,54,36,39,57,63,33,26,79,167,208,210,200,192,184,180,164,150,151,167,161,116,84,78,65,35,11,10,9,8,8,8,8,9,9,11,10,9,7,7,7,7,7,8,6,6,6,8,10,9,8,7
8,10,12,11,10,13,14,11,6,7,8,10,10,9,7,8,7,9,10,14,36,59,66,65,77,103,126,132,132,132,137,162,195,219,212,203,200,169,120,66,31,16,15,17,34,60,73,64,60,64,68,68,68,70,75,81,76,70,73,78,80,83,79,75,63,42,41,45,53,61,66,72,75,71,67,67,69,70,66,62,62,66,71,76,82,88,89,87,86,85,81,84,85,86,91,93,94,95,92,88,81,87,91,90,88,82,81,83,83,80,77,83,88,75,53,48,56,67,72,77,81,81,78,73,65,64,67,73,73,76,78,81,85,87,86,85,84,86,88,89,85,86,87,86,86,88,90,91,88,85,85,84,82,80,82,83,84,84,85,83,80,78,79,80,83,82,79,76,79,78,76,72,69,69,70,68,63,60,59,59,59,59,56,50,45,46,47,58,64,64,43,35,69,97,69,18,22,92,168,213,219,200,181,184,188,171,146,147,153,136,100,77,75,58,26,9,9,8,7,7,9,8,8,8,9,10,8,7,7,6,6,7,7,7,7,7,8,6,6,6
7,9,12,8,9,12,10,7,6,9,11,9,8,7,10,10,12,9,9,20,55,67,67,75,102,132,135,129,130,144,154,169,187,217,228,206,151,101,68,47,30,17,13,26,48,61,56,56,61,70,74,73,72,71,72,74,76,77,77,78,76,74,70,75,79,72,47,43,44,56,65,75,76,73,70,72,71,70,67,65,67,69,72,74,80,86,87,86,85,85,84,86,86,88,92,90,86,84,87,91,90,87,81,84,91,93,89,90,90,88,86,91,93,79,62,60,66,78,80,76,78,79,78,76,77,73,73,73,71,71,73,74,75,78,86,87,89,89,88,82,82,87,88,86,85,86,87,88,86,85,89,89,86,84,86,88,88,82,84,83,81,80,78,75,78,82,83,83,82,80,76,71,69,64,65,64,61,59,59,62,61,57,56,52,51,49,41,39,46,59,54,37,38,60,78,57,30,35,82,138,194,214,203,188,195,183,154,140,134,140,117,85,80,75,53,22,9,7,7,7,10,11,10,10,12,14,9,9,8,7,7,6,7,8,7,6,7,5,6,8
6,6,8,9,11,12,12,11,11,12,8,5,7,10,8,8,12,5,22,42,68,68,79,109,143,148,136,138,155,173,181,190,197,209,207,173,110,48,31,34,32,24,26,47,57,52,47,52,64,73,73,71,72,74,75,77,77,81,81,76,75,71,71,78,84,86,64,52,47,57,66,71,75,73,70,71,76,74,72,72,73,77,79,83,84,82,85,86,83,83,89,91,92,93,95,93,90,89,90,85,93,96,90,87,92,94,92,89,87,86,84,88,87,77,66,68,73,77,78,79,82,84,85,83,82,80,75,70,64,68,69,70,73,80,81,82,84,86,88,88,88,90,90,89,89,88,86,85,85,85,86,88,89,84,79,78,82,82,84,80,80,81,77,79,81,81,78,76,78,78,75,69,64,64,63,65,70,71,69,68,65,61,60,57,51,45,42,30,25,34,50,56,40,42,54,58,46,26,27,61,133,194,215,200,185,181,172,155,149,162,145,109,79,68,74,51,23,9,12,12,8,10,9,8,9,11,9,9,8,8,7,7,8,8,7,7,8,7,7,9
8,8,8,5,7,8,9,10,11,12,9,7,9,9,5,10,10,10,43,67,74,78,109,148,170,157,157,171,188,188,188,194,192,173,138,100,56,31,26,28,24,26,39,54,51,44,45,50,65,71,72,74,77,78,78,77,79,82,82,77,74,77,78,79,81,83,79,66,53,54,60,70,78,79,77,76,78,77,78,79,80,80,85,86,84,83,89,93,91,89,90,92,94,94,92,88,91,97,98,92,92,97,96,92,90,93,96,94,89,85,86,89,90,82,74,74,77,79,80,83,85,87,87,87,84,82,80,76,72,71,74,75,80,86,88,88,87,87,86,87,89,89,90,89,89,89,88,88,84,83,84,86,88,87,80,77,82,85,82,80,81,82,78,77,81,84,81,77,74,74,72,69,67,69,69,69,71,71,69,68,64,60,54,54,53,46,36,31,31,28,34,54,61,44,36,44,51,34,27,36,80,132,183,207,198,187,183,168,150,157,154,136,100,72,76,66,40,14,10,16,7,10,9,8,7,5,9,9,9,9,9,9,9,9,8,6,9,7,7,8
10,10,7,11,8,6,7,8,5,8,6,7,10,7,6,8,14,33,65,72,77,99,143,164,161,148,166,186,193,189,206,217,192,142,83,54,42,43,45,38,26,33,47,65,51,34,38,54,70,74,76,80,77,75,75,78,83,86,84,76,72,76,83,84,79,77,75,71,62,57,60,67,73,75,76,78,78,79,81,85,85,84,84,84,83,83,86,88,87,89,92,91,88,85,83,86,88,95,97,93,86,89,93,93,91,93,93,91,87,84,85,87,89,83,77,78,79,82,85,88,87,84,83,81,81,83,84,84,83,80,80,78,78,82,89,88,88,87,87,85,87,88,88,87,87,87,87,87,86,85,86,85,85,85,81,81,84,84,83,83,85,87,82,73,78,83,84,86,81,79,77,74,73,71,70,69,69,67,65,65,62,59,56,52,46,40,36,36,45,51,51,61,61,52,47,49,52,40,21,20,50,87,129,177,204,210,200,188,172,157,154,154,133,97,68,65,59,30,13,11,11,5,6,7,7,6,7,7,8,8,9,10,10,9,8,6,9,8,7,7
10,9,7,13,10,9,10,12,6,7,6,5,5,8,7,9,31,58,71,70,75,115,150,151,147,154,176,186,189,197,210,204,160,96,56,40,52,70,67,44,30,41,84,109,86,42,40,63,78,76,78,79,73,66,72,80,86,86,83,80,78,80,83,88,87,79,78,79,73,63,54,57,64,69,73,78,79,79,81,86,90,92,92,89,87,88,89,88,89,92,95,92,85,83,83,94,94,92,92,91,92,89,88,91,93,89,88,86,82,81,81,84,87,81,76,77,81,88,90,92,89,84,81,83,87,85,81,79,78,82,88,87,80,77,81,81,84,87,89,87,88,89,88,87,89,90,87,85,88,88,87,84,84,85,87,90,89,88,82,83,85,85,84,80,79,77,82,89,93,85,77,71,69,68,72,74,73,72,69,65,62,62,61,52,40,39,46,61,65,69,71,72,68,64,59,49,38,22,9,11,31,58,86,120,160,188,195,186,175,156,142,141,143,121,75,68,71,54,22,5,9,6,8,6,3,7,10,6,6,9,8,7,7,6,6,5,8,8,8,8
12,9,4,6,8,9,8,6,10,10,9,9,9,8,7,16,46,71,74,87,122,155,166,153,145,162,185,194,201,204,199,171,124,79,44,34,65,93,88,49,33,57,115,136,103,51,48,64,78,77,78,74,69,69,77,82,78,76,76,78,79,79,80,85,88,84,78,84,85,73,63,59,65,68,73,78,79,80,82,83,85,89,89,88,87,88,90,90,90,91,90,88,85,86,89,90,90,91,91,92,89,90,91,90,88,86,79,78,86,93,88,80,83,91,93,86,83,84,83,80,78,78,81,85,90,89,85,81,77,83,88,89,86,84,87,84,82,86,89,94,92,90,87,86,87,89,88,90,88,87,84,81,82,87,90,90,89,88,87,88,88,86,84,87,86,80,76,78,81,79,78,78,79,78,77,74,72,71,72,70,63,55,51,47,48,56,70,75,74,71,71,71,75,72,68,59,50,24,15,10,15,32,64,83,111,157,200,200,184,168,159,151,151,143,113,82,74,65,41,15,11,9,9,7,6,8,12,7,7,8,6,7,7,6,6,5,7,7,7,7
12,9,7,8,11,12,11,7,11,11,12,12,12,10,15,33,62,81,82,108,159,172,156,147,155,177,186,192,205,202,172,119,90,66,42,40,72,108,99,57,36,54,92,108,84,47,51,61,72,72,74,73,73,76,78,75,69,69,73,77,82,80,80,83,89,89,87,83,79,78,78,73,74,71,71,76,84,87,88,87,86,87,86,86,88,92,95,95,94,92,92,90,87,86,86,85,86,87,88,89,84,89,90,84,79,80,79,78,77,77,70,69,86,108,116,105,91,81,78,77,79,82,84,84,84,85,87,87,88,85,86,87,89,89,91,87,85,87,89,87,86,87,90,92,94,92,86,85,91,94,92,89,90,91,90,88,86,86,88,88,88,86,83,84,86,82,77,76,77,78,78,76,76,73,75,74,72,70,70,70,64,55,47,53,67,74,72,69,68,67,69,70,72,70,70,64,55,47,36,26,14,19,42,63,76,107,162,197,205,197,184,164,153,154,150,114,84,71,57,29,10,12,9,8,9,9,9,7,9,9,5,7,7,6,6,5,7,7,7,7
7,10,16,9,8,8,8,10,7,8,8,10,9,10,26,49,67,74,81,113,146,148,141,153,175,193,201,206,201,169,130,87,57,40,40,53,66,57,60,57,49,45,54,56,54,47,57,66,69,70,77,76,75,75,79,76,75,75,78,81,84,88,84,84,90,91,96,89,81,77,77,80,79,75,77,83,84,84,86,90,91,86,85,86,90,94,96,96,94,89,90,89,89,88,88,92,91,91,90,89,90,90,89,84,80,82,83,81,73,67,66,89,118,134,137,124,101,86,81,79,82,87,89,87,86,84,82,87,93,89,84,84,88,87,88,91,92,91,89,86,84,87,94,97,95,92,86,86,90,92,91,86,88,91,88,83,81,81,81,82,84,83,81,84,84,80,78,80,80,80,76,72,68,73,79,80,75,67,62,62,63,65,66,69,73,73,70,68,72,77,76,72,73,73,74,71,65,48,38,26,10,13,32,59,69,73,114,166,203,197,192,180,162,154,157,132,98,68,62,44,13,12,7,7,9,7,5,6,10,11,7,7,7,6,6,5,10,9,9,9
7,8,9,9,8,8,10,11,9,10,9,7,8,17,41,68,78,79,111,149,164,163,159,178,184,195,212,207,165,116,85,72,40,31,52,74,63,35,35,51,58,45,35,42,43,47,54,63,67,64,70,78,74,70,69,74,76,79,81,83,83,81,81,82,87,91,96,94,89,83,78,81,80,82,82,81,84,85,87,87,86,84,88,90,88,89,89,89,87,85,85,89,93,94,93,97,94,93,94,94,88,86,85,84,85,81,73,67,69,72,73,85,113,126,123,107,80,71,75,77,87,95,95,93,84,81,83,86,83,80,82,84,86,87,93,91,90,92,93,92,91,93,96,98,95,88,86,88,87,85,84,85,86,87,87,87,86,86,88,87,85,85,84,84,79,77,80,85,83,83,81,75,72,75,80,80,75,70,64,61,64,73,78,75,72,73,77,76,73,73,74,72,68,73,73,65,56,49,39,34,25,14,17,40,63,76,93,137,189,205,204,198,178,151,154,148,118,83,71,66,39,8,9,12,3,9,12,8,5,8,12,7,6,6,5,5,8,7,7,8
9,9,10,8,8,7,9,11,5,10,9,9,14,32,63,78,92,113,153,176,170,167,174,192,202,216,202,167,109,75,68,53,26,24,49,66,50,37,41,50,45,31,34,39,41,42,47,61,70,72,75,81,78,70,69,74,77,78,81,83,84,83,87,92,93,92,87,88,89,88,87,85,84,83,81,80,84,84,83,82,83,88,90,91,92,90,87,85,85,89,94,92,93,93,95,100,107,100,86,84,78,80,84,89,92,80,65,56,59,66,65,66,77,99,111,98,79,70,74,81,93,102,94,81,82,86,93,92,84,79,81,84,86,87,91,91,90,89,89,91,85,85,90,94,91,90,87,84,84,88,92,93,90,89,89,87,85,84,83,84,85,85,86,86,86,85,83,83,79,81,83,82,82,80,78,78,78,78,74,71,71,75,79,78,77,79,83,77,71,68,71,71,70,73,72,68,63,58,58,58,43,25,13,21,43,59,70,92,141,186,204,202,190,166,156,158,150,105,73,69,56,31,13,11,10,7,8,6,5,6,8,8,7,6,6,6,8,8,8,8
9,8,9,7,6,7,8,9,13,14,9,12,22,45,70,74,93,125,157,165,159,171,183,197,208,218,185,126,80,73,62,37,19,31,50,51,40,48,51,51,43,38,37,39,48,56,59,61,70,76,76,77,77,74,77,83,84,83,84,82,80,76,82,91,92,90,91,91,92,92,91,92,90,87,85,84,84,86,88,90,92,95,92,90,90,91,90,87,87,90,90,90,91,91,91,93,102,101,89,86,85,85,86,88,89,89,87,83,79,76,78,76,70,74,83,86,88,85,82,84,87,86,83,85,92,92,89,89,96,94,93,91,88,87,84,88,93,95,94,91,87,86,87,89,90,92,92,89,88,91,94,94,90,90,89,88,87,86,86,87,87,88,89,85,86,88,86,84,82,83,85,87,87,80,76,74,77,81,79,76,73,74,77,79,79,79,80,79,73,70,71,72,65,65,63,64,66,62,58,56,47,34,20,15,30,50,66,69,98,156,200,211,195,165,142,150,163,132,88,71,64,43,13,6,13,9,6,6,6,6,6,9,8,7,7,6,7,9,10,8
8,6,7,6,6,6,7,9,12,11,7,20,41,67,87,95,122,155,165,160,167,194,210,216,206,190,137,97,70,69,40,17,25,49,53,39,41,46,47,38,37,45,43,35,43,56,62,63,67,73,74,74,75,75,75,74,77,80,83,85,86,85,87,88,88,86,83,86,90,92,92,96,94,93,92,92,89,89,88,89,89,90,89,91,95,95,94,94,92,89,85,90,97,97,94,91,92,95,94,90,82,82,81,82,83,84,87,89,87,85,82,77,79,84,89,92,87,80,83,86,87,85,83,87,89,89,85,84,92,96,95,93,91,91,85,91,95,95,92,92,94,93,89,85,84,86,90,92,93,92,89,87,87,86,86,88,89,90,88,88,87,85,84,83,83,83,87,89,88,87,86,87,88,82,78,77,79,82,83,80,78,78,80,81,81,79,77,74,71,71,71,66,64,61,59,62,67,66,68,70,57,41,26,17,22,44,74,73,73,113,166,193,193,189,169,147,143,137,101,73,66,61,24,8,9,8,6,7,8,7,6,10,8,8,7,7,6,10,10,8
9,10,9,9,8,8,9,9,13,14,7,28,62,75,88,112,141,149,143,148,167,191,210,208,183,131,88,75,74,55,32,25,45,58,47,41,46,48,39,35,40,43,39,38,40,49,56,66,73,71,69,70,77,84,86,81,78,81,86,87,85,87,89,87,83,82,83,84,86,89,92,92,93,93,92,90,89,88,88,88,90,90,88,88,90,90,90,92,93,93,91,94,97,96,95,93,93,92,88,84,83,81,83,85,82,81,80,84,86,83,82,80,80,83,84,82,79,77,77,80,82,84,86,86,87,85,88,92,92,90,93,94,94,92,87,88,90,91,92,95,95,94,90,86,85,86,92,91,89,85,83,88,90,90,92,91,87,86,87,88,89,89,89,87,86,85,85,86,87,86,85,85,84,84,83,83,84,84,84,83,78,78,82,82,82,78,75,75,73,74,71,65,65,64,64,69,72,76,73,70,67,53,36,19,16,33,61,73,66,88,133,190,211,208,189,162,142,141,124,93,69,63,45,16,3,7,6,5,5,7,8,6,8,9,9,9,8,7,7,6
11,12,10,16,10,6,9,12,10,10,16,43,69,87,114,145,156,149,149,162,181,195,205,189,145,95,73,70,62,41,34,53,70,60,42,48,58,49,33,34,46,45,43,45,46,45,45,54,66,71,73,74,76,80,80,78,81,83,83,81,77,82,84,83,82,86,92,87,86,89,93,94,92,91,91,92,89,84,82,87,91,93,90,88,87,87,89,92,92,90,90,95,98,97,91,96,91,86,86,88,86,83,84,84,81,76,77,82,86,85,87,83,79,79,78,75,72,74,77,80,82,85,88,90,89,90,95,100,98,97,95,94,94,96,91,89,88,92,96,98,96,94,91,89,87,88,92,92,87,84,87,91,90,89,90,89,86,88,91,91,91,88,84,85,85,85,87,88,89,85,81,80,80,81,83,84,82,81,83,83,78,77,76,76,76,74,73,75,74,74,70,60,59,65,71,71,67,71,73,74,72,58,37,19,19,36,61,76,70,73,109,170,201,213,203,182,160,163,159,130,89,74,57,28,11,10,7,6,6,8,9,9,8,8,9,10,8,8,7,6
9,9,9,8,7,7,11,15,7,9,28,52,62,76,118,156,171,180,187,193,206,219,215,174,118,87,84,81,63,43,45,58,53,50,51,59,50,40,31,35,44,43,39,45,49,49,46,48,55,59,65,72,77,79,81,83,81,79,79,77,76,82,89,92,90,89,89,87,86,88,91,91,93,94,91,89,91,92,92,92,90,90,89,89,90,93,95,93,92,93,94,95,95,94,93,89,86,85,88,93,86,84,85,86,84,87,84,86,86,84,84,82,80,81,83,81,76,75,79,81,83,87,90,92,87,88,95,98,94,94,93,93,91,91,90,89,89,92,94,95,93,92,93,93,90,89,93,93,91,88,87,90,89,89,90,89,88,94,93,90,87,88,92,86,85,85,86,86,91,85,80,79,80,85,83,81,79,78,82,83,78,76,73,74,75,76,76,72,68,66,68,66,67,73,77,78,76,72,71,71,72,61,39,14,11,25,44,64,73,69,78,126,177,210,210,187,165,160,158,139,98,79,68,43,19,5,6,6,6,7,8,10,7,5,6,8,11,11,10,9
10,10,10,7,8,8,9,8,5,12,42,65,67,84,115,131,139,160,183,193,206,212,186,128,81,74,82,70,47,35,40,41,45,47,60,70,57,40,38,37,36,36,44,54,66,74,78,75,70,66,70,74,72,73,77,82,81,80,81,83,85,84,85,84,85,90,85,88,91,90,91,88,94,97,91,85,86,96,97,91,84,83,84,88,90,92,90,88,92,99,101,98,96,98,100,91,89,86,87,88,92,90,92,93,91,89,89,91,91,90,88,83,79,78,80,81,76,75,80,84,86,89,90,91,88,90,95,97,91,92,95,96,93,88,86,88,90,90,90,91,90,92,94,96,92,90,92,93,90,86,85,91,94,93,91,86,85,87,92,94,92,87,84,87,87,87,86,84,84,81,80,86,89,91,86,83,81,79,80,80,77,75,76,76,73,69,66,59,63,74,80,79,71,72,74,76,78,78,74,72,75,67,39,11,6,16,36,63,85,83,73,96,156,213,228,213,192,178,166,151,114,85,76,60,29,7,8,9,8,8,11,13,9,7,8,9,9,8,8,7
9,8,7,11,7,7,12,18,10,26,58,76,85,118,145,151,152,167,188,197,204,183,136,87,74,76,70,47,28,23,28,42,52,54,54,50,46,49,44,44,49,51,58,65,73,80,81,77,73,72,76,80,79,76,74,75,78,80,82,84,85,85,84,84,85,87,83,86,89,87,85,84,92,92,87,85,90,93,91,88,89,87,88,93,95,92,90,91,96,96,93,92,94,99,98,95,92,88,89,90,100,102,101,93,86,88,90,92,95,95,88,83,80,79,78,83,84,76,78,84,88,90,87,88,90,92,95,94,92,93,96,98,96,93,88,87,88,90,93,94,91,90,91,91,91,92,91,90,89,91,92,91,89,87,84,86,92,95,92,93,89,83,83,87,85,84,84,85,81,78,78,81,84,80,77,78,78,74,74,74,76,77,76,74,68,62,64,67,71,76,78,77,71,72,71,70,68,70,72,75,79,68,41,14,9,13,35,59,82,79,68,71,119,176,212,214,199,174,154,152,128,96,68,68,45,18,4,8,8,8,11,10,9,8,6,6,9,8,7,6
9,8,7,6,6,5,6,7,9,39,60,69,86,131,162,170,173,190,207,222,212,157,96,64,76,83,63,39,22,22,34,54,63,58,53,54,58,46,42,46,55,58,59,66,71,72,72,77,77,78,80,83,81,79,77,79,80,80,80,82,85,84,83,83,84,86,86,85,84,84,84,86,95,90,85,92,98,94,87,85,87,85,84,86,91,97,99,102,106,102,96,93,95,96,91,93,94,94,92,89,91,89,88,86,85,83,86,88,90,92,88,84,83,86,90,88,82,77,81,88,91,90,87,88,91,93,95,96,95,103,98,93,90,89,87,83,82,88,93,93,90,89,91,93,92,91,90,90,93,94,91,87,84,85,83,86,93,96,86,86,86,86,86,88,85,81,80,81,84,82,81,81,82,83,81,78,74,73,76,78,77,73,71,72,70,68,69,76,77,76,74,72,74,75,77,77,75,72,75,76,76,63,40,20,15,10,25,47,70,79,73,69,92,135,191,211,201,172,150,160,146,115,74,69,62,32,4,7,8,9,10,6,6,7,6,7,9,9,9,9
9,8,7,8,10,13,12,9,31,62,70,78,111,160,174,168,171,197,219,227,196,134,87,71,84,75,56,34,16,16,30,53,64,62,62,70,78,80,73,69,63,57,67,74,77,76,74,76,79,80,80,79,78,77,79,82,83,81,79,80,84,80,81,83,88,91,92,88,83,84,85,85,88,89,92,96,96,95,89,87,90,93,94,91,92,94,91,91,95,94,94,94,98,98,91,88,89,91,92,93,89,84,81,85,90,89,88,87,85,84,82,81,86,94,99,91,78,74,82,87,88,87,85,89,88,89,90,92,94,96,94,90,88,85,91,89,88,89,91,93,94,94,92,90,89,88,90,94,96,94,92,90,90,91,88,87,90,90,84,82,84,86,84,85,86,86,82,78,77,76,74,72,71,81,83,78,73,73,73,72,72,71,73,75,75,72,74,79,77,76,75,75,70,73,75,72,68,75,77,78,74,58,36,17,13,7,20,46,71,72,69,68,75,105,170,216,220,198,175,179,176,145,93,69,65,40,10,8,8,8,4,6,7,8,10,10,9,11,11,12
8,8,9,11,9,11,10,18,47,76,73,90,132,161,162,157,175,203,209,197,145,91,67,73,78,63,45,30,16,17,39,59,67,70,71,71,73,76,76,75,74,73,71,74,73,73,74,76,79,81,81,81,79,76,77,80,82,83,84,84,85,86,85,87,89,86,90,85,82,84,88,84,83,85,91,94,95,93,89,88,90,93,92,90,90,92,89,89,95,97,94,93,96,97,91,83,85,89,91,92,95,97,94,91,91,95,90,84,78,75,76,75,86,88,82,77,80,82,77,76,82,84,80,85,88,91,94,93,90,91,93,94,92,87,97,95,91,90,92,95,96,95,92,89,88,89,91,94,93,91,90,90,92,92,88,88,91,89,88,86,88,91,89,81,82,82,82,84,79,78,76,72,71,72,75,76,75,73,70,68,73,75,76,78,78,75,78,81,78,77,79,79,76,78,77,73,70,75,80,75,74,68,38,13,11,10,13,36,73,74,70,79,76,81,130,188,219,203,174,172,182,174,125,78,71,56,20,5,9,6,9,9,8,7,8,9,7,9,10,8
6,6,6,10,8,10,11,25,53,71,74,105,149,166,165,168,192,216,212,174,112,80,74,80,76,56,34,23,16,24,45,59,67,71,72,71,73,74,73,73,74,74,74,76,73,73,78,84,83,83,82,83,84,82,82,84,87,88,88,88,87,85,85,89,93,91,91,90,88,85,83,81,87,92,93,91,89,88,90,93,95,94,91,92,96,97,88,83,90,100,98,95,95,96,94,92,90,88,89,90,88,89,89,90,95,88,79,76,83,90,90,92,89,67,44,49,79,94,82,76,82,85,81,83,94,90,86,90,96,94,93,91,91,93,92,100,99,91,88,89,92,95,95,94,90,90,91,92,92,89,88,88,89,88,87,88,93,92,90,87,88,89,87,81,81,80,81,83,77,73,71,71,72,73,74,74,71,69,68,70,77,76,75,78,80,77,76,82,82,83,84,80,72,75,78,76,72,67,76,73,75,73,49,21,16,9,8,27,65,71,66,74,78,73,101,159,209,223,199,161,152,158,145,99,69,61,39,11,9,7,7,10,8,7,7,8,9,8,8,9
6,5,3,10,10,11,18,42,68,73,89,128,161,168,170,187,210,222,201,149,88,71,74,78,71,49,27,15,16,34,55,63,68,72,73,72,74,75,73,72,75,78,79,78,73,75,79,80,80,81,84,84,84,83,83,84,86,87,87,86,86,88,86,88,89,86,83,88,92,91,87,90,88,85,86,87,91,89,88,91,93,96,93,95,99,100,96,95,96,92,91,89,89,92,90,87,85,84,86,87,95,92,87,88,93,90,85,82,82,84,83,79,76,65,54,50,61,74,76,83,90,94,92,89,87,89,91,93,95,91,89,89,91,94,95,92,87,90,97,91,86,86,93,97,93,92,90,90,92,92,90,90,90,94,92,92,94,92,91,88,88,89,85,88,87,86,86,87,89,83,76,73,72,74,75,72,68,65,67,72,75,74,76,81,84,80,77,79,79,83,83,77,77,80,80,75,69,75,74,64,66,66,47,12,8,11,16,29,64,75,64,65,77,72,81,132,192,217,210,178,153,154,149,112,81,67,48,18,7,10,8,10,8,7,7,8,10,9,8,10
8,6,5,8,9,9,22,54,70,83,115,151,165,161,169,193,211,213,181,120,75,68,75,78,67,43,21,13,18,40,63,71,70,75,76,74,77,78,74,73,78,82,83,79,74,76,82,83,81,82,84,85,84,85,85,84,84,85,87,89,91,89,87,89,90,87,82,85,88,88,87,91,92,91,92,93,91,88,87,89,91,93,94,94,93,93,96,99,100,91,91,94,99,100,93,96,98,98,94,90,93,93,87,83,83,89,90,90,92,93,88,73,68,73,78,71,70,76,82,90,94,98,98,91,87,91,96,99,98,94,96,93,85,79,61,50,43,57,76,89,94,99,100,99,95,92,89,87,89,89,88,86,85,87,87,90,95,95,91,89,90,93,91,90,89,87,87,88,86,88,86,80,75,75,76,75,72,68,68,70,67,68,77,80,79,75,76,75,73,77,82,82,80,80,79,81,83,82,69,49,52,58,41,14,14,18,21,27,62,81,70,64,78,75,74,104,166,207,223,203,171,165,170,136,89,58,52,33,10,5,5,10,8,7,7,8,10,11,11,10
9,10,11,6,8,7,29,56,72,90,128,157,159,166,191,218,224,207,150,102,73,77,82,82,67,39,18,11,24,47,64,72,68,73,80,80,78,81,80,79,81,83,85,80,75,79,87,90,87,85,85,83,81,82,84,86,85,87,85,84,90,85,87,88,88,87,84,88,85,81,80,89,94,97,97,93,89,83,88,93,94,93,89,93,97,98,96,93,91,89,89,98,106,103,100,96,103,105,97,94,92,93,88,85,86,87,91,91,96,102,102,89,75,83,96,97,96,93,89,88,90,95,100,97,89,89,89,90,94,99,97,77,53,42,35,37,32,45,67,91,109,107,97,95,95,94,88,87,89,87,84,83,85,84,86,90,94,97,98,93,91,93,93,88,90,91,91,90,85,85,82,79,78,79,81,84,79,72,72,71,66,67,69,73,76,77,79,79,75,79,87,81,76,72,74,81,83,81,64,61,61,58,38,23,23,24,17,22,51,84,79,65,77,89,70,89,142,203,230,213,180,173,195,187,121,69,61,50,23,7,8,7,7,8,9,9,10,11,12,13
10,7,4,12,12,20,45,69,74,109,150,174,177,178,185,209,213,182,118,79,70,77,75,73,56,27,11,18,31,51,65,74,74,78,80,80,78,71,76,79,81,81,81,82,80,79,82,84,87,90,90,87,84,83,84,83,87,88,85,80,80,84,85,86,84,81,78,83,85,84,86,93,91,89,87,86,85,86,92,98,99,95,95,99,99,98,100,100,100,99,97,100,100,96,95,94,93,88,86,90,99,99,94,90,90,96,97,92,85,85,84,82,77,83,93,96,95,94,91,89,84,82,87,91,96,89,89,94,91,77,60,44,39,37,41,39,40,58,81,97,101,95,89,89,92,98,94,89,88,90,94,94,92,95,95,94,92,90,92,91,94,96,93,87,87,87,87,87,89,86,82,76,73,74,73,76,76,73,69,64,60,62,68,74,77,77,79,79,76,78,83,80,72,74,78,79,74,70,68,71,67,59,41,25,21,19,14,14,36,77,84,69,69,87,88,90,116,170,215,224,196,170,176,195,164,96,54,48,31,13,11,7,7,8,9,9,6,7,8,7
9,10,11,8,8,24,53,69,82,115,143,160,168,175,186,202,195,148,93,75,78,80,75,72,51,22,14,23,40,58,66,72,76,77,78,77,76,75,78,82,84,84,79,83,82,81,84,88,89,88,87,85,85,85,85,84,85,84,85,86,83,79,76,73,78,86,90,86,79,81,89,95,93,91,88,86,87,91,92,92,93,91,91,95,95,89,93,102,104,98,98,97,86,67,54,63,64,66,77,92,97,98,95,91,93,94,96,92,87,87,90,91,90,90,90,92,97,100,101,99,91,86,90,94,94,90,89,83,65,48,40,35,35,33,34,45,57,78,93,97,98,97,95,95,98,93,84,82,85,92,97,99,95,93,93,93,93,93,92,91,94,96,93,92,89,88,87,88,91,88,84,79,77,76,75,78,78,73,64,56,57,62,66,77,87,85,78,76,75,75,79,81,81,78,78,81,79,81,74,69,65,63,54,37,27,21,19,22,38,74,87,76,64,85,101,91,101,153,203,226,207,163,138,160,174,136,74,54,32,10,11,7,7,8,9,9,9,10,10,9
9,10,11,14,11,31,63,71,92,134,157,160,163,193,219,219,191,131,87,84,81,78,73,71,48,17,15,27,50,72,74,73,80,80,82,84,85,82,80,80,82,86,81,82,80,82,86,82,80,80,82,82,83,85,86,88,84,80,83,85,79,80,82,85,84,82,87,90,89,87,89,87,92,93,90,87,88,96,95,93,94,91,86,91,95,93,91,92,98,105,105,90,61,40,35,38,43,48,55,63,74,80,85,92,99,96,94,89,90,93,90,89,92,94,96,99,101,102,102,99,93,91,92,89,85,78,60,43,35,33,37,39,46,58,68,82,93,94,91,98,103,103,96,87,87,93,93,93,91,90,92,93,91,90,90,90,91,91,98,93,91,94,92,90,87,84,84,85,90,89,89,87,85,82,84,88,83,73,59,51,58,67,70,74,77,76,78,82,80,73,71,73,75,78,86,85,77,79,78,74,68,66,54,38,22,13,11,16,39,67,81,83,68,78,89,74,76,132,185,215,215,187,150,153,159,123,84,61,43,11,5,7,7,8,9,9,10,11,10,9
8,9,9,15,16,49,66,76,116,166,182,176,181,201,218,213,171,110,81,79,82,75,79,74,46,14,13,26,53,69,73,72,78,80,79,76,79,75,80,84,83,80,81,82,83,82,81,84,85,81,81,83,83,83,83,83,81,80,80,77,74,79,83,85,85,86,90,88,86,85,84,83,88,91,90,87,89,93,94,92,91,92,91,93,95,97,95,91,92,105,114,98,66,41,34,40,41,37,33,37,39,51,64,73,77,82,90,95,93,89,89,94,97,97,98,100,101,98,96,98,96,90,82,69,57,48,39,39,36,40,50,67,82,87,86,92,95,92,89,89,91,92,87,85,90,92,92,88,84,85,89,90,91,89,90,93,93,91,94,94,90,86,88,87,89,86,83,85,86,89,91,93,93,85,80,81,82,80,75,66,60,65,70,77,82,81,80,84,83,82,80,77,76,77,80,79,78,82,80,72,67,65,56,28,18,18,15,17,33,63,81,85,76,74,81,76,68,104,167,206,211,203,175,151,137,109,86,66,50,17,7,8,8,7,6,6,7,5,5,6
11,10,7,19,29,56,66,80,130,174,176,166,179,201,208,174,126,86,77,81,78,77,83,71,40,10,11,23,51,69,74,75,85,83,76,73,78,82,85,86,83,80,78,82,83,79,77,82,81,79,77,77,78,80,80,78,78,79,81,80,79,79,82,82,83,87,89,89,88,88,86,95,93,93,95,97,96,93,92,91,89,89,94,94,89,87,90,93,99,107,111,102,83,64,52,43,42,37,35,35,37,38,43,46,43,50,57,68,76,81,85,91,96,96,96,98,101,101,88,80,70,56,46,39,36,33,34,43,51,64,77,89,92,92,90,87,95,97,89,88,88,91,96,99,96,93,87,83,82,83,82,85,89,88,89,91,91,90,92,94,91,85,83,88,91,89,85,85,91,94,95,91,85,78,76,79,82,84,88,81,70,65,72,80,80,78,79,82,82,80,79,79,77,75,74,76,79,83,80,74,71,72,61,30,20,21,18,16,34,64,81,84,77,73,79,79,71,88,139,188,203,195,164,146,150,145,106,72,60,32,11,8,8,8,8,7,8,8,7,8
10,10,11,18,42,66,68,90,130,149,145,159,192,215,207,156,106,86,86,83,77,80,85,68,36,11,14,33,60,75,78,76,85,84,81,79,83,90,82,75,75,79,79,80,81,82,81,79,78,79,79,77,78,82,82,78,79,80,82,82,81,82,89,92,87,85,82,84,88,91,93,92,90,89,91,93,97,97,98,99,98,94,90,87,88,89,90,93,101,104,99,91,86,86,87,75,64,50,42,36,30,30,37,46,43,43,39,42,53,60,64,67,74,81,84,92,101,89,66,52,45,42,43,43,36,36,36,45,59,77,86,92,93,99,91,86,89,92,89,85,91,94,91,89,90,90,89,87,88,90,89,88,88,90,91,92,93,93,92,93,89,88,90,90,88,84,84,89,89,92,92,89,87,85,81,80,81,79,81,81,76,73,77,79,78,76,81,83,81,79,81,84,83,81,79,77,77,81,78,72,74,77,64,29,16,16,14,16,35,66,80,84,83,82,83,79,69,79,121,178,218,214,179,152,157,152,113,79,70,44,15,7,8,9,9,9,6,5,5,6
7,9,13,16,48,70,73,98,138,144,143,166,196,211,197,150,107,93,86,77,78,85,86,68,35,12,18,40,67,77,76,73,74,79,81,82,84,82,81,81,81,83,82,79,80,85,88,83,82,87,88,82,82,85,84,80,81,83,83,82,79,89,90,86,84,86,83,83,86,88,89,91,91,91,92,91,91,94,94,92,90,93,95,96,97,97,94,93,99,100,92,82,79,86,94,98,95,88,74,59,44,36,38,42,37,33,37,41,41,39,30,34,46,63,82,97,93,64,46,43,42,43,45,40,37,38,45,61,81,89,90,85,83,94,96,94,90,89,93,96,96,94,92,91,95,98,96,91,86,87,92,93,92,90,89,88,89,91,92,88,79,77,81,89,93,91,87,87,87,86,87,89,90,86,83,85,86,86,90,88,79,76,78,77,77,78,85,84,81,80,83,87,81,83,85,84,83,77,75,72,74,78,69,33,15,13,12,15,36,65,80,87,85,76,72,77,78,75,93,143,204,223,191,163,162,153,110,83,74,44,18,8,8,9,10,10,8,8,7,8
10,12,17,32,62,72,88,119,147,155,158,187,210,213,182,129,97,91,85,78,81,85,84,66,38,7,12,42,68,76,72,72,74,77,83,84,85,82,80,79,81,83,80,76,80,85,87,84,83,90,88,83,84,88,87,82,79,84,89,86,77,83,84,87,88,89,91,87,88,92,92,87,82,85,91,92,94,92,90,91,92,92,94,91,90,91,92,95,95,94,95,96,97,96,94,89,85,81,82,86,77,53,34,29,30,33,36,42,43,40,36,33,35,51,79,88,72,43,38,41,41,43,42,36,28,32,53,77,93,94,92,87,86,88,90,93,92,91,94,93,92,92,93,93,90,91,91,88,88,93,94,91,92,97,92,88,88,86,87,86,84,85,86,91,90,86,83,85,89,86,85,87,89,89,84,84,82,79,86,89,81,77,81,81,79,80,83,80,79,81,83,80,79,81,82,80,77,78,78,77,77,77,67,34,17,17,18,18,37,63,78,88,86,76,68,75,78,69,85,127,185,213,206,184,180,162,127,92,74,51,26,7,5,7,9,7,9,10,11,11
12,13,16,44,66,72,94,138,157,165,176,204,218,210,166,117,98,94,83,76,80,87,87,73,45,12,12,40,67,75,70,69,78,81,83,81,77,79,77,77,79,81,75,74,80,86,87,87,86,89,88,83,83,85,86,86,83,84,89,95,94,90,88,87,89,92,94,91,89,89,90,90,83,84,91,93,94,93,94,93,93,96,97,93,93,93,95,96,96,93,92,94,95,93,88,90,90,89,90,91,89,77,55,37,33,32,37,43,42,38,43,46,43,53,78,84,62,34,35,42,44,47,46,35,30,46,72,87,92,94,89,93,95,91,89,93,97,95,92,90,88,86,86,87,88,92,92,94,96,98,97,92,90,89,86,85,85,81,78,80,86,88,89,84,85,82,80,83,84,84,86,88,91,91,88,89,86,82,86,88,83,80,83,83,82,80,78,80,85,90,86,80,80,82,82,79,76,78,82,85,85,84,67,31,16,15,14,12,32,62,72,80,85,80,72,75,79,70,73,104,165,201,215,195,177,161,132,93,75,64,34,12,4,7,11,8,9,10,11,11
8,13,20,54,68,79,112,152,170,176,187,202,198,177,137,114,97,82,75,74,80,83,84,68,38,6,10,37,65,76,74,76,79,78,76,76,76,79,78,78,80,83,80,79,82,84,83,86,87,86,85,85,85,84,84,87,88,83,85,95,99,91,90,89,89,88,90,90,86,85,90,91,85,87,91,91,90,92,93,93,92,96,97,93,94,93,88,85,87,92,99,98,94,93,94,91,95,97,94,90,97,95,88,61,38,36,39,42,38,30,32,35,33,50,83,91,68,38,38,41,41,43,44,39,32,54,83,94,97,93,91,90,93,96,96,94,96,95,91,93,89,87,85,85,89,89,84,88,95,99,99,93,91,89,84,81,83,82,80,80,81,84,87,91,91,87,85,87,90,91,93,93,93,90,92,94,92,88,86,86,85,83,82,83,83,81,78,79,86,89,87,83,87,85,82,81,81,80,81,82,84,86,54,21,13,16,14,8,25,59,72,78,83,86,81,82,83,73,60,59,102,162,203,199,181,178,153,108,71,59,36,19,6,9,14,10,6,8,9,9
15,12,30,50,64,83,119,154,172,183,199,209,197,166,141,128,98,78,74,77,75,78,85,74,42,13,17,36,63,74,75,79,77,76,79,81,80,80,77,74,78,82,83,85,85,82,79,86,90,83,83,88,89,88,89,91,89,84,84,89,88,83,89,92,89,89,88,89,85,85,90,86,81,79,84,86,88,90,92,93,94,95,95,90,89,95,95,92,93,97,99,96,96,96,91,85,82,86,93,96,94,93,93,85,62,48,43,41,37,38,38,31,25,49,87,92,67,38,39,39,36,40,46,42,43,65,86,90,93,97,101,92,85,90,90,90,91,91,89,90,90,92,92,90,90,90,91,96,100,100,97,94,93,95,89,83,84,84,83,85,87,85,84,85,85,77,74,80,84,88,83,82,86,88,91,93,91,91,90,87,85,85,81,80,84,85,80,78,85,88,84,83,83,81,79,81,82,82,77,72,75,71,44,19,13,27,22,7,21,63,84,83,81,86,95,95,89,85,76,52,57,108,172,198,184,185,172,130,78,55,37,18,5,10,11,9,10,11,9,8
14,11,36,53,71,105,141,159,163,184,213,221,194,155,133,127,94,73,77,83,82,84,90,78,45,15,12,26,54,68,69,75,76,77,80,79,73,67,73,80,83,84,83,87,88,86,82,84,90,86,86,90,90,89,89,89,89,85,85,89,91,89,92,94,93,94,96,95,86,80,81,77,75,75,78,82,92,93,93,89,88,94,97,92,88,92,95,94,91,88,84,84,88,93,92,83,84,89,96,97,92,91,92,94,80,54,37,40,39,38,42,42,36,51,83,88,64,36,36,41,44,44,40,36,47,68,85,87,90,100,103,96,89,94,88,89,90,89,88,91,87,90,93,91,85,82,84,92,96,96,96,97,98,97,84,74,76,83,84,84,81,82,81,82,83,78,78,85,88,86,85,83,79,81,86,92,94,94,92,88,85,85,82,80,83,85,80,79,83,84,82,84,88,83,79,78,82,81,80,77,78,71,41,22,20,27,14,2,14,62,91,90,82,86,101,102,90,85,88,69,62,92,158,201,199,193,189,146,87,56,37,17,6,11,9,6,8,10,10,10
11,17,45,70,78,124,174,189,184,187,205,194,152,117,114,121,91,70,76,83,84,87,90,76,45,18,13,24,55,72,74,77,81,73,70,73,75,73,73,76,83,88,86,87,85,82,81,83,87,86,88,90,91,88,88,88,94,90,87,87,86,86,87,87,88,88,84,87,84,82,83,88,89,84,81,84,89,94,96,93,89,89,93,96,94,94,99,100,96,88,86,88,91,91,92,88,90,92,95,98,100,96,91,94,87,56,30,38,43,39,36,43,41,50,77,91,79,52,38,34,43,43,35,40,57,75,88,86,89,96,96,94,92,92,98,99,98,97,95,91,86,88,92,92,91,86,84,87,91,94,92,92,92,90,87,88,91,90,85,81,76,77,80,88,83,77,76,79,77,75,87,95,89,81,84,87,89,91,92,88,85,85,83,81,82,84,81,82,82,79,78,83,81,77,74,76,80,84,80,72,69,59,36,26,33,41,22,9,10,50,78,83,78,83,101,97,88,79,84,81,88,119,164,191,188,180,172,142,97,71,57,22,13,16,11,8,5,9,10,12
12,23,51,63,85,134,173,177,169,179,187,162,115,99,120,128,94,76,79,80,79,87,92,76,46,20,10,24,56,73,73,75,75,72,73,76,75,77,76,78,81,84,84,85,86,87,88,85,78,79,84,87,88,87,88,89,90,86,84,87,87,87,88,92,90,79,76,80,78,74,72,82,82,76,78,88,93,96,98,99,98,94,91,96,97,95,96,100,100,97,95,99,98,93,94,95,93,86,87,96,97,97,92,95,90,70,39,36,38,40,34,37,41,56,81,92,79,53,39,32,36,39,40,44,58,75,85,83,87,96,94,95,96,96,92,93,92,90,88,90,88,90,90,87,87,91,93,92,89,88,88,89,90,93,95,99,96,84,82,80,78,79,81,82,77,72,72,73,65,60,66,79,84,84,84,86,88,90,92,88,85,85,86,85,86,88,86,82,83,78,74,75,76,77,77,76,74,81,77,76,87,85,68,43,40,42,17,5,8,52,82,85,78,87,104,93,79,77,83,76,91,129,173,190,176,168,166,148,108,76,57,27,10,10,9,9,8,9,10,10
9,29,53,68,101,160,189,181,172,190,190,135,92,92,120,118,84,78,83,80,83,97,99,79,53,23,8,18,46,70,66,62,70,73,79,80,79,76,84,86,83,84,84,87,84,82,83,84,83,81,87,95,87,82,87,91,91,89,85,86,91,90,90,92,90,82,77,75,76,74,68,75,82,80,82,90,96,93,94,98,101,98,92,94,94,93,93,93,96,98,96,91,91,95,92,98,96,95,94,92,94,94,86,83,89,78,51,35,41,39,38,34,38,60,82,91,78,49,39,36,34,36,36,44,59,80,90,94,90,94,93,95,96,92,88,85,85,90,94,89,95,95,90,84,85,93,95,91,86,89,90,90,97,100,97,92,86,80,83,81,82,81,74,76,70,68,69,66,74,74,65,66,76,81,86,91,91,92,89,82,80,84,87,83,80,78,81,83,82,83,83,85,87,84,82,75,65,63,54,57,71,80,59,40,44,46,23,9,16,51,78,80,82,106,126,101,79,76,83,74,83,126,177,207,198,185,184,172,128,81,51,30,11,10,7,7,7,9,10,10
11,31,56,71,100,160,199,202,194,192,173,119,86,89,125,118,86,84,88,78,78,94,96,79,60,31,10,8,34,62,67,68,72,78,83,79,72,80,84,84,83,84,87,93,89,81,80,83,82,82,89,94,91,89,88,87,88,91,92,92,91,96,88,80,78,75,68,70,76,80,79,72,75,79,82,82,86,95,100,98,94,91,89,91,93,92,93,95,94,91,87,89,95,98,96,89,93,95,93,89,90,95,93,87,88,90,66,39,36,39,36,33,37,57,75,87,88,74,59,49,43,40,33,36,51,77,92,93,85,83,85,92,94,88,91,91,90,88,87,90,88,89,90,92,92,92,88,84,85,92,95,93,91,95,95,94,90,87,82,82,83,82,76,65,61,61,66,66,74,78,74,68,70,73,82,89,89,87,82,78,79,83,88,87,84,83,84,84,82,81,79,79,82,78,75,69,60,52,40,33,35,38,35,29,39,39,16,7,19,56,80,86,96,123,136,106,79,75,84,77,84,123,176,211,203,184,176,172,138,96,66,38,14,9,11,14,11,10,8,7
17,37,60,73,98,148,181,179,166,153,120,74,61,87,135,117,82,80,83,74,77,98,100,78,53,24,8,12,33,59,69,71,75,79,83,81,77,85,85,81,81,84,89,84,79,82,87,86,84,79,81,88,92,91,86,82,79,83,89,93,95,90,86,84,83,78,69,68,71,75,74,79,83,87,89,88,90,89,91,94,95,92,91,87,86,89,93,94,93,89,90,95,98,95,92,91,94,96,93,88,95,97,92,85,86,90,61,31,30,35,42,44,56,75,89,97,100,93,72,47,39,39,36,42,57,81,95,96,90,84,85,92,95,92,93,94,93,92,91,93,87,87,91,95,93,93,94,94,92,93,97,97,92,90,91,91,90,89,86,81,78,74,70,52,53,62,77,84,83,77,70,66,67,69,73,79,84,85,84,82,84,87,89,88,87,85,85,84,82,80,78,77,75,78,78,63,45,39,35,32,37,45,41,43,52,49,23,10,21,60,84,88,91,103,112,94,79,72,78,69,67,102,158,204,205,188,183,170,128,91,69,40,13,8,9,14,8,7,8,11
16,34,54,78,107,161,188,177,174,158,116,72,72,114,145,106,75,78,79,73,76,93,101,86,65,33,9,10,29,56,69,74,74,75,79,84,88,87,85,79,79,84,81,84,83,88,92,88,87,84,85,88,88,86,80,80,84,85,86,89,91,91,79,72,74,76,77,72,73,78,78,81,92,90,90,96,94,90,88,88,90,97,99,96,96,96,93,93,92,93,93,96,96,92,95,103,100,97,93,91,92,90,82,85,96,91,53,30,40,42,40,49,68,89,96,90,87,85,66,38,31,36,38,47,69,85,89,92,92,89,85,85,90,93,86,86,86,92,98,99,93,89,89,89,87,92,95,94,92,90,93,101,99,92,92,93,91,89,87,77,71,75,77,73,67,68,78,84,78,82,83,79,74,73,65,67,79,88,86,85,84,85,87,87,86,85,84,84,82,80,79,80,77,70,62,49,35,31,33,32,38,48,51,51,54,46,21,7,13,50,77,83,86,96,104,91,76,67,76,68,65,79,135,189,204,196,189,179,137,95,68,42,19,15,13,15,12,8,6,9
16,42,68,82,118,158,181,188,190,180,165,141,127,133,128,96,76,83,82,73,78,101,111,97,72,35,7,4,12,36,61,76,73,74,77,81,82,82,77,75,79,81,84,86,87,88,87,84,80,80,83,86,90,91,84,80,84,86,88,90,90,89,83,71,67,73,72,78,81,79,81,83,92,92,90,96,97,94,91,88,89,92,94,96,95,94,87,86,94,95,93,97,97,95,93,96,99,101,102,99,94,88,91,100,105,86,51,33,38,42,31,28,62,88,93,89,87,81,60,40,34,35,33,37,50,71,86,95,100,91,86,91,97,94,86,87,91,93,90,92,95,97,96,95,96,97,97,94,90,90,94,95,93,94,93,90,90,91,89,87,84,83,85,82,75,73,78,80,84,84,86,80,73,65,61,64,74,89,83,77,82,87,90,92,91,86,80,78,81,84,84,82,76,70,54,41,40,46,43,44,38,41,43,48,50,38,15,9,17,48,74,84,82,82,83,78,72,68,68,71,65,73,129,194,213,193,177,165,140,105,80,49,22,10,12,11,10,9,8,7
19,53,67,85,124,165,181,185,175,176,183,169,135,118,114,93,70,77,84,76,86,103,97,82,69,43,18,10,7,16,41,67,79,82,81,77,74,76,75,74,78,85,86,86,86,84,84,85,82,82,84,85,87,94,99,89,83,84,85,85,85,81,79,72,68,70,78,81,82,80,83,88,89,86,89,96,95,96,97,97,95,93,90,90,92,93,92,94,98,92,90,93,93,87,85,89,96,102,100,99,91,87,86,92,96,79,44,35,38,37,37,49,76,92,90,86,90,88,69,49,40,38,37,49,68,92,104,104,99,95,91,93,96,93,91,92,94,94,93,91,94,97,96,94,94,96,96,94,92,94,96,92,86,86,89,93,94,92,93,88,83,85,90,88,82,82,86,88,80,82,82,71,61,63,62,65,70,80,78,75,79,84,90,91,90,85,79,82,84,83,79,72,74,71,60,43,33,35,33,33,33,45,66,78,55,27,10,9,17,44,70,83,83,78,75,80,89,86,77,74,80,86,116,175,214,202,176,163,140,110,91,62,30,13,9,7,9,8,8,7
21,52,63,90,135,172,175,172,174,186,201,184,132,117,126,108,78,90,103,96,88,90,85,80,82,59,19,9,7,7,21,43,63,70,71,70,73,83,81,74,74,82,88,88,87,87,85,82,81,81,82,85,86,85,87,88,87,88,87,86,84,85,81,71,66,69,76,79,80,83,88,92,89,85,87,90,92,95,94,92,91,95,92,91,90,88,89,93,94,90,90,95,95,90,88,91,98,96,91,92,102,98,91,89,93,84,57,41,37,36,46,68,85,90,88,85,88,86,76,61,46,36,32,46,67,93,100,93,85,95,92,91,88,84,91,95,98,100,102,95,88,85,90,97,98,98,94,90,90,92,93,95,97,97,97,98,97,96,89,87,86,86,88,86,81,79,79,77,79,79,80,76,68,55,51,52,61,80,88,86,84,87,86,87,88,86,82,82,78,75,75,78,80,84,91,94,91,74,49,33,47,81,110,101,70,33,9,10,16,35,58,71,81,84,72,72,89,89,74,69,94,104,111,152,200,202,178,165,140,108,86,61,30,15,14,11,11,11,11,11
17,48,68,96,131,156,162,167,176,196,210,189,133,111,115,91,70,98,120,116,94,90,84,76,78,61,25,9,12,19,29,45,54,60,59,62,71,78,79,72,72,81,85,85,85,85,84,84,84,85,85,87,93,94,87,85,86,86,86,85,82,80,73,65,65,73,80,80,78,78,83,84,85,89,92,92,92,97,99,98,95,91,91,89,85,82,84,87,87,88,93,97,98,96,96,96,100,96,93,100,107,104,93,86,89,94,73,47,36,39,53,77,85,87,89,91,90,87,84,78,60,45,38,51,74,97,100,93,89,92,95,97,95,95,91,95,94,93,95,98,93,89,89,90,96,97,97,95,92,87,83,85,93,100,97,91,89,89,88,90,92,91,89,89,86,87,89,88,87,82,80,78,74,60,43,38,47,66,71,74,73,78,85,89,89,84,77,83,85,84,80,77,59,52,58,82,97,105,94,75,65,81,95,97,90,56,15,7,11,25,45,67,84,83,66,70,87,88,71,67,103,126,123,150,195,207,189,176,148,106,77,63,31,14,12,10,9,9,9,9
19,48,71,88,114,147,168,178,183,202,212,174,128,113,114,83,68,88,113,119,104,88,78,81,84,67,28,16,16,23,29,49,60,61,58,70,78,75,78,81,82,82,85,82,80,82,82,79,81,85,90,90,88,88,87,84,82,83,87,89,83,79,72,66,69,76,80,79,78,79,82,82,83,91,96,96,93,95,97,98,95,90,90,89,88,89,91,91,88,91,92,91,89,87,85,89,95,96,92,92,95,97,93,86,86,88,78,56,39,40,62,82,85,85,88,85,87,88,88,92,83,70,71,82,88,92,96,98,97,89,90,91,94,96,92,89,88,91,92,91,88,90,92,90,87,89,96,98,96,96,98,97,96,93,89,88,92,94,90,90,89,87,85,84,83,85,88,85,80,75,76,79,78,76,55,44,46,56,70,79,79,77,81,82,80,78,78,82,78,75,73,70,65,55,53,61,66,84,77,64,69,88,105,98,76,50,26,14,13,22,48,77,83,77,64,69,86,98,71,63,107,139,128,135,185,210,206,195,168,112,79,55,31,15,9,5,8,8,9,10
27,56,73,95,130,173,188,183,183,198,199,159,116,111,114,85,68,85,106,113,102,88,79,78,75,57,27,15,16,19,14,18,35,52,61,70,74,72,75,84,88,84,84,81,80,81,82,76,73,73,76,83,89,89,89,90,88,83,79,77,73,66,61,59,66,76,78,75,79,83,80,75,75,81,88,91,94,95,93,91,90,92,91,91,91,93,94,91,89,95,99,97,92,93,94,91,92,94,95,95,95,95,94,92,90,92,96,88,73,68,85,91,86,82,84,85,85,87,89,90,86,83,84,90,90,92,94,93,91,84,86,87,87,86,94,95,92,93,96,94,92,95,93,92,94,95,98,93,88,90,94,96,93,93,90,91,97,100,92,92,90,85,81,87,85,82,80,78,79,78,82,83,80,72,63,57,63,72,74,80,86,88,84,73,71,78,74,68,62,62,72,79,75,71,73,80,85,79,66,60,79,103,89,65,62,58,46,29,16,26,55,81,84,77,68,78,93,102,69,59,106,150,132,123,171,204,196,185,173,132,99,65,35,14,9,8,6,9,10,8
29,57,73,101,139,171,178,180,186,197,193,151,113,111,110,81,68,89,110,112,98,86,78,70,53,36,23,21,26,29,15,8,23,55,74,78,75,78,72,78,83,81,76,74,73,74,75,79,83,86,87,88,86,82,79,79,84,82,79,77,71,63,58,55,60,70,76,78,79,79,78,82,83,90,95,95,91,93,94,92,92,93,90,89,90,91,92,90,86,88,90,91,92,92,94,93,90,94,99,98,99,93,91,92,91,84,90,92,88,83,84,86,89,91,93,90,86,84,85,85,87,91,90,87,88,91,93,90,85,92,93,92,86,80,85,91,90,90,97,98,91,91,93,91,88,90,97,98,95,93,91,93,97,98,94,92,94,96,90,90,89,87,84,91,91,88,84,86,86,81,83,85,84,84,74,59,58,65,65,67,79,86,86,80,81,83,73,64,66,72,77,76,73,71,75,79,77,74,71,72,74,70,52,58,75,52,25,23,24,27,48,77,81,77,74,91,104,110,71,57,110,157,138,124,166,202,187,167,160,132,103,75,42,18,10,8,7,7,7,8
29,58,74,93,123,140,158,177,193,205,199,151,109,110,111,86,74,91,110,114,96,80,75,75,61,34,22,23,23,22,17,10,13,44,72,80,82,82,74,74,80,79,81,85,87,86,85,87,87,82,80,82,83,82,81,81,83,82,81,84,81,80,71,63,64,64,77,81,79,74,75,75,79,92,100,100,93,91,95,96,90,88,89,88,91,91,92,89,82,85,94,96,98,95,90,87,85,91,98,94,87,90,92,87,81,80,85,86,86,87,85,82,82,86,89,85,80,86,88,88,89,93,95,90,87,88,87,89,93,95,92,85,85,91,89,96,98,97,98,94,87,88,94,94,90,89,88,90,93,97,98,95,95,98,96,92,90,88,89,92,92,87,81,86,87,87,87,89,86,80,81,86,85,86,81,69,56,51,58,71,76,69,67,70,73,73,68,71,76,78,74,70,72,74,77,75,71,73,72,74,64,60,68,89,70,28,6,15,21,18,39,75,84,77,73,93,113,112,75,60,111,163,144,123,164,206,198,178,167,126,87,73,47,21,8,7,7,8,6,7
30,61,77,102,141,162,174,182,189,196,197,156,110,109,115,92,71,81,95,93,83,76,75,76,62,35,19,20,27,27,18,12,11,40,76,84,76,69,74,79,82,83,84,87,86,78,72,75,85,85,80,78,81,85,85,81,74,73,78,81,77,76,78,83,80,71,71,77,79,79,82,81,86,89,92,93,90,91,89,88,89,93,95,91,87,90,93,90,83,88,98,97,96,93,90,87,84,85,87,85,84,89,93,91,87,89,95,94,90,89,90,90,89,89,87,80,74,83,89,86,85,89,90,82,83,88,92,93,97,97,95,89,86,89,91,86,84,90,96,96,95,95,89,84,92,98,92,83,87,96,95,89,90,93,91,87,87,90,87,87,86,84,81,83,81,82,87,92,91,85,82,81,79,80,86,82,65,50,46,47,47,47,59,65,70,71,70,70,74,76,75,76,80,78,76,78,81,75,76,69,63,76,102,86,42,18,17,20,10,8,38,78,83,73,73,103,122,116,76,61,115,171,152,123,159,207,198,170,160,134,99,74,47,25,14,10,11,13,11,10
28,52,68,99,142,168,181,189,189,194,199,162,115,110,119,100,77,80,85,85,87,81,68,70,68,47,15,13,28,31,19,12,9,35,86,96,66,43,50,59,57,64,65,67,68,67,65,72,87,94,88,80,80,82,79,72,72,75,81,84,78,72,74,81,83,79,74,78,81,82,80,87,93,90,84,86,95,100,88,81,86,91,97,94,91,90,90,88,85,84,86,86,86,90,93,93,91,87,85,84,89,93,96,96,94,94,88,82,84,91,93,94,89,80,69,58,57,64,73,84,92,96,95,90,83,86,87,86,87,91,90,93,95,97,96,93,92,96,98,94,91,92,91,86,87,89,86,84,89,95,92,86,88,91,87,84,86,92,91,85,85,90,91,86,83,79,81,83,88,86,84,83,84,85,83,85,74,56,39,41,49,52,56,61,69,78,84,79,77,75,75,76,75,79,82,80,76,72,63,50,56,88,101,70,31,23,26,18,13,15,40,75,85,81,76,95,110,114,82,63,108,167,147,110,142,202,200,175,166,142,97,68,41,25,14,4,9,13,12,9
30,52,71,101,145,171,182,187,186,199,197,153,110,113,120,109,99,104,91,74,81,87,75,72,73,61,26,11,17,23,19,11,7,15,73,114,101,49,36,51,62,76,81,74,72,76,79,72,72,77,79,80,79,77,79,85,88,83,78,79,78,79,81,85,87,82,80,79,82,84,78,81,85,93,93,88,92,97,93,88,88,91,93,89,89,90,90,89,87,85,83,86,90,91,90,92,99,99,93,92,92,92,91,88,87,90,85,80,80,85,87,86,83,78,76,82,90,95,94,97,99,94,85,83,87,86,83,83,92,87,83,86,95,98,95,95,94,94,95,90,86,88,90,87,85,86,84,88,90,90,88,82,88,96,94,91,89,90,93,86,89,94,90,82,83,82,78,74,86,88,85,84,87,84,80,81,67,49,38,44,58,58,56,61,70,78,80,76,74,78,81,79,80,82,83,79,73,74,68,63,60,73,70,50,39,34,18,12,12,19,43,76,86,82,73,87,106,115,85,63,107,171,154,107,129,190,206,192,177,150,106,75,55,31,12,5,7,13,11,8
29,55,75,104,145,173,181,179,182,205,193,138,108,115,118,103,112,124,101,73,78,84,74,67,65,54,26,9,8,16,15,19,17,15,44,106,131,93,51,61,86,92,91,80,74,77,82,80,78,75,73,75,72,58,51,68,85,94,85,80,84,77,80,85,87,88,78,80,83,86,88,82,83,88,95,95,86,86,88,88,89,94,95,95,93,90,89,88,90,94,92,87,88,91,88,93,91,93,94,89,82,88,88,81,74,86,93,88,80,79,81,80,78,87,97,101,105,108,108,108,104,103,102,85,80,80,80,82,84,82,84,87,91,95,88,88,88,89,90,91,98,95,91,91,87,86,88,91,91,88,86,84,83,82,89,94,91,89,87,86,85,85,84,81,83,85,86,86,87,85,84,85,85,83,76,78,66,46,30,25,32,40,42,60,76,73,73,76,76,77,79,83,81,78,74,72,72,80,74,62,49,42,30,30,31,26,19,5,5,18,41,65,77,78,71,84,104,114,84,65,114,172,173,119,118,174,201,188,169,149,113,86,70,44,19,10,9,11,8,8
26,53,77,101,130,150,169,177,195,209,193,137,108,122,112,87,103,126,102,74,87,91,79,76,74,60,33,18,13,17,13,11,19,20,30,76,120,125,89,61,59,74,78,78,76,73,72,74,83,78,63,50,43,33,25,33,52,72,79,81,82,79,80,81,82,81,83,80,78,81,85,88,86,89,89,86,88,91,93,93,94,96,98,97,94,92,90,88,89,93,95,89,87,92,95,90,87,88,91,89,86,88,87,85,83,86,87,80,75,78,81,81,93,107,110,103,96,96,103,105,99,99,103,102,89,85,81,81,84,86,87,89,89,88,86,95,100,94,87,89,97,98,94,92,88,88,88,90,89,89,93,91,87,88,91,89,86,86,87,88,86,83,83,82,85,88,91,90,88,81,78,80,84,80,74,74,63,46,31,28,37,45,50,68,83,81,76,77,79,82,82,79,80,78,74,72,72,67,56,46,43,43,37,23,16,18,20,15,12,24,47,73,85,84,71,79,99,107,87,77,107,154,173,148,130,150,182,188,181,162,119,87,74,45,19,13,8,10,8,8
27,53,75,114,145,167,180,184,194,206,189,131,103,120,120,87,97,120,93,67,84,99,88,73,69,67,43,18,9,13,11,6,8,15,16,29,63,98,96,72,60,68,80,82,80,73,66,70,84,80,62,48,50,48,40,31,37,62,77,81,76,70,72,74,78,81,77,76,77,85,91,84,85,89,90,86,89,93,92,92,95,92,85,83,90,90,85,80,81,87,90,84,81,85,88,88,86,88,89,86,83,85,87,88,86,90,90,83,81,85,85,100,114,113,105,103,105,109,113,114,110,106,109,112,108,100,89,85,88,89,89,88,87,87,84,86,87,89,90,83,86,90,88,84,82,86,89,91,92,88,85,87,94,97,97,90,81,78,90,93,91,87,90,97,94,91,85,82,83,77,73,77,80,78,67,58,45,32,30,43,65,76,80,84,83,79,80,84,86,87,84,80,80,79,78,74,73,63,48,42,45,46,42,23,10,14,23,20,13,23,50,77,92,92,76,87,109,109,88,82,104,140,158,133,114,150,183,198,187,171,128,85,77,59,27,5,7,9,7,7
24,47,64,96,133,161,181,188,185,203,189,133,101,131,131,88,91,117,98,68,75,100,106,75,63,71,45,14,4,13,19,15,16,11,17,24,45,58,70,66,70,67,73,75,76,77,76,74,80,78,67,61,54,44,38,39,37,62,80,85,81,75,74,74,77,80,78,80,83,86,88,86,85,88,87,82,87,90,83,82,88,91,91,91,90,90,85,78,79,86,93,90,90,91,87,88,90,94,89,79,75,83,89,87,84,88,92,88,84,87,103,116,114,105,97,92,94,100,105,110,110,108,108,113,115,102,86,82,85,85,79,76,79,84,84,85,88,90,90,84,77,81,85,84,84,85,85,84,85,85,85,86,88,87,92,92,85,79,82,90,88,84,90,103,98,91,82,77,73,73,74,77,80,76,65,52,40,33,43,63,87,88,83,84,86,83,83,87,85,81,79,78,76,76,74,71,69,57,41,37,40,38,30,25,21,29,40,25,15,25,53,88,103,96,77,91,115,111,83,80,117,154,152,88,52,111,187,194,173,167,132,95,70,58,35,6,6,9,6,6
23,43,72,105,139,160,175,177,188,210,192,127,108,136,134,85,75,110,110,80,66,95,107,91,66,67,49,21,18,26,23,19,19,16,19,30,55,66,67,70,72,75,73,73,74,75,74,72,78,82,82,81,68,47,37,35,36,51,69,76,79,84,83,80,79,79,82,81,77,77,81,86,93,95,90,82,83,92,91,86,85,90,91,85,83,86,92,92,87,90,93,92,86,83,88,84,85,87,89,91,85,82,82,82,79,80,83,84,93,104,113,117,111,112,116,114,109,112,121,126,126,125,122,118,119,119,102,82,83,84,80,79,83,89,86,85,84,88,94,91,83,76,74,76,83,90,85,78,78,77,78,84,84,87,89,90,92,93,92,91,91,91,91,94,92,89,85,83,78,78,76,74,59,47,44,39,31,37,54,71,80,84,80,79,82,87,87,87,88,86,79,72,75,75,73,67,64,47,36,39,47,45,32,19,20,40,43,29,21,37,62,92,119,111,72,91,121,107,77,82,133,166,168,110,68,103,168,198,189,183,153,101,69,56,26,13,6,5,7,10
17,40,67,101,135,162,175,180,193,199,172,114,97,131,132,92,71,89,96,81,62,82,102,96,78,77,57,26,21,34,34,19,20,21,28,32,44,57,65,69,73,78,84,80,76,75,75,76,78,79,77,77,78,69,45,31,30,38,49,64,77,82,78,76,75,73,76,79,79,80,84,87,87,87,85,83,82,87,90,90,91,91,89,85,83,86,92,90,82,82,84,85,82,79,82,87,86,84,82,81,79,78,81,84,82,80,83,91,109,122,125,126,128,138,146,143,136,128,122,120,126,132,129,117,111,115,109,95,83,77,80,84,88,92,85,73,76,85,86,85,80,82,87,88,86,82,81,86,89,85,82,84,86,81,84,88,90,90,87,91,92,91,88,82,83,85,87,89,83,79,82,78,53,39,33,31,37,54,72,85,88,85,79,80,88,91,86,78,80,80,79,76,76,71,68,67,65,52,44,55,61,49,30,19,31,51,41,16,14,43,69,91,106,94,73,101,134,104,70,92,145,163,165,143,123,128,170,192,183,176,148,107,73,59,27,11,7,11,12,10
16,45,72,101,134,169,179,187,210,198,146,100,101,135,136,112,85,82,80,78,76,82,90,85,67,69,58,28,15,33,47,35,19,13,18,28,41,62,71,71,68,73,81,79,81,85,88,85,83,82,80,79,81,78,62,45,41,41,49,69,87,83,77,76,79,76,74,80,84,86,90,92,84,80,83,87,86,91,96,97,92,89,92,94,88,80,84,86,80,81,87,89,85,80,80,76,78,82,86,89,83,81,83,84,81,83,90,102,111,113,113,120,124,124,123,124,130,128,121,119,120,122,122,118,119,116,116,106,88,89,84,80,81,84,86,81,83,87,86,73,70,80,88,90,83,75,78,86,85,80,79,81,80,78,82,88,88,86,86,88,89,88,86,86,84,84,87,91,82,83,85,76,50,40,34,30,40,64,78,84,83,81,76,79,87,92,86,79,77,75,76,78,83,73,68,63,55,47,49,57,49,32,27,26,36,44,31,15,15,50,69,77,86,86,84,108,122,90,69,99,147,165,156,138,137,160,181,182,167,163,147,105,77,67,33,13,9,10,11,10
14,46,75,91,125,165,174,184,202,183,111,72,92,125,126,111,86,77,83,93,77,77,99,93,68,66,62,36,15,28,46,39,27,21,27,31,37,48,64,69,72,79,75,74,76,81,86,86,83,82,81,80,75,68,60,44,36,33,42,62,78,85,78,79,85,80,86,89,88,85,84,82,85,84,79,74,76,83,89,84,77,82,91,96,88,82,88,90,84,82,83,86,85,82,82,87,86,87,87,88,80,77,75,73,69,75,94,115,121,119,125,128,133,135,135,140,148,149,140,135,127,116,113,119,117,109,110,111,97,83,85,84,79,73,81,90,91,87,85,79,72,77,82,78,72,67,72,75,74,75,80,84,78,78,84,89,88,83,88,87,86,87,87,97,91,87,86,88,88,91,82,64,42,33,32,29,43,68,78,79,77,82,83,84,85,85,79,75,80,84,79,69,65,61,65,66,58,39,40,36,33,34,36,32,37,50,45,15,15,55,71,76,88,92,87,92,95,78,72,101,142,160,162,144,131,153,184,184,176,173,156,118,79,60,32,19,10,8,7,9
17,44,71,84,125,171,188,187,197,171,106,57,70,104,120,112,92,76,81,90,80,76,90,98,77,75,67,36,11,10,22,27,22,18,30,47,53,48,58,73,79,75,74,72,74,80,84,86,87,87,82,78,82,84,67,40,28,29,40,57,72,76,76,83,86,82,78,84,86,83,84,84,84,87,83,76,75,80,83,76,68,76,82,78,79,85,88,85,76,80,85,84,80,75,77,88,86,82,77,74,68,62,63,58,61,86,116,122,118,121,128,130,122,121,129,134,132,127,126,128,124,118,117,121,107,100,101,115,110,87,78,73,65,52,49,59,70,74,73,73,84,95,95,88,78,73,76,80,81,81,84,87,84,80,80,84,86,82,79,79,79,83,87,92,85,85,89,86,76,75,69,40,26,36,42,31,37,67,79,77,73,78,83,87,89,82,77,75,75,76,73,64,55,49,50,57,55,47,42,38,37,39,35,27,48,71,60,23,18,46,61,74,88,91,87,89,94,84,92,115,142,163,163,138,129,157,188,188,170,168,162,131,91,72,43,22,12,7,7,9
16,44,69,95,132,172,190,195,198,169,111,57,56,88,119,120,107,83,76,87,92,81,75,79,73,77,68,43,16,13,21,22,20,28,63,95,89,62,48,61,74,75,73,71,70,73,77,83,92,84,78,79,85,80,57,33,25,31,34,41,65,76,77,78,77,75,74,83,88,86,86,91,89,87,89,90,83,79,79,76,74,79,81,78,77,82,85,85,82,83,88,85,78,79,90,88,84,77,72,71,58,49,47,53,69,95,116,121,117,118,120,118,109,102,101,108,113,111,108,113,118,121,124,125,125,114,107,117,117,100,80,82,88,73,51,46,53,54,42,43,58,70,72,67,67,71,73,81,88,82,77,79,80,80,77,78,84,86,83,81,81,86,92,94,86,91,94,87,67,55,52,31,17,31,45,39,35,54,70,74,70,77,87,88,82,77,79,81,76,72,73,72,62,55,48,47,47,40,37,35,36,39,42,32,39,52,45,23,24,52,68,74,76,83,90,93,90,87,102,121,144,165,164,143,130,149,175,188,177,171,161,135,91,70,50,25,14,8,8,9
16,41,64,95,128,160,179,192,195,171,113,57,57,104,133,122,125,112,81,70,84,77,64,64,68,80,79,53,22,14,21,21,30,53,87,117,103,44,25,39,57,74,73,70,70,74,77,81,83,81,76,75,77,67,49,44,42,41,35,34,49,69,78,85,82,81,71,77,79,79,82,90,87,81,83,88,83,79,80,82,80,77,77,77,77,78,80,79,77,73,76,73,68,73,89,98,80,56,49,51,54,46,44,57,82,94,101,104,112,119,114,111,107,104,101,106,112,112,109,109,109,110,112,113,113,109,104,110,108,90,74,79,85,73,51,46,50,53,47,45,45,44,48,56,73,75,61,61,75,76,74,80,85,82,78,78,81,79,78,79,82,83,84,91,91,90,87,85,70,59,53,39,36,38,46,43,46,64,70,74,79,84,88,86,78,73,79,83,80,81,82,79,76,73,61,49,44,37,33,31,34,38,42,44,44,47,38,22,31,60,76,87,89,83,74,77,85,90,108,125,144,159,163,149,135,144,167,190,185,177,168,136,90,68,58,30,15,9,8,8
15,40,59,86,121,159,180,190,197,186,132,69,68,120,139,121,132,154,115,65,78,85,79,70,69,80,85,68,29,11,21,32,23,31,49,77,85,64,52,53,52,54,63,66,73,81,85,77,75,79,78,74,74,71,58,56,57,54,45,37,32,42,55,74,86,87,80,81,80,81,86,89,93,87,79,77,78,76,79,84,86,83,84,85,81,79,77,75,72,63,59,62,64,63,61,64,58,43,36,44,43,36,33,49,72,88,99,104,108,113,111,105,104,109,112,113,107,104,109,109,104,100,102,107,107,109,110,106,94,63,57,68,82,78,63,56,52,47,43,41,40,34,35,44,55,57,41,46,62,61,63,79,88,86,81,79,80,79,77,81,87,89,85,88,92,88,77,72,68,60,45,28,27,45,47,46,59,78,79,79,85,83,81,83,83,79,77,76,76,78,79,73,76,79,65,45,38,38,43,47,48,48,51,53,36,26,21,21,35,56,68,80,83,78,68,82,99,112,126,131,140,156,157,144,138,151,176,189,181,179,175,146,98,73,60,30,14,8,10,6
15,45,69,89,123,162,181,184,195,179,137,88,83,126,140,114,125,180,168,99,71,79,86,72,63,68,78,68,31,7,11,28,38,36,43,59,69,69,64,65,67,63,54,50,54,70,81,77,78,83,86,83,78,68,53,46,46,50,51,43,31,31,33,54,76,82,82,81,85,89,87,83,89,88,81,77,76,79,82,85,86,83,81,82,80,76,77,79,74,60,54,55,57,56,54,55,54,49,40,36,37,37,34,38,43,65,85,99,106,109,111,106,105,108,112,112,109,107,106,104,100,96,99,105,112,113,116,110,94,70,62,68,81,81,67,46,38,41,41,42,43,45,43,42,46,48,41,52,75,73,62,66,82,85,78,75,78,83,86,90,88,79,75,79,80,81,78,76,62,59,41,19,10,25,45,55,65,75,76,79,86,88,82,77,74,73,75,72,71,75,78,75,80,82,69,53,52,45,42,46,61,72,92,99,75,44,20,17,33,53,64,73,74,73,63,78,106,124,128,125,140,159,155,139,133,145,162,178,182,176,166,146,101,75,61,35,15,4,6,8
15,43,71,84,123,168,189,189,186,180,153,118,102,132,143,107,97,154,195,159,86,62,80,80,70,63,70,73,41,11,6,26,42,42,47,59,70,68,66,71,75,72,61,58,57,62,67,78,81,80,80,78,74,73,60,31,14,25,54,58,49,40,40,53,73,86,78,74,81,87,80,82,84,84,78,72,79,83,81,75,68,60,59,65,71,69,66,61,53,49,49,52,57,59,59,54,45,42,40,33,30,28,29,30,31,41,74,103,112,110,109,103,103,106,109,109,110,107,102,99,99,100,102,105,104,107,114,114,101,89,74,59,58,62,61,43,39,41,37,41,51,65,65,58,57,57,50,58,80,84,66,60,81,87,83,76,74,77,83,89,84,75,77,77,76,76,76,77,80,81,72,55,48,61,67,69,71,77,82,84,84,84,83,78,72,73,79,74,70,74,79,79,73,73,66,58,58,58,53,49,54,59,65,68,62,49,30,18,24,51,64,71,73,72,64,81,110,127,129,129,152,168,157,138,135,146,152,162,173,173,170,145,105,72,56,40,14,9,11,9
10,35,68,78,112,160,184,184,189,186,157,135,126,140,157,138,93,107,181,210,139,72,69,83,82,66,63,64,37,16,12,20,37,45,53,59,65,73,71,76,76,71,70,71,71,68,67,75,81,79,76,78,77,80,79,48,27,27,50,51,46,56,68,69,67,77,84,80,78,81,85,73,73,79,86,88,84,84,78,69,63,58,57,61,63,65,66,61,53,53,62,66,67,60,49,39,38,37,36,32,34,31,33,34,30,31,47,74,102,113,106,96,94,102,107,106,105,100,97,97,100,103,106,106,105,105,109,106,93,88,91,76,49,35,36,38,35,32,32,35,46,52,55,59,60,62,53,50,64,71,64,61,70,76,81,81,76,74,77,79,80,81,82,85,88,86,79,72,70,78,81,83,86,84,76,70,71,77,85,85,80,77,80,77,73,74,79,83,78,76,78,78,72,72,68,58,53,56,60,65,69,71,66,51,50,55,46,24,17,48,68,75,74,70,65,91,118,121,121,131,152,163,147,128,128,142,149,156,178,177,175,166,125,82,62,48,21,11,11,6
7,31,65,84,114,154,169,179,196,176,149,146,139,134,154,147,99,72,128,207,173,102,62,81,86,71,59,57,36,15,13,12,27,39,53,60,68,71,71,71,69,68,68,70,74,78,79,76,75,77,80,80,85,91,82,63,45,55,60,51,48,66,83,84,70,68,80,78,72,70,75,78,77,76,78,80,75,78,76,74,74,73,66,60,61,65,69,66,56,55,47,45,37,28,28,31,33,33,28,21,30,36,35,29,28,27,31,39,75,112,111,100,101,104,101,100,104,103,98,97,94,96,107,107,98,96,106,122,103,94,101,105,65,29,25,30,28,29,36,44,51,56,59,64,70,73,69,58,51,54,59,68,76,76,84,85,76,74,76,79,84,85,86,78,84,87,85,82,79,77,78,79,82,77,74,74,76,78,78,82,87,80,75,78,80,78,80,81,78,74,74,78,69,75,77,68,57,61,60,65,69,67,66,56,59,67,57,27,15,44,67,73,67,60,66,98,118,120,123,130,138,140,131,122,119,139,141,158,172,179,165,163,125,82,62,53,27,6,9,8
10,37,71,89,118,156,168,175,191,192,172,160,142,121,130,148,105,54,88,172,195,138,73,80,89,71,54,51,33,16,15,22,28,37,44,54,66,76,75,73,74,76,76,76,76,77,77,76,72,72,75,81,88,88,81,72,69,70,73,70,57,61,81,89,78,75,74,75,71,71,76,82,78,76,76,77,75,73,81,84,79,71,66,69,68,63,59,58,61,60,60,54,41,34,35,39,37,33,28,25,27,31,30,27,27,28,27,38,67,91,110,116,116,104,93,91,89,90,93,96,99,98,97,106,102,100,111,128,115,79,83,96,73,42,20,29,30,35,43,52,58,60,63,66,63,66,67,67,61,60,69,74,76,81,86,84,76,71,79,78,79,83,89,83,83,80,79,78,80,81,80,76,71,67,68,72,77,80,82,85,84,75,70,72,74,74,78,78,78,79,76,73,75,74,71,65,60,58,56,61,68,71,69,62,64,65,48,19,18,50,67,72,65,56,69,94,105,118,138,138,117,110,118,124,120,137,154,157,161,173,175,168,130,84,61,52,28,7,9,8
12,36,67,85,116,155,167,172,193,197,176,152,124,113,127,148,116,65,70,141,199,159,83,70,83,82,65,58,41,19,15,25,35,39,39,40,44,66,65,68,70,71,73,72,70,68,67,72,74,77,80,83,89,88,82,83,80,72,75,81,71,70,82,89,82,80,80,79,73,69,71,73,71,72,75,77,74,73,81,82,75,73,73,75,75,68,61,59,64,64,62,57,50,41,30,22,22,22,21,21,23,33,37,33,30,39,58,79,93,100,108,109,104,96,90,89,90,93,97,101,103,95,88,101,113,120,133,134,98,67,77,96,68,27,18,26,30,37,46,51,54,55,59,63,63,66,70,75,76,73,67,68,72,76,79,82,81,81,76,75,76,84,93,89,83,77,75,75,74,82,86,85,82,81,82,83,86,89,91,87,81,80,80,79,76,71,74,79,82,82,79,73,70,68,63,60,60,60,60,64,70,71,63,63,68,67,49,22,18,50,70,74,65,58,69,90,98,114,140,146,120,106,126,133,119,131,156,165,171,179,179,173,143,93,63,51,33,11,11,8
15,39,70,84,120,165,178,185,193,193,170,151,128,110,124,153,128,67,48,88,152,154,99,60,68,86,73,62,47,22,17,32,49,60,63,56,53,53,64,73,75,72,74,72,70,69,69,71,79,81,77,76,85,92,86,85,84,75,70,75,77,77,77,72,69,73,85,85,81,77,78,84,78,72,69,69,75,79,75,66,62,72,76,68,69,75,76,71,63,64,65,55,43,36,26,13,17,20,17,12,15,17,23,39,54,81,94,92,90,96,97,92,82,79,83,90,102,107,102,95,88,83,89,107,121,128,144,145,107,74,87,95,60,27,23,32,36,43,52,61,62,61,65,71,74,77,78,76,76,75,74,74,77,77,77,81,84,86,81,79,78,79,80,86,83,81,79,78,78,81,84,84,83,79,80,83,84,84,89,93,85,79,78,78,75,71,75,80,79,77,74,71,70,70,69,69,68,69,72,77,76,70,67,63,64,63,46,23,22,54,67,63,61,58,60,81,99,117,145,153,123,112,134,132,109,125,160,167,166,165,161,161,148,107,75,63,37,14,14,10
11,43,67,81,108,158,181,183,190,187,175,167,141,104,120,169,161,102,57,69,135,159,117,60,64,82,71,50,40,32,28,45,59,68,71,67,64,61,63,68,72,74,74,77,81,78,73,76,77,77,74,74,78,82,86,87,86,83,78,77,83,78,77,78,79,77,80,78,78,79,81,82,85,80,75,74,76,76,72,66,63,70,74,69,71,77,72,60,56,65,76,72,59,46,38,28,26,21,17,13,17,30,46,67,81,105,102,94,89,92,90,92,90,87,84,89,97,98,100,102,104,101,107,116,112,119,133,138,103,81,96,109,89,55,39,33,30,39,49,55,60,61,63,66,66,69,68,71,75,74,74,76,79,78,73,74,81,85,92,89,83,79,82,86,82,77,72,69,72,75,77,76,76,80,79,77,80,85,86,87,83,78,77,74,73,78,82,80,78,74,73,72,71,71,69,66,63,67,66,70,72,70,65,63,61,55,34,21,32,60,65,64,62,61,61,84,105,115,136,143,123,117,133,136,107,112,151,165,157,153,161,164,154,122,89,67,41,17,12,9
13,46,68,83,115,169,188,186,191,188,179,172,144,107,120,159,154,111,73,65,110,149,129,76,70,87,83,66,37,20,27,48,64,65,62,58,57,69,73,67,62,68,67,72,79,81,78,77,75,73,72,72,74,77,81,83,83,81,79,83,85,86,85,87,85,78,69,74,77,76,73,79,77,74,77,82,74,69,69,74,81,84,88,89,82,73,71,67,64,69,67,61,47,35,34,31,29,30,39,52,49,60,83,99,99,96,94,90,97,108,106,97,93,92,91,94,96,98,106,110,108,99,102,106,109,118,139,137,99,75,89,105,101,87,70,54,45,42,38,44,55,59,62,64,64,63,62,67,72,73,76,78,78,76,72,73,80,83,89,88,82,78,80,77,77,78,80,81,86,89,86,82,83,91,88,84,86,92,85,75,84,89,81,74,72,77,79,81,81,80,75,68,73,71,69,69,68,68,68,70,71,67,66,62,59,49,27,16,26,53,62,66,65,62,66,96,124,126,129,128,112,110,131,139,106,103,132,152,150,151,157,163,152,131,97,61,36,18,16,11
17,58,82,84,116,167,181,177,179,178,178,173,145,122,132,112,79,56,55,63,80,116,111,71,67,85,84,56,40,27,25,45,66,71,70,65,62,67,72,72,71,77,76,76,79,79,75,75,81,81,75,70,71,73,76,80,82,79,84,92,90,82,79,84,87,77,79,82,85,82,78,79,75,69,71,77,84,81,78,73,72,75,76,72,66,66,75,79,74,67,69,68,52,33,29,40,55,72,83,93,95,93,96,102,103,104,96,86,91,104,104,93,92,93,88,93,105,109,110,107,104,99,109,114,106,115,142,135,101,92,97,101,95,88,70,64,75,79,66,57,56,54,57,64,71,76,73,73,74,76,77,77,76,71,72,79,86,85,85,85,81,76,76,84,90,92,83,74,79,89,88,87,94,99,93,85,83,87,86,83,85,80,77,74,72,76,78,79,79,79,76,71,70,67,66,68,70,71,69,71,70,65,59,60,58,47,23,16,33,58,66,71,68,61,62,102,142,144,140,129,111,112,134,142,111,111,150,160,149,150,161,159,153,137,104,66,39,19,17,12
23,63,84,80,111,162,180,180,172,170,172,166,134,118,148,148,123,91,67,63,87,117,106,67,57,80,93,76,44,29,33,40,61,73,80,73,67,65,66,71,74,75,76,73,75,75,73,72,72,74,76,76,75,76,80,84,84,81,88,99,95,84,77,84,94,90,83,83,83,79,77,78,78,74,75,79,80,76,76,79,79,76,72,59,62,68,69,68,68,74,75,69,50,40,54,81,92,93,88,89,91,96,95,94,100,100,94,88,94,104,92,85,91,90,85,90,96,97,95,93,90,86,99,106,104,112,140,134,107,103,128,150,144,134,93,57,56,75,78,63,51,44,54,68,74,72,69,74,80,79,75,73,74,74,68,68,80,92,87,89,86,80,79,83,86,87,84,80,86,93,85,80,86,92,88,83,83,85,85,86,80,74,76,74,72,75,77,77,75,74,74,75,76,74,72,75,81,71,70,70,68,64,63,60,56,40,15,16,38,63,68,70,66,60,63,112,150,145,135,131,131,136,146,139,103,104,140,157,155,155,164,159,155,131,96,63,43,19,14,10
20,52,69,86,135,178,184,179,177,175,176,151,108,103,139,158,159,127,85,52,70,110,131,102,65,71,105,104,54,24,21,37,57,68,67,68,67,69,76,76,71,70,75,75,80,81,78,71,69,71,74,77,77,76,76,77,75,78,84,89,91,91,86,87,91,90,88,84,79,80,81,83,76,77,80,80,74,74,78,79,77,73,67,66,70,74,71,66,66,70,67,56,47,56,78,85,90,94,94,92,92,95,93,95,99,98,84,84,102,115,104,88,95,100,91,90,95,96,93,94,94,94,102,121,121,127,145,148,130,128,153,177,179,177,132,75,53,64,79,79,69,57,55,62,66,68,67,70,73,70,70,76,81,80,76,74,77,84,81,81,79,78,77,78,82,87,87,86,87,87,86,83,82,85,83,84,86,86,82,82,82,73,72,74,72,72,72,72,73,74,76,78,77,76,75,75,77,70,64,66,66,60,60,61,50,26,10,17,45,64,63,66,67,64,80,129,158,130,83,76,104,132,140,124,114,116,145,158,155,144,145,157,168,147,102,64,52,31,15,9
28,60,73,99,146,174,174,181,174,170,165,143,107,110,144,158,160,132,91,57,58,92,130,127,84,59,99,114,74,38,23,25,43,61,67,69,67,69,71,74,77,79,81,76,77,80,79,74,76,78,79,80,81,80,82,85,80,80,83,84,82,90,90,83,81,89,90,86,82,84,87,92,85,84,84,81,74,74,77,78,76,75,70,69,72,76,74,68,65,66,71,61,58,71,81,90,94,98,100,98,97,99,100,99,98,96,88,100,114,114,100,89,91,94,92,92,98,101,100,99,98,99,105,119,122,127,148,174,188,186,190,177,169,179,166,108,61,48,65,64,66,67,61,55,62,67,66,68,68,62,65,80,83,81,82,83,83,83,84,80,80,82,80,75,80,86,89,89,82,84,85,83,81,78,79,81,82,81,79,79,83,81,78,78,78,74,68,69,72,75,75,72,79,77,75,71,68,70,67,67,67,63,62,60,44,22,11,23,48,64,61,59,59,69,105,152,174,143,66,30,76,138,136,112,114,135,153,158,149,138,138,155,165,155,116,74,61,40,16,6
29,63,80,101,137,161,170,184,186,168,156,144,124,128,153,161,171,155,104,56,53,80,104,108,80,57,84,99,78,47,31,24,29,56,72,76,71,67,66,72,76,74,79,79,82,81,78,82,84,81,76,73,74,73,76,78,78,80,83,85,83,85,86,84,83,89,84,87,89,88,87,84,84,86,84,78,79,79,83,85,83,82,77,71,69,69,71,71,69,66,61,57,61,76,94,104,106,105,100,95,100,101,104,101,93,93,103,114,113,105,98,96,92,92,93,92,92,97,104,109,113,115,121,131,137,147,169,187,196,204,196,180,173,178,165,110,62,50,69,76,75,66,56,55,64,71,69,66,65,64,66,74,76,75,76,78,82,85,77,70,70,75,72,79,82,85,85,83,85,83,81,77,75,75,78,80,79,77,74,74,80,83,82,80,79,78,77,75,74,73,72,70,76,76,75,70,66,69,68,67,67,67,63,61,42,20,14,26,52,67,66,51,52,80,134,165,175,168,121,80,89,127,132,118,119,137,153,154,150,149,156,160,158,152,122,80,54,30,17,11
18,57,78,90,128,161,166,170,179,166,156,155,138,134,139,140,149,155,127,82,64,75,90,95,77,59,82,100,87,47,24,26,30,51,68,74,73,74,72,71,70,70,74,81,84,80,79,86,87,81,74,76,84,82,77,78,78,80,85,86,85,89,88,88,88,86,84,89,90,88,89,81,79,80,85,88,88,85,86,85,81,76,74,71,70,68,67,70,70,66,59,61,66,79,96,103,105,103,98,95,95,95,95,90,86,97,117,119,107,101,100,95,87,93,101,97,94,94,98,101,103,108,119,132,141,160,194,210,205,192,191,187,183,164,129,65,25,21,43,73,85,73,55,54,60,67,65,62,61,63,69,75,76,75,71,69,72,78,76,67,67,72,71,71,74,78,79,79,82,80,80,80,78,82,82,81,75,69,65,64,69,74,77,77,77,77,77,78,75,74,77,80,73,72,71,70,69,64,62,59,59,61,64,56,28,11,11,28,64,80,67,47,56,96,145,161,161,163,151,124,112,127,139,139,139,146,152,149,143,147,157,162,162,155,122,78,55,31,18,11
24,59,72,87,130,169,171,173,174,154,146,161,154,131,139,147,139,151,161,129,86,77,85,91,92,78,73,104,108,71,34,21,23,34,55,65,61,65,67,65,63,65,69,75,76,77,80,89,90,85,81,81,80,80,75,75,80,83,82,76,70,70,74,82,87,90,87,85,84,88,92,90,84,82,83,85,88,85,85,81,78,78,73,70,70,68,60,55,58,60,65,66,75,89,100,96,95,89,89,95,90,93,95,105,117,120,121,111,96,88,87,87,88,89,90,96,101,102,104,106,108,118,137,156,173,189,210,217,215,199,192,183,184,161,104,42,13,2,8,30,62,61,51,54,53,55,62,69,69,68,74,77,72,69,69,69,71,74,72,67,68,74,75,68,73,78,82,84,83,81,82,80,74,81,87,82,75,73,71,69,70,74,75,76,79,81,82,80,75,72,72,69,72,71,70,71,73,70,68,66,66,66,59,36,18,10,11,32,59,71,62,53,73,120,172,188,183,164,150,137,127,125,140,143,134,132,150,153,144,136,139,156,160,152,118,76,59,41,24,9
16,51,71,89,131,170,170,170,176,156,151,167,155,136,150,164,133,116,128,115,85,95,103,91,90,91,85,93,99,71,37,18,13,15,36,58,61,64,68,67,65,65,66,72,73,77,80,81,82,79,78,78,76,76,76,76,77,78,77,71,65,63,69,77,79,77,78,79,85,86,77,72,66,66,70,71,75,80,86,84,78,77,80,76,67,63,63,64,67,64,56,60,75,90,90,86,89,89,89,91,95,89,84,92,104,102,92,89,88,86,82,86,94,91,85,99,118,118,113,113,119,136,158,177,185,212,226,204,181,176,181,182,176,142,69,19,10,10,13,18,57,92,93,67,51,52,64,61,58,61,69,69,65,68,72,76,75,71,71,68,71,75,72,65,70,77,82,85,83,83,84,79,72,72,79,70,67,74,79,77,76,76,72,71,71,72,74,76,75,74,72,70,72,73,68,61,61,62,62,66,63,56,45,27,11,12,33,52,75,74,56,45,76,132,182,195,182,160,152,143,122,125,144,149,133,125,147,154,146,138,144,154,164,160,127,84,56,33,20,11
12,47,75,95,131,165,166,169,173,153,152,166,149,131,153,172,122,78,85,87,74,82,94,92,89,79,81,95,102,78,45,20,12,11,19,38,50,66,67,66,66,69,73,74,71,73,77,80,80,75,75,76,74,74,78,78,74,76,79,78,75,74,81,88,85,78,79,83,81,77,75,68,59,62,66,64,66,77,86,85,77,74,77,77,73,69,67,68,69,65,58,72,102,113,94,80,83,83,83,85,91,90,89,91,98,98,92,81,78,84,85,88,88,89,97,113,119,112,114,117,122,130,140,145,165,197,222,212,193,180,177,174,177,153,85,33,11,6,18,39,99,145,148,104,62,51,65,58,55,57,61,61,65,69,73,75,74,71,62,64,73,79,75,70,74,77,78,79,80,79,84,85,82,76,70,67,71,76,78,78,77,75,70,66,64,63,64,69,73,74,69,71,73,78,72,62,62,63,64,69,62,48,36,19,8,8,36,61,81,74,55,50,91,135,138,130,141,155,162,138,113,122,145,150,135,133,141,147,152,151,147,148,158,158,133,95,57,31,18,9
15,50,80,88,127,165,174,170,170,139,139,164,154,119,143,166,133,72,67,94,97,84,76,95,110,88,63,72,94,82,59,25,10,7,15,22,30,56,66,63,59,65,70,74,72,73,66,71,75,70,69,70,72,73,71,75,78,80,81,76,69,64,75,78,73,76,80,84,76,67,69,73,70,72,73,72,71,74,75,77,79,77,71,70,71,68,60,60,64,58,53,82,111,118,96,72,65,58,71,86,98,87,83,83,79,82,76,72,75,83,91,91,95,104,109,105,104,118,149,171,164,144,123,111,113,126,149,157,174,175,162,153,161,157,130,86,53,34,57,100,154,182,180,131,79,47,56,66,67,63,61,63,66,69,70,74,74,66,64,67,75,79,78,68,74,81,83,79,82,78,74,76,83,79,70,69,73,73,70,73,78,74,62,62,64,64,69,72,72,72,70,68,71,75,72,63,59,59,59,73,57,22,11,8,7,15,50,68,70,67,44,55,105,140,143,129,145,158,161,144,120,121,143,137,132,138,139,141,151,150,139,139,156,155,131,96,66,39,21,9
12,42,64,83,124,163,167,158,154,132,134,160,151,124,138,170,147,81,65,111,146,122,75,82,111,108,64,58,81,83,67,36,14,5,8,12,20,31,39,42,50,63,68,75,75,74,65,64,73,79,74,71,74,73,68,69,74,78,78,74,68,71,78,78,71,69,74,73,66,62,64,68,67,72,77,77,70,65,62,65,72,77,71,71,71,68,64,62,66,63,62,91,122,124,89,61,53,53,68,88,88,78,71,71,75,78,81,81,82,85,86,90,108,112,104,103,116,133,140,142,129,102,70,44,38,26,19,23,43,89,125,152,159,156,129,119,111,105,124,156,194,196,179,143,103,65,62,60,58,61,65,66,66,69,65,62,63,63,62,68,76,75,68,64,72,79,81,81,80,76,72,77,83,78,71,71,73,74,76,75,71,61,54,60,66,66,66,67,69,72,73,72,66,62,54,54,60,65,71,59,29,12,17,18,10,29,78,92,79,54,37,60,116,143,145,152,164,164,164,153,127,125,144,144,140,147,144,131,127,135,138,153,160,155,130,95,72,45,26,11
14,44,67,88,132,171,173,163,153,137,136,152,140,112,134,173,159,101,81,114,167,159,99,74,89,107,81,64,71,75,71,60,31,14,11,14,20,20,22,21,27,35,54,63,68,74,69,65,66,74,77,75,76,72,64,62,64,66,70,71,70,68,75,80,79,78,75,74,72,73,75,70,67,69,69,68,63,60,60,66,70,67,66,73,75,71,64,63,62,63,66,85,109,120,97,63,44,39,48,71,93,89,75,69,77,93,94,89,85,84,87,96,90,88,95,108,118,102,62,35,34,39,40,30,18,14,15,8,8,12,35,71,115,132,139,132,122,129,151,170,158,133,132,135,127,107,74,54,55,62,71,72,74,69,60,55,58,61,57,55,57,63,65,78,82,80,72,70,77,84,84,78,76,72,72,77,79,80,81,71,62,60,64,63,59,59,69,70,69,68,67,67,62,64,61,59,59,70,67,38,14,19,28,15,7,42,89,99,69,41,45,94,150,151,139,152,163,149,150,161,149,130,142,148,141,148,152,140,135,143,152,163,164,156,128,89,67,44,25,7
12,43,70,86,128,168,174,166,159,148,145,157,143,122,133,160,160,121,102,118,162,178,140,93,79,95,87,66,66,76,72,60,43,20,16,21,27,17,20,21,25,29,41,44,46,56,55,62,67,65,65,69,73,70,63,61,68,70,71,69,68,65,71,80,84,83,77,77,76,71,62,68,63,62,64,61,64,69,73,72,69,66,65,69,69,67,64,59,55,57,63,76,101,117,100,47,20,14,27,63,90,95,80,69,80,81,83,82,84,88,87,85,84,90,94,87,68,36,17,9,13,30,41,32,22,12,11,9,13,14,13,5,39,78,110,127,134,146,163,166,131,105,110,120,106,86,71,59,56,61,63,57,59,66,64,66,69,69,62,60,61,65,64,68,77,75,68,71,76,76,71,69,70,67,68,72,70,68,75,78,72,68,71,70,65,60,65,67,62,57,61,68,63,66,62,57,57,59,38,18,24,43,36,8,21,77,110,96,56,42,66,121,166,155,149,164,171,141,130,151,146,138,143,151,142,145,161,146,134,139,150,147,157,161,137,96,69,50,34,15
11,41,67,84,115,151,163,159,162,149,148,158,150,132,138,160,151,134,133,145,168,173,154,114,79,81,83,80,79,77,80,65,52,36,20,21,24,19,23,32,35,29,34,37,39,40,42,51,62,61,65,75,77,69,59,61,67,73,76,73,67,64,66,75,81,78,78,80,75,66,62,66,67,71,69,64,65,72,77,72,68,64,64,69,71,72,69,63,52,57,84,122,153,158,119,54,11,7,14,36,76,89,88,81,86,85,88,90,89,87,83,88,91,80,62,36,12,8,8,12,10,15,29,31,14,12,8,8,9,11,13,10,15,31,55,90,112,135,153,158,151,150,162,147,107,81,92,79,57,55,57,54,56,63,61,58,57,60,62,69,75,72,66,66,75,77,71,68,74,72,71,71,72,68,67,68,66,64,68,73,77,75,70,69,68,68,68,67,63,59,62,68,67,57,54,60,64,48,17,18,44,53,28,14,45,94,114,92,51,42,87,146,175,165,163,175,164,136,139,151,136,129,145,155,145,154,165,142,123,139,149,148,153,156,136,98,69,44,27,12
13,40,65,86,116,150,159,155,148,146,150,157,146,127,136,154,144,132,149,161,159,165,168,138,93,72,77,80,78,75,83,75,65,49,27,16,23,41,44,43,38,34,35,38,36,39,43,36,30,30,47,62,66,68,69,70,74,76,77,77,73,68,68,72,75,73,71,75,72,69,68,75,71,71,69,65,64,72,77,72,63,58,53,58,69,74,77,70,45,48,76,113,127,121,101,65,20,11,14,17,42,71,82,77,81,89,88,85,79,76,75,76,67,41,19,11,5,10,12,14,15,11,9,16,14,12,9,8,10,8,9,12,11,2,16,36,57,88,121,138,151,173,188,166,126,104,119,105,75,63,61,61,52,53,49,45,52,66,64,66,70,74,77,73,74,72,71,74,69,65,72,74,67,61,66,72,69,64,65,69,71,73,70,71,73,69,62,63,60,56,58,65,64,62,57,48,40,22,24,48,55,34,12,29,58,87,99,85,53,44,94,153,171,163,160,147,117,108,143,175,144,129,144,153,143,150,163,135,112,135,154,151,150,154,140,105,78,48,18,6
14,34,61,86,116,153,164,160,148,143,145,154,144,127,140,156,145,137,156,162,156,167,182,170,131,89,69,68,68,73,89,90,69,57,45,22,19,51,68,69,60,60,69,60,42,36,43,48,49,53,62,65,63,68,75,76,75,71,73,80,79,76,73,74,77,73,81,80,74,66,66,66,63,67,73,75,71,69,74,69,59,55,57,60,59,58,61,61,54,74,110,139,130,110,96,78,32,9,9,9,13,41,65,70,68,69,73,77,78,77,69,53,39,25,12,8,8,9,8,12,19,18,12,11,14,12,9,8,9,14,10,12,15,11,6,8,19,49,93,97,89,109,156,167,147,138,133,96,69,68,70,67,56,48,50,57,63,69,65,64,63,65,68,71,69,65,65,69,75,73,78,79,71,64,64,70,74,72,68,67,68,71,71,73,76,72,63,60,53,45,42,45,50,49,39,21,9,23,56,73,49,22,39,74,86,93,102,86,55,59,118,182,198,169,113,89,85,111,160,192,170,145,152,152,139,147,163,139,121,140,154,148,144,150,137,101,75,55,30,10
5,28,63,88,118,150,158,153,149,149,152,151,134,126,142,158,146,144,176,175,140,158,185,185,166,123,79,63,66,74,90,88,72,62,64,38,23,30,66,76,68,72,76,85,74,59,55,49,54,63,70,69,62,62,68,69,68,64,67,79,83,74,71,70,73,73,69,72,71,70,75,66,61,61,67,69,64,58,67,71,63,58,59,66,68,67,59,57,70,104,135,165,170,164,157,123,74,25,12,14,11,24,55,71,63,61,68,76,81,80,60,40,25,15,9,12,11,9,9,12,10,6,9,13,14,12,9,8,10,9,12,12,10,8,11,13,18,20,51,69,46,48,102,135,136,134,121,88,64,63,67,55,44,42,43,47,53,59,61,61,63,66,68,69,69,65,63,67,71,74,74,69,68,63,70,77,76,72,68,63,61,64,68,71,72,70,64,69,63,56,55,59,54,41,21,22,33,74,96,68,25,23,44,81,83,84,98,74,41,67,140,194,177,119,62,69,98,139,164,165,151,146,149,143,134,151,162,151,138,148,152,138,139,151,144,105,71,47,31,16
9,25,52,81,113,145,156,143,142,156,163,156,146,134,145,159,151,152,195,202,145,139,175,194,182,157,107,68,59,77,93,96,80,66,74,70,38,24,45,70,65,55,61,72,82,93,104,102,86,69,65,63,66,69,73,75,71,72,74,76,77,74,71,67,67,70,66,63,63,66,67,67,61,60,63,64,66,63,63,65,68,65,54,58,62,55,46,50,61,76,85,115,143,172,182,157,94,36,19,20,31,46,67,72,63,59,64,69,59,41,25,14,13,12,8,10,12,11,9,10,8,8,13,14,12,9,8,10,13,14,11,11,13,9,8,8,13,11,32,74,62,33,47,93,107,92,90,102,101,95,81,62,52,50,48,52,61,67,60,62,62,63,69,68,61,57,61,66,72,73,73,69,64,63,66,72,70,67,70,66,59,64,69,71,65,62,66,64,58,57,57,49,37,28,27,45,77,114,100,60,18,26,67,92,70,67,87,72,41,71,131,150,110,71,53,72,102,146,159,135,108,125,143,140,134,155,161,141,138,147,146,134,138,153,148,114,78,50,27,15
12,19,44,78,106,136,151,140,143,157,164,155,145,141,140,151,151,146,172,177,120,104,135,185,186,172,128,71,52,70,84,86,84,75,71,65,40,19,28,68,82,70,47,39,44,52,87,111,129,114,87,63,58,60,62,62,61,63,64,66,66,67,69,70,67,62,68,76,70,59,59,55,56,63,69,68,67,72,69,64,59,47,39,44,47,43,50,72,78,67,78,113,137,154,154,120,66,36,35,30,16,30,53,66,64,46,44,37,19,5,9,6,11,14,12,9,8,9,11,11,9,9,12,17,14,12,12,16,21,16,13,13,12,8,13,9,14,15,24,67,98,71,35,52,77,72,50,68,94,96,84,69,64,60,55,54,56,63,62,64,63,63,66,69,63,59,63,67,67,66,77,77,67,63,64,68,69,67,68,65,59,59,66,71,64,64,65,58,49,45,36,26,29,54,96,128,145,116,65,27,13,37,94,104,60,52,82,81,57,79,117,124,91,65,52,58,83,145,176,159,125,129,138,132,133,162,165,139,131,144,148,143,148,151,142,117,85,54,30,15
16,11,36,82,112,144,157,146,133,144,153,158,158,145,132,144,154,137,107,100,92,72,80,141,181,182,140,85,50,61,73,80,83,87,84,106,116,65,28,39,77,96,76,52,32,27,44,72,110,134,130,101,69,52,55,62,65,68,68,69,69,73,75,72,59,42,52,60,61,59,63,65,54,48,43,40,53,68,67,61,61,61,47,34,41,56,66,71,59,59,94,124,126,120,106,68,38,34,38,30,12,14,25,34,33,32,21,14,12,13,12,9,9,8,7,8,9,9,8,7,10,10,12,19,17,17,16,15,13,14,12,16,20,19,11,5,9,13,10,29,64,66,30,28,65,103,101,100,105,107,101,88,80,80,73,59,48,49,61,62,61,59,59,69,69,70,68,66,57,57,62,69,68,67,70,73,71,65,64,65,63,58,55,58,61,73,77,66,44,35,30,41,68,96,114,112,104,65,33,14,8,47,116,129,73,49,76,76,64,80,99,94,72,59,45,51,82,150,178,167,137,135,135,123,127,158,170,143,137,152,157,155,159,160,147,117,82,48,27,12
17,9,33,68,103,144,161,150,146,144,147,151,158,154,137,148,163,150,130,135,134,86,51,68,124,166,139,90,41,49,62,71,77,88,94,130,166,146,59,22,53,101,122,98,64,50,41,37,53,87,119,140,135,109,77,66,65,65,67,67,63,64,64,55,52,51,51,53,58,68,75,75,62,55,52,51,54,56,55,58,63,61,50,54,95,136,150,138,109,106,116,110,85,69,51,23,8,13,28,33,18,20,21,27,33,28,17,11,12,13,8,9,10,11,10,8,9,11,7,7,8,11,12,21,23,13,5,6,9,11,11,16,21,23,15,8,14,19,10,9,17,37,31,28,45,93,131,146,155,166,173,172,169,164,145,115,86,67,57,60,63,62,59,62,64,67,64,57,52,56,56,62,70,67,62,63,69,68,64,61,67,70,72,69,64,64,60,49,28,30,51,92,123,113,73,58,54,53,35,17,12,68,147,159,86,50,64,73,67,85,98,86,73,62,38,47,92,156,169,153,127,124,130,129,133,152,160,140,136,149,157,149,154,164,154,115,77,49,28,14
13,8,26,50,90,134,159,153,151,152,141,120,121,140,147,139,140,141,157,189,184,121,67,53,82,128,139,96,46,59,69,62,67,79,86,95,111,122,74,25,21,79,123,129,108,90,71,52,48,55,57,83,131,150,128,117,115,97,70,55,57,56,67,70,71,61,52,59,64,62,59,58,58,54,53,55,54,58,60,57,55,62,84,118,139,143,148,145,138,124,104,89,63,48,31,17,11,12,19,17,14,18,14,16,24,32,20,14,10,7,9,10,10,9,10,10,10,13,11,11,9,13,13,22,19,13,8,8,6,7,9,11,11,10,19,30,24,15,17,18,17,25,27,22,20,51,97,124,138,154,173,186,196,199,190,170,136,100,87,79,63,55,59,46,33,31,41,46,48,50,48,53,62,76,92,92,86,77,83,91,90,81,65,41,21,20,25,31,39,67,92,120,134,125,87,71,60,44,32,21,29,83,141,141,91,77,78,67,58,83,90,68,64,69,41,44,98,156,150,126,121,129,134,143,149,151,147,137,133,143,151,147,149,163,156,119,76,54,34,15
6,7,15,41,81,124,149,147,143,154,145,117,113,133,145,137,133,136,170,204,200,150,104,68,66,92,118,99,45,43,61,69,51,63,87,108,119,112,83,44,19,50,106,132,131,135,124,86,59,68,60,46,83,136,150,131,122,117,97,73,63,62,74,81,77,60,34,33,31,35,38,59,63,54,48,52,54,44,35,32,34,58,86,83,64,59,80,83,67,57,49,44,23,13,10,12,11,13,13,9,14,13,10,8,11,9,13,15,13,11,10,10,9,7,8,10,11,9,9,12,11,14,12,17,21,16,10,9,11,14,13,9,14,23,26,23,14,8,10,12,11,18,30,34,23,19,43,67,79,93,111,127,133,139,153,165,165,160,151,124,65,26,20,25,19,25,39,45,43,43,39,42,54,99,146,157,138,115,117,113,81,51,35,21,14,24,35,56,81,100,90,91,119,127,104,78,50,28,14,22,56,104,135,129,113,100,77,61,59,98,103,68,44,39,17,24,81,156,163,132,120,129,126,139,156,157,143,135,132,140,144,143,143,155,154,125,81,60,41,17
8,6,19,42,82,121,145,147,144,150,159,152,150,153,157,146,136,128,134,150,183,173,122,59,45,71,98,87,51,43,55,73,82,85,118,155,167,129,79,52,35,48,74,95,121,163,170,133,88,88,76,41,31,62,105,117,115,112,104,82,52,54,79,85,76,64,56,47,32,19,13,21,26,34,45,52,44,29,23,33,41,43,39,26,34,58,79,71,47,42,45,33,8,6,11,12,12,11,9,9,9,9,10,10,8,12,16,13,6,6,8,10,10,9,9,12,12,8,7,9,8,12,10,13,19,20,16,15,21,20,22,15,14,23,21,9,10,13,9,11,13,20,32,41,38,32,44,48,29,27,56,99,97,80,80,91,102,103,103,95,76,56,44,33,35,40,32,18,17,29,30,29,32,34,51,69,76,65,48,26,25,39,45,44,57,80,92,104,129,128,93,90,118,123,103,87,68,30,11,15,38,56,64,77,87,86,71,66,67,83,85,68,50,28,12,8,25,104,147,149,128,126,128,141,154,157,146,133,125,133,139,144,141,149,150,128,85,61,44,23
11,10,19,42,82,124,150,151,145,145,154,152,141,152,160,138,120,119,106,91,138,180,167,69,43,55,76,63,61,73,83,75,71,62,83,116,152,127,72,28,20,36,53,77,100,135,145,116,85,101,102,72,41,25,20,21,38,71,102,111,82,62,78,75,53,39,62,66,62,44,33,27,33,46,57,60,56,46,47,56,61,72,92,100,93,85,87,77,68,68,63,32,9,11,9,12,11,10,10,12,13,18,18,15,14,8,13,11,7,6,10,15,11,9,12,14,16,18,12,10,9,11,8,15,25,32,26,16,18,21,38,37,27,16,14,11,7,7,9,11,15,11,16,28,36,39,53,70,60,33,26,74,103,108,106,107,105,83,75,75,71,51,22,17,31,36,34,38,36,48,49,49,53,36,26,29,30,33,28,33,61,83,95,111,138,148,119,114,123,123,104,106,107,94,79,75,64,34,22,27,26,24,22,49,70,74,69,65,67,61,44,30,24,20,17,12,8,40,107,149,133,119,138,152,147,139,140,137,133,127,138,146,145,145,148,137,94,59,52,26
6,7,22,48,76,115,152,163,155,149,151,147,137,144,160,151,135,132,141,135,147,185,198,128,55,26,37,37,53,94,122,116,84,61,53,76,103,119,79,37,15,27,59,89,108,128,138,122,77,89,130,140,104,73,61,40,26,26,30,43,52,40,36,40,48,49,39,40,39,43,48,75,109,117,112,115,115,105,99,111,128,135,152,169,165,156,146,119,99,85,81,44,8,5,9,11,9,9,10,11,8,12,10,10,14,12,12,12,22,32,32,20,11,16,22,16,10,11,14,13,13,17,12,15,33,43,43,34,35,45,54,55,48,29,19,15,12,14,17,21,20,12,11,18,37,55,63,90,112,95,49,42,94,153,167,163,147,115,85,82,68,46,29,33,53,83,92,83,61,40,36,50,57,68,87,87,67,59,72,105,139,164,170,166,172,166,134,112,101,83,64,75,89,78,55,44,37,30,30,35,31,33,42,53,51,34,21,21,35,40,29,17,12,8,11,15,9,32,100,148,126,102,127,154,154,135,135,136,146,140,133,139,140,141,147,142,109,67,55,33
11,8,15,47,73,112,148,152,153,150,151,149,145,148,160,154,130,116,139,156,142,165,201,162,62,21,32,38,35,51,74,89,81,87,85,72,53,49,58,55,33,31,53,91,103,110,128,130,92,66,96,123,120,118,119,114,100,85,64,43,34,32,34,49,58,47,43,38,42,70,97,129,143,133,132,150,169,162,146,141,144,144,158,160,175,205,212,165,88,57,64,42,16,11,11,10,9,10,11,13,10,12,10,11,15,11,15,26,55,77,73,54,40,34,26,15,12,14,14,15,16,20,13,12,23,51,75,75,73,72,84,86,72,45,24,18,14,18,21,27,28,29,31,36,62,89,80,84,109,124,84,27,48,116,159,168,158,138,101,91,117,148,141,123,123,143,150,135,89,51,37,30,17,26,50,69,76,90,106,126,139,159,167,149,134,125,105,93,84,68,48,46,60,56,41,37,33,25,23,24,20,28,33,41,36,24,20,21,20,16,16,16,16,22,22,10,5,19,76,130,124,104,118,150,160,146,129,126,142,146,141,140,141,139,148,149,114,66,51,34
8,5,16,46,69,109,149,155,140,147,149,146,142,146,154,154,134,114,128,144,126,141,169,121,31,15,22,38,34,19,11,22,46,64,70,57,26,11,14,22,23,25,47,85,95,102,134,151,117,59,76,117,118,109,133,149,146,123,85,41,20,25,33,33,31,37,49,67,95,127,148,148,146,143,144,148,149,140,132,131,131,134,147,141,141,169,172,121,52,41,49,32,12,10,13,11,11,12,14,17,11,16,14,9,8,15,18,28,50,67,63,47,45,49,47,35,21,17,19,20,21,27,29,39,66,93,118,123,124,135,150,133,89,48,29,20,14,17,20,19,25,34,38,41,57,86,95,95,115,141,119,59,36,81,139,150,145,134,121,116,153,187,178,144,140,150,156,143,126,100,88,69,45,23,19,28,38,50,61,72,82,90,92,89,100,113,103,87,84,80,62,55,61,60,61,66,54,37,37,46,34,22,22,27,22,23,30,32,29,22,21,28,32,34,28,12,8,16,56,112,138,138,125,131,147,143,130,132,142,140,137,148,144,136,143,147,115,71,57,41
12,8,18,47,61,105,155,162,145,144,155,142,139,144,153,154,141,123,136,147,132,121,122,75,22,9,20,21,27,24,15,10,21,23,32,39,45,35,24,23,21,31,42,70,73,70,91,128,117,77,78,96,89,84,117,135,119,88,45,18,12,23,37,45,47,57,73,95,124,138,142,138,131,130,121,107,93,87,101,126,138,139,142,130,125,138,118,57,22,45,61,53,34,34,26,18,18,13,12,19,16,15,9,14,21,26,23,32,80,130,131,81,39,43,61,59,45,23,16,20,25,34,32,31,49,81,107,110,118,134,145,128,91,57,56,56,33,29,49,56,41,26,29,29,57,105,136,120,102,137,172,125,72,86,148,165,138,147,154,147,129,143,140,120,110,110,96,92,101,120,130,134,104,67,33,17,6,2,4,16,29,37,43,58,72,89,82,60,63,64,57,44,48,56,57,48,50,34,35,36,38,39,30,27,23,28,38,40,37,35,44,56,63,56,42,19,15,11,47,107,144,141,132,126,138,136,128,135,146,134,126,135,144,136,144,154,133,86,60,42
9,9,28,51,66,108,155,159,142,150,155,135,131,146,150,152,143,124,128,145,135,114,107,66,22,16,21,24,28,25,19,20,21,17,11,16,24,30,31,33,29,29,31,54,71,66,68,96,108,70,58,71,89,107,120,121,109,86,47,18,13,15,17,20,39,68,93,115,124,117,115,121,116,104,103,112,123,126,115,114,126,131,122,105,116,147,145,110,82,77,71,61,46,39,30,17,13,11,20,36,25,19,21,27,34,39,49,88,178,242,204,106,53,56,65,58,49,41,26,19,15,25,38,43,57,74,87,81,72,66,73,90,112,106,87,72,46,36,45,62,54,43,56,75,101,147,187,150,87,98,149,158,125,131,177,175,139,141,158,146,106,89,81,82,79,78,91,113,130,149,149,141,121,96,76,80,77,72,67,64,61,48,38,44,51,58,52,41,35,35,40,35,42,45,42,39,43,46,48,39,35,40,55,48,30,30,44,48,49,51,62,73,69,60,60,38,19,12,45,99,131,131,124,127,145,140,128,135,144,138,138,143,145,134,145,160,149,99,64,43
8,12,37,55,75,119,157,154,142,154,154,135,141,150,150,152,148,131,120,133,143,130,124,93,37,6,24,37,35,24,16,18,14,21,23,25,32,42,49,54,62,61,48,61,83,92,98,106,100,67,62,89,122,135,128,122,120,93,40,4,8,14,11,11,27,52,75,89,100,108,121,126,115,102,94,94,117,150,153,129,112,112,115,115,129,157,186,200,172,109,64,60,60,46,29,29,30,36,40,41,42,43,50,50,63,95,135,179,209,196,143,81,78,75,58,60,69,78,63,52,37,32,40,57,62,63,56,47,47,53,65,83,107,107,104,93,75,46,24,12,16,36,82,125,139,157,194,183,117,64,64,113,154,173,185,159,123,115,120,115,95,83,83,98,121,133,145,153,157,128,106,105,110,90,80,104,129,141,126,111,96,78,65,62,62,54,42,37,36,36,33,28,28,33,32,28,30,41,55,58,47,43,44,44,31,20,21,29,46,57,69,81,78,69,65,37,11,8,43,93,126,134,134,134,144,147,139,134,131,130,142,158,153,134,140,153,147,108,67,45
12,18,41,61,88,135,165,153,148,152,144,125,142,154,152,154,155,139,126,142,163,148,130,90,37,12,23,44,55,56,41,28,42,45,43,45,51,86,98,100,97,80,69,54,56,64,79,79,82,71,61,72,99,115,110,104,101,87,57,41,58,80,82,85,89,94,88,78,75,92,108,114,109,122,118,94,82,105,149,170,162,138,113,114,135,156,181,197,166,86,49,62,90,86,73,73,68,65,62,55,41,41,40,42,77,138,180,186,184,166,155,145,126,87,52,46,49,52,50,47,39,33,25,33,54,57,54,69,108,146,169,160,137,128,114,110,106,75,43,19,23,44,73,102,121,140,167,170,126,67,47,92,140,157,162,148,128,103,107,114,134,150,159,173,175,162,157,152,121,88,74,78,84,86,76,73,72,84,98,105,92,71,63,64,73,67,57,65,99,121,103,80,75,52,27,38,64,79,67,57,49,45,43,33,30,27,21,21,26,36,54,72,80,79,72,44,13,10,44,89,120,133,139,127,128,140,147,146,139,126,131,150,149,131,136,146,150,119,74,45
9,23,52,60,90,143,166,154,154,159,140,126,133,156,157,149,149,146,142,148,167,167,149,90,35,16,16,34,64,80,70,47,52,74,79,67,67,74,86,89,74,60,63,59,46,38,38,29,33,38,29,28,49,74,77,69,71,74,73,73,84,96,112,131,134,128,121,103,85,79,76,80,84,118,157,166,154,150,169,183,179,143,107,121,156,173,160,145,112,58,36,49,74,77,77,72,58,53,74,78,54,31,28,47,83,135,159,158,171,202,241,255,229,172,98,53,39,43,48,70,91,96,91,103,121,125,118,117,134,155,164,178,195,198,178,139,119,113,92,69,76,94,93,90,105,112,125,123,94,44,45,102,148,149,158,173,165,133,117,132,160,183,191,178,171,164,158,135,99,74,76,77,72,75,79,76,72,71,74,85,92,82,73,76,94,110,101,89,114,149,155,138,130,120,87,68,75,107,119,115,87,52,33,31,40,39,27,18,21,25,33,48,59,65,66,42,16,14,47,90,116,139,141,113,97,120,143,142,135,130,133,152,157,143,138,150,154,125,78,47
12,33,50,67,108,150,156,141,146,155,145,139,146,147,147,138,136,139,133,124,136,160,161,105,36,6,10,29,61,82,84,73,71,77,96,100,84,70,75,85,71,46,29,24,24,27,27,21,14,30,42,49,61,68,68,68,68,67,64,60,57,63,82,103,101,88,78,83,87,84,79,76,74,94,132,152,153,158,169,159,137,109,102,135,163,167,149,138,133,91,57,46,56,63,63,53,38,37,68,97,88,55,52,79,106,115,129,144,160,168,154,138,139,152,144,116,96,102,113,122,136,132,98,75,80,85,91,81,59,37,27,42,80,132,154,140,122,124,127,112,101,101,85,75,84,91,104,103,71,37,58,103,129,123,132,155,171,142,115,114,143,166,152,134,137,141,119,86,65,68,73,69,70,66,67,65,67,71,71,70,67,59,58,62,70,82,88,80,71,100,139,134,105,115,128,106,59,57,97,132,108,61,37,53,78,72,45,26,30,31,25,26,25,29,46,38,16,12,49,100,129,142,140,115,101,123,138,137,134,134,137,146,153,149,143,145,153,134,91,53
23,37,44,69,120,158,155,148,149,153,143,135,138,139,140,143,132,128,123,114,108,127,142,108,43,10,16,40,66,84,93,96,86,73,71,79,80,62,59,62,53,36,30,28,30,38,46,50,62,83,103,110,110,101,87,76,75,72,72,77,75,74,72,70,67,65,72,73,70,68,69,66,80,100,134,158,156,150,138,99,64,73,121,165,169,173,188,189,170,114,72,68,88,104,107,111,94,75,61,66,85,94,108,123,133,133,144,148,104,51,19,7,14,28,79,112,126,127,117,99,69,31,14,14,11,8,14,20,13,12,12,15,16,17,53,97,112,115,115,98,68,56,71,98,112,111,114,105,79,70,103,133,138,126,142,162,175,142,88,83,124,168,166,138,125,120,98,75,74,75,75,69,73,75,73,68,66,67,69,77,76,61,50,56,55,51,68,83,68,68,93,110,91,89,127,149,123,93,90,97,95,92,101,100,94,68,42,34,42,46,36,31,26,17,30,43,37,28,59,108,134,137,139,139,137,140,139,137,136,138,139,143,144,146,144,140,146,133,94,57
26,39,56,88,136,156,146,139,148,152,146,139,139,144,153,140,127,136,144,138,123,129,136,114,59,19,18,33,63,83,88,86,78,63,45,39,45,57,52,46,38,31,41,61,66,73,91,123,136,117,97,79,76,83,85,71,66,72,82,85,76,77,81,84,80,73,67,70,65,61,62,88,107,119,146,170,165,152,128,79,38,56,120,166,177,185,187,162,132,112,98,101,117,122,114,105,99,92,62,44,47,87,129,144,129,109,92,63,25,15,19,17,9,12,23,52,69,64,51,24,11,11,18,15,11,7,5,8,11,11,13,10,14,3,37,80,96,106,118,110,68,39,63,103,115,114,122,116,92,79,105,138,147,137,156,175,179,149,107,87,109,156,172,149,124,110,98,86,73,77,79,70,65,63,67,72,79,87,97,104,100,90,82,83,84,78,74,75,75,72,76,92,96,81,80,113,145,141,117,99,93,101,101,89,71,57,52,44,36,39,38,35,32,26,28,39,36,29,59,118,150,145,139,143,143,137,141,137,136,142,138,129,128,135,141,137,147,135,97,63
24,37,57,98,143,154,146,144,149,144,139,134,132,140,144,128,121,134,139,134,131,136,136,117,74,32,23,33,53,66,73,72,54,43,46,50,54,57,56,40,37,55,83,94,84,101,137,146,127,103,88,68,55,62,83,87,83,93,102,100,98,103,115,112,87,66,59,62,55,55,64,97,132,150,155,150,153,136,113,74,44,68,123,152,154,159,150,128,126,150,147,123,115,118,101,72,61,72,66,41,38,81,132,143,114,78,53,27,4,13,13,9,13,12,10,9,6,6,8,10,14,14,9,7,9,9,9,10,11,11,13,14,12,8,31,67,75,80,98,107,81,59,72,85,82,93,114,121,116,132,167,187,169,156,149,138,133,134,138,134,125,128,137,154,156,145,124,100,87,83,81,80,77,72,67,64,64,66,72,73,78,94,113,124,122,104,92,86,89,92,90,86,84,80,73,94,131,150,143,129,105,90,99,108,101,89,83,65,43,36,37,36,37,35,35,40,42,41,66,123,155,147,137,145,146,137,133,132,132,142,139,135,137,145,144,136,146,138,99,61
27,41,61,105,143,145,138,145,148,135,131,134,136,141,141,123,116,135,137,121,125,142,145,121,72,30,23,43,59,71,77,68,41,30,39,44,40,30,36,45,67,86,106,122,122,124,120,99,78,87,94,83,58,42,50,64,68,74,77,75,76,96,99,82,69,81,87,77,55,58,80,104,125,128,139,150,144,144,133,108,86,101,137,147,138,149,166,166,158,160,154,111,82,94,101,81,63,77,96,80,56,85,130,127,88,65,42,22,11,17,11,8,9,10,7,11,18,18,11,9,11,10,6,7,9,9,8,9,10,10,13,14,13,11,23,54,67,72,83,82,69,65,75,71,70,87,87,81,101,159,194,182,165,159,160,152,135,126,140,167,152,133,161,189,194,169,149,143,135,136,143,147,143,139,122,95,70,58,57,55,62,84,104,122,133,127,125,123,110,89,75,69,68,73,95,120,131,149,171,166,119,83,83,97,93,88,91,86,72,62,54,47,47,50,46,47,60,68,85,128,158,142,113,122,141,136,134,136,136,137,143,144,141,141,139,134,144,137,102,62
35,51,72,119,149,141,133,147,146,131,130,135,135,139,147,136,132,150,153,134,122,132,141,131,86,31,18,30,45,50,55,56,54,43,42,37,36,47,67,93,105,105,118,144,149,130,89,68,59,66,77,88,76,61,59,59,58,53,57,68,73,72,84,84,78,83,109,116,113,119,140,161,135,100,112,140,163,179,182,165,149,151,160,149,138,141,153,151,138,139,147,126,88,71,83,78,66,78,108,103,74,79,100,93,76,76,61,26,8,12,12,10,9,10,13,13,9,8,11,10,10,9,7,11,12,10,9,9,9,10,11,12,9,7,15,54,85,98,103,93,70,71,78,65,55,60,61,64,98,143,136,106,129,153,148,140,140,142,153,180,169,138,141,169,151,119,130,155,167,166,174,170,155,137,122,98,77,64,62,60,55,61,67,71,79,85,83,78,78,79,79,81,84,89,104,121,129,143,165,162,123,97,86,85,86,84,83,84,84,71,54,47,56,57,49,54,65,70,74,101,134,121,104,128,151,146,134,143,141,125,130,147,145,144,142,140,143,139,108,66
31,49,78,131,154,142,134,149,144,126,124,131,132,134,148,151,145,150,151,152,134,123,129,137,108,45,22,40,47,37,34,35,41,43,36,29,49,70,88,86,95,110,133,142,133,117,110,92,63,48,47,52,58,77,108,118,108,89,81,86,80,64,64,59,58,60,78,109,135,141,148,131,109,105,119,127,135,142,141,133,132,142,142,133,150,175,187,188,169,148,148,138,103,63,65,78,82,98,130,126,90,75,90,88,90,100,88,41,7,10,15,10,10,14,17,14,12,12,10,10,11,11,11,10,4,11,13,10,11,12,14,14,9,5,16,59,91,106,99,82,70,85,96,89,63,63,85,101,137,159,139,93,103,134,143,137,138,138,154,175,179,156,143,165,149,131,148,162,156,133,118,100,85,79,77,67,62,66,69,61,57,63,67,62,54,46,41,46,68,87,86,84,74,67,68,79,108,143,165,157,137,124,112,85,77,74,63,64,63,52,49,52,57,54,44,51,59,54,55,78,113,128,138,147,152,140,126,141,145,128,126,134,139,145,141,133,137,139,115,70
33,56,93,132,150,139,134,146,139,127,140,150,139,133,147,149,140,142,149,154,145,135,136,139,100,35,20,33,42,41,42,40,38,36,42,48,66,86,88,90,112,124,129,110,97,91,87,82,66,60,63,67,69,71,73,77,82,77,73,69,65,66,70,72,69,68,74,78,101,114,104,88,101,135,158,151,150,159,164,158,149,145,136,142,155,159,155,156,159,148,135,133,106,63,58,86,105,125,144,133,87,72,85,92,98,106,88,39,6,9,10,11,11,12,12,12,10,13,12,7,11,16,15,9,10,10,7,5,7,8,10,14,13,10,35,82,101,98,90,78,72,84,98,97,72,63,73,76,87,108,131,133,121,119,148,159,145,127,134,163,171,161,166,177,187,171,137,110,92,75,67,64,61,60,63,65,67,70,66,59,62,71,73,66,60,62,70,74,68,68,75,79,79,77,74,67,73,95,100,99,114,124,103,61,48,53,55,58,58,50,48,51,51,48,49,51,56,64,74,95,126,137,142,149,155,138,129,136,146,141,139,136,137,141,143,138,143,139,113,70
37,62,101,141,148,139,140,147,140,131,152,158,138,134,148,149,136,137,146,152,151,148,142,129,84,30,22,39,42,37,43,45,42,45,63,76,88,93,116,139,142,121,94,95,103,98,82,64,55,63,79,87,86,78,65,65,71,74,74,72,74,77,77,70,65,66,65,81,111,134,141,147,145,132,131,144,156,175,207,218,190,160,156,158,142,134,148,158,155,128,114,110,87,50,45,72,81,71,79,83,71,68,83,92,86,97,90,50,14,8,7,11,12,10,9,9,9,13,12,10,8,7,9,12,12,10,9,12,15,6,8,7,8,3,54,100,114,104,93,87,73,62,60,63,61,57,64,73,83,111,166,203,171,144,150,146,131,136,160,183,211,219,190,171,162,138,96,70,61,65,68,69,66,67,67,68,68,66,65,70,78,77,75,74,72,69,68,66,57,62,77,80,86,99,112,125,132,119,100,104,145,167,124,67,47,46,56,61,54,42,39,45,58,56,46,58,82,106,121,121,135,138,141,145,151,135,127,137,154,146,139,138,136,139,141,140,145,140,113,71
41,67,108,145,145,137,141,145,136,131,148,152,137,135,150,151,137,138,146,145,147,149,139,112,69,38,30,36,44,50,59,52,53,62,72,64,64,85,115,138,130,99,92,101,107,100,89,84,76,72,71,67,68,69,73,78,78,72,69,71,73,75,82,83,73,62,69,90,119,134,136,131,118,101,112,138,136,123,156,188,167,134,122,124,142,180,219,214,181,167,154,124,87,58,53,68,84,64,55,56,56,58,80,101,99,99,89,50,16,9,9,11,11,11,12,9,9,12,11,9,11,12,13,14,11,9,12,13,8,7,7,9,13,14,35,75,100,106,96,91,78,58,52,59,70,65,55,73,96,115,153,197,205,192,162,137,135,164,186,178,178,206,203,148,109,90,73,58,63,67,71,72,72,67,65,69,68,67,66,63,73,73,68,64,60,57,57,59,60,66,74,76,80,110,140,159,155,150,142,152,165,151,107,62,53,51,63,63,49,35,39,50,53,44,35,52,78,95,88,76,98,133,146,147,147,141,135,142,144,133,139,137,136,138,136,132,136,143,119,69
39,75,122,146,138,130,142,147,133,130,141,148,142,132,141,150,147,141,143,127,120,143,145,97,62,49,41,38,61,74,63,56,62,81,78,62,60,96,133,136,121,109,118,121,109,92,88,96,93,80,86,90,87,84,82,72,66,65,64,67,71,82,89,94,87,74,65,67,81,98,103,97,90,86,98,113,105,102,106,130,152,160,160,118,107,138,179,171,158,173,169,121,87,82,80,77,75,83,83,69,61,57,78,106,110,109,104,69,16,8,11,7,12,10,12,9,8,8,7,9,10,12,13,13,11,11,10,8,7,9,11,8,13,19,50,84,104,119,109,85,63,58,59,84,93,87,63,66,89,115,134,173,185,191,181,160,125,135,180,184,147,138,152,137,95,62,59,58,57,61,61,64,70,72,72,69,65,63,67,69,66,68,66,61,58,60,64,66,60,58,66,70,83,101,137,146,130,107,112,133,121,81,60,47,54,57,63,61,46,41,45,47,43,39,44,48,47,54,64,69,108,137,144,143,147,148,138,139,139,136,131,135,130,139,142,134,131,132,109,65
45,77,119,145,138,133,145,147,134,130,137,145,142,134,137,146,144,135,132,119,116,144,158,110,70,63,54,51,70,79,65,55,72,88,105,102,89,99,118,108,92,91,122,147,140,120,108,99,84,83,90,92,91,89,87,83,73,75,74,70,76,78,80,74,69,74,85,72,57,62,77,84,81,88,98,101,109,116,109,119,149,181,168,102,79,100,135,155,170,171,144,103,79,79,83,77,88,100,103,101,75,51,48,78,98,111,127,119,61,14,6,7,11,9,11,13,12,11,11,14,13,9,9,11,8,8,8,8,7,6,11,13,9,14,58,104,114,115,107,92,66,65,78,99,102,99,76,67,82,130,153,150,138,153,182,192,145,108,134,183,175,124,84,92,86,72,55,51,53,65,79,76,66,66,70,70,63,58,59,62,59,57,59,66,66,56,55,61,65,63,65,81,79,77,88,101,99,110,134,137,101,70,53,55,55,52,52,45,44,51,54,48,38,44,51,47,44,48,71,102,130,140,142,144,151,142,135,141,146,145,143,131,130,142,152,151,140,133,103,62
49,75,117,149,138,135,146,142,131,129,137,150,156,144,135,141,138,131,127,107,96,125,156,134,94,86,97,91,89,89,87,78,78,90,116,121,107,95,91,63,43,58,104,129,130,125,109,87,71,68,68,71,73,72,68,70,70,69,66,60,58,61,60,60,65,74,77,82,79,71,68,60,57,70,95,110,132,152,157,153,156,164,155,125,118,131,142,153,167,159,126,89,64,58,57,80,101,114,106,102,93,80,70,79,91,99,113,116,75,21,11,12,9,10,11,13,10,10,12,14,13,9,8,9,8,9,10,9,8,9,11,12,4,18,69,101,100,103,104,93,67,70,93,110,100,81,65,64,80,136,162,145,110,112,126,154,166,156,146,167,171,128,71,53,60,54,51,63,80,80,84,82,76,73,73,71,67,66,69,65,57,54,59,64,60,52,57,62,68,61,53,59,92,96,82,89,122,161,158,129,85,65,60,55,50,53,53,50,49,56,52,42,43,55,49,40,54,94,111,105,126,148,149,149,151,138,128,139,146,145,140,128,132,140,147,146,148,137,98,53
47,78,128,153,141,137,144,136,124,121,124,138,147,140,132,148,156,150,147,143,116,115,132,106,75,93,113,110,85,80,98,96,78,85,98,100,87,112,124,116,100,120,131,130,125,132,114,95,84,71,61,64,65,67,65,70,74,66,67,72,64,59,55,65,75,66,61,62,69,72,65,69,66,65,76,91,83,101,143,161,149,131,141,158,150,139,131,129,144,156,144,108,75,57,47,61,95,116,104,96,99,100,91,85,90,89,101,105,78,31,23,18,8,13,12,9,6,5,8,9,11,11,10,9,13,13,13,10,8,9,6,12,16,47,87,109,104,100,92,76,57,68,99,112,96,73,59,59,74,124,153,152,110,89,90,100,127,154,169,169,160,118,65,52,54,49,55,73,83,88,83,78,79,82,70,64,67,70,67,61,55,59,60,61,66,67,61,63,68,62,52,48,53,84,104,122,156,152,114,76,60,56,63,56,58,66,54,50,45,50,42,32,41,60,44,39,80,143,156,125,127,153,161,155,148,136,131,142,150,144,136,129,134,136,131,126,133,132,96,50
48,81,121,145,136,132,142,137,125,123,127,135,139,135,136,147,151,148,155,163,150,132,120,95,67,60,73,77,64,68,82,78,60,70,93,100,102,129,148,137,128,130,131,128,133,137,124,114,103,95,79,64,58,58,69,76,71,63,62,65,62,64,68,68,65,64,69,71,70,63,56,66,68,66,81,86,78,99,144,157,128,115,141,161,151,149,136,113,121,151,152,110,76,65,60,73,96,110,100,95,95,92,87,85,83,86,95,97,80,39,21,9,9,11,10,8,6,6,7,8,8,9,9,7,11,9,8,8,8,10,14,15,8,34,77,98,100,91,83,76,71,64,69,80,81,69,54,57,75,116,147,133,87,62,73,109,127,121,130,158,182,156,113,96,93,91,88,85,87,87,86,74,73,73,70,67,65,63,58,57,63,67,64,59,58,59,58,59,64,71,55,40,32,38,72,117,141,118,80,66,56,53,57,69,68,63,49,45,45,46,42,42,53,56,41,67,112,147,135,113,124,144,152,157,148,134,130,141,149,145,138,132,139,141,135,131,134,125,94,50
43,76,118,137,133,130,139,135,125,126,134,140,140,140,134,137,143,148,149,143,137,137,136,117,91,76,69,61,54,53,57,59,55,45,58,79,97,96,104,110,113,98,87,95,112,129,121,102,83,81,76,66,60,59,64,63,55,58,58,52,53,65,68,66,61,60,55,57,60,62,64,63,63,64,75,88,118,165,190,182,161,174,192,162,125,117,100,75,93,135,137,93,70,75,74,64,67,69,70,70,77,81,87,87,82,83,89,89,68,32,11,11,8,10,10,7,8,10,11,12,11,9,10,13,11,10,8,8,8,6,11,14,11,26,46,71,76,77,74,79,81,58,48,61,76,74,53,48,60,105,146,136,84,53,51,78,97,114,139,155,169,189,210,184,123,74,64,61,76,82,82,70,74,81,82,79,72,65,59,57,60,61,61,55,50,55,62,66,69,86,88,61,45,37,59,92,114,122,106,87,67,58,70,80,66,45,37,46,53,41,40,54,57,44,48,108,153,152,130,122,123,116,131,146,144,132,128,145,148,138,137,142,145,136,134,142,144,122,95,54
48,78,116,136,133,128,139,144,128,125,135,144,143,140,136,137,143,146,143,146,143,130,120,112,111,112,101,83,71,63,64,62,63,47,43,58,85,97,109,122,129,117,116,110,116,126,117,94,77,87,95,85,70,62,60,56,59,65,63,56,52,59,58,53,54,61,64,59,56,61,68,70,67,66,64,73,97,144,168,178,177,170,143,98,76,69,65,66,102,141,136,94,67,67,67,56,54,64,76,77,71,82,99,101,90,91,96,88,52,19,16,12,11,10,8,7,9,11,11,10,10,10,12,13,12,11,9,9,9,17,12,7,6,9,37,66,77,81,79,89,75,49,50,73,85,78,63,54,60,98,144,145,85,39,48,77,77,99,155,199,190,164,160,143,94,65,78,91,73,69,72,73,80,81,80,74,63,58,56,56,60,61,58,53,53,66,80,76,81,120,155,126,69,56,71,86,100,112,117,103,96,95,83,71,55,39,43,56,53,36,42,60,56,45,69,112,130,122,128,146,144,133,135,137,136,136,138,144,143,138,138,142,138,131,131,136,133,108,77,42
59,86,119,140,135,123,131,139,127,119,128,141,143,143,140,137,139,142,138,135,138,134,124,118,122,126,110,83,63,53,52,50,56,52,47,48,64,86,98,109,136,148,129,93,100,142,160,125,78,70,79,78,69,62,61,61,61,63,66,67,60,60,62,62,58,55,68,69,70,70,72,67,65,63,57,63,100,137,146,149,147,130,88,59,56,57,66,78,108,128,121,91,62,57,64,71,71,83,90,85,82,82,92,101,101,99,97,79,43,20,17,8,8,6,3,6,8,7,6,7,9,11,11,9,8,7,6,7,8,9,10,10,10,4,28,61,81,88,86,81,55,39,63,93,88,73,73,70,62,77,117,129,82,41,36,61,67,83,123,177,195,168,130,96,90,93,94,94,79,72,75,73,70,72,72,67,62,63,61,60,62,63,61,56,57,63,71,75,99,139,171,163,126,114,111,104,101,97,101,116,119,96,73,61,58,47,50,55,41,28,48,72,76,83,105,104,78,68,93,132,149,150,148,141,134,130,142,138,136,137,138,139,137,137,142,144,137,111,70,34
51,75,105,133,136,124,128,138,132,121,125,139,146,144,144,138,136,138,142,142,143,140,128,128,141,145,118,93,66,46,44,58,55,49,40,43,52,68,79,90,126,154,139,88,81,130,170,147,95,64,53,49,49,54,60,56,53,56,64,68,64,57,53,49,46,45,56,59,62,68,77,67,62,60,55,51,82,130,136,144,155,155,111,58,54,62,68,75,99,125,127,93,58,58,67,71,75,87,92,83,85,82,74,67,65,70,63,39,16,12,14,11,9,10,11,11,10,10,8,9,10,10,10,9,10,8,10,14,14,13,12,10,10,9,8,30,49,54,51,41,34,52,80,90,79,66,71,67,57,59,103,127,97,47,28,38,51,70,92,121,152,157,135,109,92,79,59,63,79,82,76,75,69,70,68,67,68,70,64,55,56,53,54,58,62,60,71,96,115,116,127,161,177,149,118,104,86,52,54,86,102,85,63,58,54,46,49,49,33,34,61,85,79,73,84,92,93,107,128,143,150,144,143,136,130,131,143,141,136,135,138,141,139,136,137,142,132,102,61,31
49,72,103,134,137,128,134,144,140,124,125,137,143,145,147,141,136,137,147,145,142,132,122,131,150,161,147,125,84,45,35,49,55,51,43,42,48,59,70,72,98,136,150,115,79,92,131,144,117,79,55,42,48,67,78,67,61,57,55,60,69,68,60,50,50,56,63,61,60,62,63,62,61,65,60,50,46,74,107,137,142,122,76,50,58,72,70,72,103,122,102,71,60,66,65,66,91,118,119,88,69,78,77,56,34,25,22,14,13,19,12,10,10,13,14,12,12,11,9,9,10,8,10,11,11,10,13,17,16,6,6,6,5,4,13,14,19,22,20,31,61,78,82,83,87,77,66,64,59,62,108,150,116,54,31,47,64,68,76,101,142,161,136,104,76,58,49,64,80,75,67,71,71,65,57,63,64,57,50,52,64,63,54,62,72,66,77,103,126,128,137,172,162,121,85,58,24,4,22,57,70,55,57,54,44,42,46,35,31,55,74,71,54,46,48,65,105,139,146,137,135,136,138,138,136,139,146,144,137,133,135,136,135,133,137,144,130,88,47,24
44,68,101,135,138,127,132,142,136,125,127,135,137,141,139,135,133,136,141,139,139,136,130,126,125,138,148,141,102,60,39,40,45,51,53,49,48,55,62,61,63,87,107,92,64,79,120,131,101,52,38,47,76,104,93,74,66,65,60,58,63,64,61,60,62,67,67,62,61,62,61,65,64,56,50,53,76,110,140,143,119,86,55,47,49,54,53,68,108,108,73,59,74,73,65,75,116,140,138,111,80,71,80,76,48,18,4,6,12,11,10,12,12,11,9,10,13,14,14,14,11,8,8,10,7,7,12,15,11,11,11,11,11,11,9,11,8,16,32,62,87,79,84,111,127,102,68,68,65,57,84,140,141,76,37,46,67,64,70,94,139,173,172,116,69,55,65,81,88,81,70,71,70,62,61,65,63,55,55,58,58,61,66,63,62,64,87,118,144,162,163,145,112,93,66,29,8,12,51,70,59,47,53,53,49,48,38,30,43,67,61,43,44,56,54,68,106,143,147,139,136,139,142,142,140,143,143,143,138,136,140,136,134,133,139,147,124,79,42,23
44,73,105,129,134,123,125,132,133,131,128,132,138,135,136,138,136,132,136,145,152,148,136,126,124,135,145,142,112,80,54,38,36,41,48,49,47,43,49,53,48,60,76,55,19,40,89,115,96,49,45,75,122,139,99,65,59,65,70,58,53,57,53,54,57,59,55,58,63,68,68,73,68,50,42,52,89,136,141,110,75,68,64,52,46,50,45,76,113,112,79,67,74,72,76,112,146,156,148,146,115,87,79,87,84,48,8,5,12,6,11,13,13,13,11,10,12,14,15,13,11,10,9,9,12,8,9,12,12,7,10,13,11,6,10,9,7,27,55,78,84,89,113,142,150,117,73,67,70,47,39,89,121,99,49,37,56,62,63,64,82,116,162,140,90,50,60,69,74,70,68,63,57,56,52,53,50,46,54,55,53,63,67,52,56,98,135,156,171,183,158,121,102,79,32,8,11,33,66,67,55,51,55,57,54,40,27,34,59,63,44,33,41,50,52,72,104,131,141,141,138,140,143,142,140,143,143,140,136,137,140,141,133,133,142,137,111,69,36,22
41,69,92,122,136,129,126,129,137,131,125,127,133,131,138,145,141,133,134,147,157,152,142,130,136,161,169,142,106,74,57,55,48,38,38,51,59,52,51,57,53,52,63,66,31,8,21,66,100,88,88,111,131,135,119,92,77,64,59,58,60,62,58,56,58,57,47,53,60,65,68,70,69,57,51,56,77,98,86,62,45,48,52,59,54,49,39,63,99,105,77,59,64,70,89,123,151,163,167,171,158,125,94,84,84,77,36,14,11,12,9,8,9,11,12,10,8,8,11,10,10,12,11,7,7,7,10,11,7,10,7,6,8,11,11,14,31,67,94,105,102,106,130,153,160,143,96,72,74,66,50,70,113,114,68,39,47,60,63,61,56,70,120,150,126,80,59,57,60,58,61,63,62,56,53,54,53,51,57,58,60,62,49,45,86,156,169,144,145,174,170,129,93,50,10,6,12,30,63,67,58,54,59,59,44,31,30,44,60,42,30,38,52,57,49,69,101,130,138,133,134,143,145,144,141,142,138,138,138,139,140,135,132,138,146,134,104,54,25,21
30,56,79,119,138,132,122,121,127,125,121,125,131,133,143,151,147,140,139,138,139,141,139,111,96,114,127,108,71,44,42,55,73,58,44,44,53,50,47,51,52,39,46,67,51,13,7,33,79,99,118,134,128,125,138,126,94,69,62,61,54,56,54,55,57,53,55,60,61,60,62,66,63,61,71,85,92,91,95,86,61,47,41,51,52,42,39,74,101,96,65,54,69,84,110,134,154,165,164,153,143,138,115,86,71,82,81,38,4,9,12,12,11,12,13,13,11,11,12,9,10,14,12,7,10,11,15,16,11,7,11,14,12,10,11,34,67,97,108,111,116,125,144,162,172,163,123,94,84,74,53,42,80,110,89,51,38,43,45,47,66,88,112,140,143,108,69,53,44,55,67,70,65,51,49,52,51,50,56,67,66,53,46,73,125,175,163,133,113,131,141,111,57,23,11,12,14,32,58,60,58,55,54,44,26,24,38,58,62,43,44,60,61,55,46,78,118,143,146,138,137,140,142,144,144,141,137,137,137,139,140,139,135,140,139,117,85,43,23,18
26,41,69,108,133,129,121,123,130,131,128,127,130,133,136,140,137,134,140,141,134,131,130,100,66,57,62,55,48,52,49,39,50,67,59,40,41,48,53,55,58,47,46,59,52,18,13,19,68,109,121,127,146,161,159,121,86,68,61,58,58,61,59,57,54,47,53,60,58,55,60,63,67,72,82,88,92,107,100,75,49,44,48,55,51,44,47,85,104,90,61,49,65,92,130,166,183,184,154,108,85,92,100,99,92,101,100,83,40,10,10,14,14,9,5,8,12,14,12,10,10,11,10,9,13,11,12,15,14,8,9,11,13,12,29,76,103,98,88,89,113,130,135,134,142,157,161,143,121,96,67,39,47,76,92,75,53,43,43,36,36,44,66,85,97,103,92,68,52,50,51,53,50,49,49,52,53,54,60,61,46,47,77,131,141,115,102,98,84,87,80,59,24,14,14,8,23,42,52,49,50,51,48,29,20,32,50,59,56,59,61,59,50,44,42,60,84,104,121,136,141,134,136,144,147,141,143,137,132,135,140,142,132,134,133,108,77,37,21,15
25,36,67,106,124,125,126,129,133,136,135,126,119,126,135,133,129,130,135,144,149,139,125,92,62,58,62,50,43,55,65,39,34,46,51,43,37,48,55,60,58,56,58,61,55,27,5,10,23,68,84,93,141,169,150,100,89,83,53,38,50,62,64,56,49,49,51,53,57,57,54,47,57,86,88,98,113,118,89,56,44,49,50,48,47,42,51,71,104,101,71,59,71,94,116,138,145,141,121,109,96,83,81,92,98,95,90,100,86,45,17,4,11,4,10,12,11,8,12,16,15,14,11,10,15,12,8,9,14,7,5,13,3,13,62,103,106,100,82,86,102,129,127,119,127,158,186,179,148,108,70,49,47,61,75,75,53,46,52,44,32,37,75,99,91,81,79,71,61,57,55,52,60,62,57,54,56,58,57,48,44,78,132,162,140,83,62,73,70,67,48,28,15,13,14,12,18,40,55,49,51,58,49,26,30,49,57,54,52,58,57,49,48,50,51,46,48,67,94,125,139,137,137,136,134,134,141,141,137,137,143,139,134,138,134,106,75,34,25,16
20,32,61,101,123,124,123,125,126,129,129,126,123,126,131,132,131,131,132,138,145,146,131,110,102,97,73,47,38,45,56,48,36,37,45,47,39,41,42,47,49,47,52,58,60,40,16,5,9,21,46,77,113,125,114,107,124,123,78,35,36,59,59,56,54,56,54,51,57,57,45,34,48,74,88,101,109,99,65,44,43,41,42,47,44,30,50,79,95,79,57,60,90,122,153,159,144,109,98,116,135,114,89,80,87,74,72,88,99,80,40,11,11,10,11,12,11,9,11,13,13,14,14,15,12,12,11,11,11,14,14,9,12,46,89,98,94,99,99,102,115,126,128,136,137,141,159,170,160,116,63,35,40,56,74,74,55,41,42,44,37,33,60,101,124,119,88,60,48,51,65,64,60,60,56,53,53,50,39,44,86,150,187,185,164,145,135,122,94,58,29,21,31,18,11,11,23,44,49,49,58,56,42,31,41,57,61,54,49,54,56,53,49,44,42,48,57,77,104,130,136,137,142,145,139,130,139,141,141,141,146,141,133,133,125,98,61,29,24,18
13,27,51,96,121,127,128,127,135,133,130,130,129,127,130,137,142,141,135,134,137,137,139,130,114,92,67,50,47,49,50,46,38,41,55,61,53,36,34,42,56,62,48,51,55,37,15,13,13,7,23,57,80,73,79,113,152,162,133,80,39,33,38,48,52,50,43,43,57,70,68,61,72,80,81,84,84,60,33,24,28,35,51,58,47,50,90,115,96,63,58,56,64,71,86,111,123,119,105,106,112,94,74,69,77,80,86,93,95,80,63,32,15,9,9,12,13,10,10,9,9,10,11,12,9,8,8,8,8,11,8,10,35,72,80,82,90,105,111,106,95,92,106,132,147,149,152,150,139,123,94,53,37,47,81,92,78,47,42,44,43,32,36,54,73,98,109,94,66,44,42,44,51,51,47,47,51,57,69,96,140,166,171,158,151,166,150,108,51,18,28,41,32,19,13,20,41,51,51,47,43,32,27,29,43,50,45,41,51,55,50,46,47,42,42,55,62,73,91,121,140,135,131,127,126,129,134,139,141,139,140,143,139,129,107,75,48,24,18,12
11,24,45,86,116,127,128,129,127,125,125,129,132,127,125,130,135,136,138,137,138,135,133,130,106,67,52,50,45,37,39,48,46,43,49,63,73,53,38,40,52,54,53,53,60,45,18,9,15,13,10,22,60,88,121,145,166,177,181,163,111,61,52,46,46,44,43,43,48,61,70,72,72,70,82,94,82,54,44,40,36,44,55,49,45,68,107,113,84,70,68,60,60,66,88,106,115,125,134,146,130,91,61,61,68,77,87,91,94,85,81,65,28,12,9,10,13,11,12,13,13,12,12,11,15,12,10,13,19,15,6,29,72,88,84,89,99,95,86,75,74,94,124,152,170,187,170,128,98,113,111,62,37,52,85,94,88,64,39,40,58,57,47,45,49,53,88,113,116,74,50,49,68,67,59,64,81,97,118,143,167,174,163,147,142,145,96,39,22,33,47,48,39,23,10,10,25,50,62,57,48,37,31,39,54,53,40,42,50,55,56,58,54,39,44,79,100,93,85,109,138,141,135,126,123,122,139,144,145,140,139,135,140,131,103,66,31,16,16,12
10,18,39,67,98,119,130,127,128,130,128,128,131,127,118,117,124,130,130,133,133,131,132,126,104,73,49,50,45,38,40,48,51,47,44,47,53,56,56,44,38,47,47,48,53,51,32,12,12,25,19,12,33,89,149,156,135,132,158,184,175,147,110,77,55,45,50,48,51,48,56,57,61,76,94,87,53,31,38,43,46,54,60,44,49,80,99,83,51,40,43,50,82,128,166,172,149,133,146,163,154,113,76,65,67,65,69,92,107,102,92,67,46,22,8,9,9,9,9,7,9,10,10,16,16,9,5,10,12,12,20,61,97,101,99,95,84,66,55,60,72,113,147,154,146,149,129,98,110,168,179,103,46,44,66,79,82,77,55,47,48,50,39,33,41,50,70,101,148,143,109,71,49,52,68,92,95,84,96,134,166,156,126,114,114,100,48,24,29,63,69,43,31,17,9,7,31,53,52,55,50,41,37,45,53,54,64,76,75,56,50,55,50,38,50,99,132,128,120,124,139,141,142,137,131,130,132,140,144,138,130,133,133,124,96,58,27,11,14,13
9,13,29,58,90,115,128,126,129,134,133,128,128,126,125,124,125,125,129,136,137,134,134,126,95,56,43,55,58,56,50,52,44,42,39,40,42,55,59,49,37,38,39,38,47,63,57,26,9,30,35,29,27,52,103,127,123,105,92,110,145,165,148,129,115,104,86,81,88,84,81,88,100,102,84,55,38,30,27,28,46,64,63,47,56,76,76,64,46,42,49,64,81,87,87,87,80,81,103,127,135,117,96,83,79,65,61,75,101,113,102,84,58,31,14,14,15,17,14,15,20,22,18,12,11,11,15,21,26,38,51,80,95,90,80,68,59,57,61,62,68,89,110,115,101,109,123,128,142,170,168,115,56,37,48,67,86,100,91,64,44,47,48,46,46,46,50,70,106,153,166,148,123,107,105,114,97,69,87,129,158,143,114,107,93,60,29,15,33,63,68,52,26,10,7,13,41,59,56,47,39,39,48,54,48,48,61,65,57,46,46,48,42,43,72,120,142,143,137,133,140,138,134,126,124,129,134,138,140,139,136,134,129,111,82,50,26,16,17,11
7,10,25,53,87,112,125,122,123,126,125,122,124,128,128,125,119,116,127,140,139,137,139,126,92,55,43,46,56,58,52,53,62,51,41,41,46,49,52,43,36,41,51,47,49,63,59,33,15,19,32,46,46,38,51,99,123,107,83,80,100,118,132,144,153,152,140,127,117,107,106,128,135,104,68,51,51,42,33,40,61,62,51,50,62,65,53,51,56,57,65,103,121,109,117,148,167,147,98,75,81,91,93,84,79,68,57,52,64,80,97,97,85,62,43,32,31,36,33,32,37,46,50,43,37,42,46,47,49,57,68,77,74,69,57,54,56,63,70,76,72,69,72,81,86,99,133,153,150,113,71,59,45,34,38,56,66,70,68,68,62,58,63,61,55,48,40,49,60,86,118,158,174,160,131,100,78,70,100,135,143,134,124,97,58,34,30,36,65,94,93,61,36,12,8,16,43,61,56,39,38,54,81,75,60,59,60,58,50,44,36,32,46,67,89,114,135,144,141,129,128,141,137,131,128,133,136,141,143,141,138,132,126,102,66,34,19,12,9,6
6,7,20,39,64,88,113,122,121,122,122,124,128,129,127,121,116,114,120,125,124,132,136,120,88,58,40,43,53,54,44,46,56,53,49,49,53,52,51,37,32,39,54,50,45,47,46,40,24,14,29,64,64,43,36,66,94,109,123,126,111,98,110,119,134,143,146,132,120,118,130,136,117,86,61,46,31,15,42,65,72,63,49,62,70,58,43,50,64,63,70,105,138,154,169,192,193,164,107,65,47,57,61,61,64,72,68,57,58,69,77,74,67,62,59,44,32,40,50,57,54,52,57,60,66,71,70,64,62,69,75,74,67,66,63,67,70,70,68,65,67,59,63,79,93,88,88,122,155,154,138,121,92,57,29,45,71,64,50,49,58,65,59,67,73,75,62,57,58,56,56,73,84,100,99,72,55,70,118,157,149,133,112,66,32,33,38,47,62,82,94,72,32,9,10,23,56,71,51,28,46,82,87,62,51,61,63,60,57,54,39,29,47,58,57,71,95,122,144,145,145,145,140,135,134,139,135,140,142,138,132,131,126,98,55,24,18,13,7,9
6,6,15,36,61,90,118,126,119,121,127,128,126,129,128,121,119,120,118,122,132,138,137,128,104,67,40,38,49,59,50,50,55,52,44,43,52,53,49,43,36,35,39,44,46,52,57,46,16,12,28,75,86,66,44,49,59,84,124,155,141,109,117,136,147,143,140,127,126,131,130,101,65,58,54,37,25,40,68,73,57,49,58,66,54,45,44,52,56,57,68,103,148,162,131,78,60,62,77,73,64,66,61,59,64,71,69,56,53,61,59,60,59,58,54,49,53,65,67,60,60,61,56,48,59,69,76,77,76,72,68,61,59,64,66,67,72,74,71,67,72,78,85,86,84,78,87,111,131,131,137,161,141,89,45,33,55,76,72,54,48,61,68,59,57,57,55,51,57,57,54,58,67,73,70,57,47,78,132,165,153,123,81,39,26,35,50,49,59,79,90,66,36,8,9,21,61,68,45,37,66,83,73,54,56,62,57,52,48,42,39,42,53,48,32,44,67,74,72,91,125,133,120,116,128,137,135,139,139,136,133,137,127,92,44,19,23,14,8,7
9,9,13,23,47,77,110,120,120,120,125,126,124,127,127,126,126,125,119,119,133,137,130,128,122,96,51,36,45,59,51,46,55,52,44,42,52,52,41,43,45,38,33,42,53,56,50,32,9,6,18,65,85,79,60,51,43,53,94,149,158,142,133,141,147,132,113,115,130,125,101,61,46,46,44,31,39,58,69,58,45,56,64,55,46,46,51,56,46,49,69,111,156,168,149,123,107,99,96,86,72,69,63,59,57,63,61,52,48,53,61,70,72,65,58,60,72,74,63,54,56,60,58,53,55,67,76,74,70,66,56,46,49,58,70,66,69,74,76,75,73,76,81,86,81,73,83,101,101,80,75,104,112,92,59,33,30,46,67,65,50,46,61,58,44,44,55,55,57,59,57,62,72,85,68,54,60,103,151,174,138,86,48,27,21,37,68,90,100,107,98,60,27,9,10,18,46,58,68,94,104,81,52,52,61,61,52,46,34,29,40,55,59,50,38,45,54,46,32,56,104,130,121,121,131,137,135,139,139,136,133,133,119,84,41,20,13,3,10,15
7,10,13,18,36,63,104,122,124,118,119,125,126,123,123,127,129,127,122,120,125,129,135,128,117,99,58,37,40,50,43,37,51,55,54,52,57,57,48,51,57,55,37,35,47,53,44,30,9,5,11,51,75,83,78,69,60,58,75,121,148,138,116,106,116,120,107,102,97,82,62,52,55,48,40,38,43,54,50,47,54,63,59,47,48,56,58,60,50,47,68,118,144,138,139,160,155,129,96,81,72,73,76,72,63,71,71,66,61,59,60,60,59,57,63,73,78,75,67,60,60,62,67,70,73,78,81,75,70,72,67,61,64,72,73,71,76,81,81,77,76,82,94,103,101,92,78,77,84,105,124,136,129,112,100,88,62,36,39,58,60,49,53,58,54,56,58,57,69,69,59,50,50,56,54,61,88,141,171,167,110,51,20,11,18,53,89,92,90,98,97,55,14,7,8,14,32,59,88,106,93,62,46,55,63,57,47,43,43,53,59,52,44,42,44,48,57,73,85,104,129,131,123,123,131,133,136,139,139,136,133,127,103,65,32,21,16,10,12,10
8,10,15,13,30,51,88,120,124,119,115,121,122,119,119,125,126,122,121,123,129,131,129,94,76,87,74,41,27,47,51,41,43,50,54,52,51,53,52,55,59,61,52,33,35,46,51,45,13,3,10,47,75,89,90,69,48,48,60,93,137,145,134,110,106,112,101,76,61,51,49,52,49,46,44,41,45,56,56,55,57,57,51,46,52,61,60,57,53,48,63,112,149,147,125,113,94,69,65,69,88,107,107,89,71,66,67,63,60,61,57,56,54,57,62,66,71,74,78,79,85,93,94,88,78,73,70,71,69,68,66,67,71,73,75,70,77,85,86,85,87,116,134,128,107,89,80,58,46,71,124,152,134,93,76,85,86,57,46,44,53,60,54,50,50,53,57,56,63,69,64,51,47,59,63,72,118,168,176,136,64,27,18,22,37,73,96,99,101,100,101,57,9,7,10,11,43,73,88,70,59,49,52,58,63,59,48,42,55,74,69,48,39,47,48,40,39,64,92,117,132,130,130,132,136,139,133,137,135,133,134,126,94,54,22,13,3,6,11,12
7,6,10,9,16,37,73,98,120,121,117,120,120,121,125,128,120,113,119,127,127,131,120,87,94,124,118,59,27,45,63,50,40,39,39,40,40,55,63,61,58,63,75,67,39,30,44,39,15,9,13,38,61,79,90,77,46,32,39,73,109,125,125,123,126,114,79,52,53,62,64,53,49,45,45,47,57,62,62,61,62,59,53,48,50,53,54,64,72,62,57,88,142,173,154,101,71,56,47,64,103,133,121,89,74,75,68,65,71,76,70,64,68,70,69,76,85,86,87,93,93,92,91,91,98,98,98,92,81,65,65,69,72,70,74,83,80,74,80,85,95,118,141,144,107,71,62,56,48,54,105,147,117,57,39,49,64,68,54,45,37,41,48,49,49,57,66,69,67,67,59,52,52,50,49,69,131,185,170,103,32,18,25,46,55,67,94,106,112,116,108,47,10,18,15,18,65,102,95,60,50,53,57,50,49,50,49,54,62,62,52,45,43,45,41,38,47,72,97,118,129,133,134,138,138,132,135,134,129,128,134,117,79,41,19,15,10,10,14,13
11,7,8,12,12,31,68,91,110,123,120,120,119,126,124,120,118,119,123,122,112,114,126,116,124,138,127,84,38,25,48,54,52,44,42,46,45,55,68,63,53,55,69,57,30,22,34,44,24,15,13,33,65,87,101,93,64,46,43,60,72,70,62,77,112,116,69,38,45,59,55,50,51,47,50,57,60,60,60,58,55,46,32,32,41,51,49,52,60,58,61,93,144,161,112,67,48,55,50,75,125,138,116,92,86,89,77,78,89,93,77,57,57,63,66,78,92,101,104,102,88,77,84,106,114,114,115,106,92,73,73,74,75,71,92,106,96,80,85,93,99,97,105,117,118,118,118,98,74,59,76,92,82,52,42,51,59,62,60,57,50,45,46,51,54,63,68,68,66,62,56,55,59,59,53,71,117,153,122,55,12,21,41,63,83,104,109,101,90,85,77,41,7,16,9,23,75,105,86,60,53,57,56,53,48,47,49,55,58,51,47,47,45,53,44,35,47,83,117,131,126,112,111,121,135,139,138,136,130,130,137,119,72,33,16,14,10,11,13,10
11,8,9,8,11,18,44,72,102,124,123,120,117,121,124,121,121,126,120,103,94,97,94,86,85,80,89,75,51,24,32,56,55,51,56,57,50,47,56,61,62,62,71,75,53,36,38,44,23,12,9,22,55,83,100,88,68,68,66,60,54,42,22,26,71,97,67,45,52,61,58,55,60,53,46,50,53,55,59,55,46,39,36,43,51,54,54,49,43,45,63,114,142,114,64,52,57,68,78,100,110,113,118,120,107,77,72,79,84,79,75,69,68,71,77,86,91,93,96,95,90,84,84,89,87,78,70,68,66,67,65,71,85,91,86,93,100,105,105,108,109,97,87,88,102,123,137,125,97,57,49,58,78,73,49,44,51,55,51,48,52,53,44,40,52,65,66,57,62,66,65,63,65,57,52,74,116,139,94,32,8,26,51,67,89,118,123,117,112,98,69,39,11,10,19,60,98,87,56,51,60,62,55,49,43,50,61,64,55,46,43,43,46,54,47,43,59,91,118,126,115,100,104,124,138,132,131,134,132,132,137,114,65,30,17,13,7,8,12,10
9,5,14,12,10,15,30,59,95,117,120,117,112,117,125,120,121,125,105,85,97,108,105,88,71,51,46,66,55,33,28,47,53,49,56,62,55,47,56,58,58,61,76,85,79,54,36,38,24,5,10,25,50,86,110,94,74,74,73,71,67,58,34,23,50,75,62,50,54,64,59,58,51,46,48,50,53,59,53,44,39,42,54,59,55,50,42,53,52,56,92,140,147,104,67,76,103,121,128,124,104,91,107,120,106,85,88,85,79,75,78,84,83,82,86,91,87,75,71,77,87,89,76,62,57,66,66,63,71,85,80,73,76,85,91,90,93,97,99,99,98,95,89,84,91,97,105,113,107,78,61,89,109,106,81,60,50,51,47,38,42,47,40,28,45,67,73,65,55,55,66,72,64,52,46,73,103,101,64,22,19,41,63,63,73,97,107,114,123,117,93,40,11,6,32,95,121,92,57,57,62,57,48,49,42,41,48,51,42,44,49,48,47,43,28,47,80,110,123,121,118,111,120,134,138,132,132,132,133,137,123,99,48,26,16,12,9,12,13,12
8,11,14,9,5,7,23,52,87,113,120,120,116,116,115,118,121,118,99,89,107,115,113,92,60,47,76,107,88,46,29,46,45,37,41,50,47,52,56,56,53,52,57,73,81,66,48,46,33,11,13,34,62,87,105,106,89,79,80,84,73,64,39,30,53,77,78,53,45,55,60,50,49,51,58,64,62,58,50,49,52,53,55,53,47,45,40,39,40,69,111,144,140,119,123,126,132,138,142,134,116,106,104,108,109,111,100,87,78,75,81,86,87,90,92,93,95,91,86,81,79,75,65,61,65,69,72,80,95,102,104,94,87,93,106,102,92,88,95,103,102,99,93,91,91,87,93,110,114,97,81,93,99,98,93,79,56,55,62,58,54,53,54,32,25,41,63,64,50,45,50,58,59,61,72,84,76,47,22,11,18,40,63,77,97,105,92,80,89,97,81,32,7,5,49,107,118,92,74,63,49,44,48,50,52,54,55,43,36,44,55,63,55,38,34,71,115,129,123,117,119,118,121,132,139,140,136,134,135,136,120,81,37,20,14,11,8,10,11,11
7,8,9,10,8,7,18,42,74,104,113,114,112,113,113,115,118,119,111,99,90,89,89,84,74,86,119,128,91,59,54,43,29,26,38,51,50,48,43,43,49,53,50,59,81,83,67,42,27,15,12,32,63,84,95,110,114,99,87,87,81,66,34,25,48,88,86,54,34,45,57,57,52,50,52,55,55,50,46,50,57,55,44,43,52,58,58,56,54,69,84,88,98,120,127,120,106,104,109,117,114,107,98,98,104,99,93,88,88,91,92,95,93,94,99,101,103,107,105,97,81,60,53,64,79,84,89,88,87,87,100,107,109,114,115,111,95,84,88,94,93,91,90,91,89,79,71,79,95,114,122,121,101,73,56,60,62,48,45,52,59,54,43,28,22,21,39,62,61,52,48,54,58,57,53,55,54,40,26,19,27,46,73,102,130,135,125,126,124,112,70,18,10,17,70,103,93,79,72,61,42,41,48,50,55,55,50,46,45,50,53,52,47,47,55,88,111,108,93,96,112,120,120,126,134,136,133,132,138,141,122,76,34,18,11,8,8,7,8,9
15,7,11,6,7,7,10,27,54,91,107,114,114,119,127,123,122,129,133,118,88,88,100,109,111,110,91,66,51,49,53,39,29,32,48,56,47,47,46,51,51,44,32,33,67,89,80,47,22,19,6,11,41,65,68,88,99,101,102,100,96,80,37,18,41,93,105,67,37,40,52,47,46,45,51,55,57,55,48,45,47,42,39,41,46,51,51,52,63,67,62,75,93,107,96,91,88,90,83,92,98,97,97,96,96,92,91,91,94,96,106,102,97,95,94,89,87,93,96,94,87,74,69,79,88,88,89,92,94,93,99,113,115,106,96,97,97,93,87,87,86,87,90,91,91,87,73,66,76,105,126,145,144,121,80,61,64,65,47,45,51,50,33,18,11,20,45,58,62,56,54,60,66,61,52,53,62,55,29,12,36,70,96,115,127,118,115,125,124,98,41,7,12,29,84,96,81,56,52,52,46,50,47,48,51,43,33,39,48,53,44,42,47,50,52,65,82,93,101,116,125,130,129,134,138,139,130,127,133,133,109,68,29,15,10,8,7,5,5,9
10,9,5,9,11,12,6,16,46,83,113,120,113,112,120,120,118,121,126,116,92,89,97,98,90,69,46,39,40,43,44,42,41,49,60,55,43,41,48,50,43,37,28,26,51,87,101,81,45,15,8,12,37,69,99,103,90,88,98,97,94,85,45,12,21,86,109,83,41,43,49,53,43,49,58,59,55,46,41,44,48,48,44,43,49,55,54,53,57,64,71,89,101,96,90,97,100,92,87,95,100,102,96,88,88,89,91,88,85,90,101,100,90,87,92,89,83,85,88,88,80,74,80,87,90,93,95,97,103,98,97,102,102,92,91,92,96,95,90,92,92,85,83,85,92,102,98,91,88,96,98,97,119,135,114,77,70,76,70,59,59,58,42,16,18,22,36,48,58,62,61,60,62,59,49,48,51,47,26,15,40,82,105,109,111,110,111,118,110,88,43,10,8,49,100,103,79,49,41,35,46,57,61,50,43,40,40,46,58,59,47,41,45,46,44,46,58,85,112,114,107,109,119,138,145,138,130,125,128,125,98,56,21,10,9,10,13,11,9,8
8,10,10,9,12,14,6,9,29,62,95,112,115,116,113,107,105,108,118,118,94,85,90,95,78,47,44,49,49,46,43,44,46,50,57,55,46,42,44,47,46,43,44,36,42,72,99,94,59,15,9,18,27,60,105,110,92,80,84,87,83,86,68,27,9,49,89,73,42,49,58,56,52,58,63,60,53,48,44,43,43,42,47,55,51,47,50,56,65,71,79,87,87,81,82,96,96,90,89,99,110,102,92,85,82,80,84,86,89,92,96,94,89,92,100,99,92,88,84,82,77,75,78,79,85,100,113,110,105,103,97,95,93,87,89,89,92,87,80,90,91,88,82,79,91,104,96,89,96,115,118,101,106,123,118,87,68,70,67,59,60,67,61,57,56,54,47,41,49,57,62,59,55,53,44,40,38,35,22,21,62,106,130,131,126,122,128,132,113,68,26,10,20,71,102,86,61,49,43,42,55,66,58,40,36,43,48,55,65,67,58,49,39,37,43,39,36,54,82,103,108,112,122,136,135,128,121,126,132,118,83,42,16,10,9,10,11,10,8,8
7,7,7,9,9,14,7,6,19,46,80,111,124,126,124,119,119,120,121,121,109,94,94,108,93,48,31,43,46,40,37,45,45,44,47,49,45,35,32,41,52,53,45,41,38,47,64,84,72,34,10,8,19,52,88,111,118,106,95,82,80,90,91,54,21,32,64,74,59,57,53,51,50,54,51,42,39,38,34,28,25,32,44,52,46,40,47,61,74,78,81,91,98,91,86,82,85,87,90,96,92,83,80,81,82,82,85,92,99,100,96,94,91,92,92,94,102,102,90,74,67,65,67,66,73,88,102,101,98,91,93,94,93,90,88,86,88,91,89,85,85,86,84,78,79,84,81,76,78,105,128,126,121,122,129,111,84,64,57,55,61,68,65,62,65,69,58,39,35,41,51,57,56,54,47,43,35,25,6,16,69,105,103,95,92,97,115,121,101,44,10,10,25,74,91,81,65,57,51,51,60,69,60,42,41,48,48,49,54,54,48,42,36,39,48,45,36,37,64,102,122,124,135,141,134,124,128,131,127,107,74,38,20,14,8,8,9,8,8,9
6,8,10,8,7,11,8,8,11,43,78,102,109,114,117,118,120,120,111,110,115,103,85,85,69,39,35,39,42,37,37,50,58,53,50,48,45,42,33,33,40,40,41,46,51,48,46,61,78,59,25,7,7,28,66,91,106,100,83,63,66,78,85,58,25,19,32,54,52,59,61,56,55,57,50,39,37,39,34,25,20,32,48,49,48,52,62,75,83,82,87,96,98,90,87,88,92,95,94,94,89,82,87,97,99,91,87,91,94,93,92,90,89,85,82,87,98,103,98,89,81,74,68,66,57,53,51,58,76,89,87,88,94,103,99,91,91,97,100,93,89,92,95,92,83,80,88,88,82,86,94,101,105,107,115,112,106,93,79,66,60,64,68,70,64,63,60,53,44,35,38,44,46,49,45,41,32,22,10,23,75,98,106,112,111,104,98,96,88,43,13,4,47,84,87,74,60,59,53,50,56,61,61,46,49,52,47,47,50,48,42,37,37,41,44,42,35,39,69,106,115,117,129,137,131,124,124,131,126,97,57,27,16,13,7,10,8,7,8,8
9,9,10,4,7,6,5,9,9,29,59,93,111,109,109,113,119,122,110,99,105,108,99,80,49,29,33,40,39,37,39,41,45,50,53,53,55,61,55,45,41,43,40,43,49,45,34,51,80,88,55,18,10,16,47,84,95,86,70,60,58,72,83,68,34,20,30,51,54,55,60,56,52,52,49,43,53,53,35,26,34,50,59,56,56,59,62,69,77,83,83,86,86,84,85,93,92,86,85,90,97,90,94,97,93,74,67,71,76,73,62,63,75,76,69,71,78,63,48,54,64,65,58,61,64,45,29,30,55,80,81,81,83,90,85,80,78,86,93,96,89,84,83,85,86,86,86,87,88,87,87,94,105,111,114,125,140,126,95,69,58,59,65,71,65,58,54,53,50,27,26,34,45,50,53,49,30,16,25,57,109,136,147,147,141,125,103,82,55,24,11,14,57,78,69,54,54,53,50,50,53,53,47,46,51,52,47,44,45,48,45,40,40,42,44,36,29,41,75,109,122,121,124,129,128,124,124,124,118,92,51,20,14,11,5,10,7,7,7,7
8,8,8,7,12,11,8,10,8,18,45,88,114,111,107,109,114,117,110,106,110,111,107,82,49,36,40,41,39,43,48,42,39,48,52,51,51,47,52,52,53,56,48,46,43,35,26,35,59,81,69,36,14,8,20,57,89,86,78,67,54,49,68,76,48,14,13,33,52,57,59,53,53,50,47,45,52,55,38,39,59,68,67,59,56,58,66,81,88,85,85,86,84,79,78,86,85,85,82,81,81,76,72,65,57,57,61,67,65,59,57,59,67,67,62,64,70,55,38,31,39,47,52,65,81,71,56,57,78,74,69,66,72,79,80,76,75,81,86,93,88,83,83,84,89,87,79,83,92,92,91,98,109,110,106,123,150,134,90,60,52,60,63,66,56,48,49,54,43,26,29,37,46,49,54,45,26,17,40,76,109,125,128,116,105,108,115,108,50,13,6,30,62,59,52,56,54,57,54,48,42,42,44,52,50,41,36,37,48,52,47,42,44,46,43,35,35,51,83,112,124,127,128,127,125,123,123,127,118,84,40,19,15,14,7,10,8,8,8,8
7,7,7,8,12,12,8,7,5,14,37,74,98,109,109,109,109,108,109,114,115,105,95,83,60,38,30,31,34,40,44,46,45,48,47,42,41,53,52,48,46,49,50,45,38,31,28,33,41,49,55,47,29,16,10,43,80,87,78,56,42,41,55,72,59,21,10,17,41,53,58,54,55,49,42,43,48,46,32,32,47,58,58,52,55,64,80,99,102,89,83,90,91,84,78,75,79,86,86,78,77,76,70,57,48,52,64,71,69,65,65,68,76,77,75,71,69,56,50,64,79,86,86,94,98,99,84,81,84,84,75,70,72,74,73,73,77,87,92,94,87,88,95,101,97,88,87,92,99,94,82,77,83,84,81,98,135,139,107,87,77,69,64,56,54,53,55,59,40,23,28,41,52,50,51,38,21,12,24,57,91,110,116,108,98,91,84,71,20,11,7,48,62,60,54,56,47,45,52,44,29,23,38,51,44,36,40,46,54,50,43,40,44,43,37,36,39,50,69,93,113,130,132,133,127,121,120,123,108,71,29,18,12,10,5,11,9,9,9,9
7,7,8,6,7,8,6,6,5,9,24,57,92,108,110,104,106,109,110,108,103,101,90,90,80,50,28,25,33,35,36,45,50,51,49,42,37,42,39,38,40,44,45,45,37,28,26,36,47,48,53,60,47,21,12,39,80,102,99,78,60,51,53,63,65,38,20,21,38,48,54,53,53,44,35,35,35,32,30,34,43,53,49,46,57,73,85,95,94,80,74,81,90,88,81,80,74,75,81,80,79,79,78,71,65,64,75,82,84,82,79,80,78,74,73,82,81,72,75,86,96,100,99,105,99,91,83,87,95,97,89,79,71,66,66,66,70,78,84,88,86,88,94,100,94,88,96,99,93,88,80,75,85,91,89,92,122,145,136,125,100,69,59,70,89,90,75,59,50,25,14,29,55,62,52,29,16,14,34,73,106,116,113,111,122,110,73,33,9,17,8,43,68,63,52,42,37,39,54,54,39,29,33,42,42,47,57,61,51,47,42,40,38,38,36,38,40,56,74,95,116,131,131,127,122,118,116,112,90,52,23,12,8,9,8,9,6,6,7,9
11,10,7,6,8,8,8,6,7,6,14,38,73,96,111,110,112,112,112,106,110,108,96,93,90,77,45,31,37,43,44,47,50,51,53,55,58,40,32,26,35,45,45,46,37,26,20,29,43,44,47,53,52,35,8,9,30,65,85,80,66,54,55,58,63,44,12,6,20,37,48,52,52,46,42,41,33,34,39,46,48,46,48,49,58,73,89,98,91,86,85,83,82,84,88,81,76,78,85,85,77,78,86,94,97,104,97,87,78,75,80,81,80,74,73,83,94,90,86,83,87,92,95,101,106,97,87,89,97,96,93,87,82,80,81,78,75,70,68,74,82,93,99,99,88,80,83,91,97,104,104,92,84,81,79,80,104,129,136,114,91,73,72,107,137,127,88,65,62,45,22,13,32,52,47,19,9,22,52,91,126,141,134,107,105,103,82,26,17,14,16,47,62,59,47,35,31,37,50,55,45,37,45,54,59,61,61,52,46,47,46,44,45,46,39,35,44,69,92,111,123,126,124,120,117,113,125,122,96,47,13,5,3,6,8,7,9,7,7,9
13,11,7,7,9,9,9,7,10,9,10,31,67,96,109,108,113,114,110,104,115,116,97,77,80,91,64,37,36,43,47,42,39,39,45,55,63,59,44,31,33,40,45,49,44,32,27,34,43,39,39,48,60,51,19,13,35,80,106,92,67,59,59,52,56,53,33,10,13,33,50,51,48,46,46,45,44,44,43,41,40,43,48,50,50,56,81,100,91,81,84,85,83,79,73,77,74,81,87,85,76,82,90,93,89,79,77,78,86,90,82,79,77,77,76,76,79,80,85,87,86,86,87,87,88,95,94,84,77,78,77,70,64,65,67,74,80,82,80,80,86,93,91,84,83,84,83,83,90,99,99,88,82,77,76,73,93,120,117,87,68,73,91,115,122,117,95,67,56,42,26,26,47,61,58,28,18,31,56,95,127,134,120,93,89,80,48,12,16,10,24,49,60,55,45,37,36,43,51,53,48,45,50,62,69,66,58,47,45,48,43,40,41,42,32,32,48,69,87,110,127,126,125,123,121,119,122,108,70,28,11,7,6,9,12,11,10,8,7,9
8,8,8,8,9,10,9,8,10,10,5,22,59,85,105,105,106,103,103,101,108,116,105,78,72,89,76,44,34,38,48,40,39,39,42,48,52,52,48,40,31,26,33,44,44,38,34,38,41,37,42,55,60,49,20,7,18,69,100,87,62,58,55,40,44,54,50,18,18,42,60,50,42,39,39,36,39,45,48,48,45,43,48,53,53,55,71,87,88,78,78,82,83,81,76,75,76,85,92,86,86,81,82,88,89,84,82,84,91,95,88,76,74,82,89,84,78,80,88,86,80,79,81,77,78,89,90,77,71,76,78,70,62,66,63,72,80,87,89,87,85,92,90,82,79,78,83,81,77,83,82,74,72,71,73,71,89,117,119,93,71,78,114,131,124,113,100,79,53,38,41,54,71,73,62,36,23,31,69,115,135,116,95,93,105,79,30,9,8,16,28,54,63,53,40,41,51,56,56,51,43,42,45,53,61,58,48,42,46,52,48,42,40,36,31,46,70,86,100,116,122,120,120,119,118,116,120,98,53,19,14,12,10,11,13,10,6,6,6,10
6,6,7,8,7,6,7,8,11,10,5,9,31,68,98,104,104,101,108,112,106,110,114,99,79,82,86,70,43,30,40,43,44,39,46,55,51,43,48,57,47,29,25,32,34,38,43,43,36,34,44,51,43,47,35,8,3,36,90,86,52,49,45,45,39,49,45,20,17,40,51,53,53,45,38,38,42,50,47,45,46,52,65,80,82,72,68,79,87,82,81,77,78,84,83,85,85,89,90,87,77,78,76,80,89,86,84,80,84,91,82,68,65,75,86,88,87,90,94,88,79,73,71,74,69,75,76,69,66,77,76,73,72,75,76,82,88,89,87,83,85,93,95,87,78,75,83,89,90,89,85,81,79,81,78,73,80,111,113,103,97,124,167,181,166,125,86,56,47,51,74,90,87,72,60,35,18,27,78,115,125,96,82,98,115,92,24,8,10,18,38,63,67,51,42,50,57,61,59,47,40,46,46,52,52,52,54,44,42,48,46,39,35,32,52,85,104,107,119,132,133,127,121,112,111,117,112,89,38,6,11,4,8,11,11,10,10,8,6,5
7,7,7,10,9,8,9,10,7,11,11,8,22,54,92,105,105,100,109,115,106,98,102,103,85,78,89,87,50,14,20,39,44,41,48,55,57,44,45,51,49,43,36,33,29,34,41,42,38,35,40,43,36,42,43,19,3,27,81,105,81,59,48,41,34,41,39,33,25,25,33,40,46,43,33,29,39,41,40,46,55,59,61,76,87,81,67,65,71,74,78,79,82,80,71,77,81,88,86,76,74,78,77,73,71,79,81,79,78,80,79,69,65,70,77,79,77,79,89,90,86,77,71,70,72,74,70,66,71,72,67,61,63,72,77,72,72,79,85,90,92,85,82,84,80,77,79,82,80,82,88,94,95,89,81,77,85,100,104,91,108,151,181,180,159,122,88,64,60,77,105,110,90,70,51,28,16,29,79,112,110,80,71,85,95,73,28,11,8,22,48,64,59,50,49,60,69,66,55,39,36,43,48,42,38,44,53,51,40,41,43,38,27,35,78,109,110,107,115,128,125,123,121,119,119,118,101,59,16,6,10,6,9,11,11,9,8,8,8,10
9,9,8,10,9,8,9,9,10,7,7,6,18,42,78,98,103,100,102,101,103,108,114,117,95,77,88,93,70,38,28,36,34,31,34,40,43,49,46,48,50,51,49,42,33,33,38,39,33,29,34,41,40,42,49,32,10,9,38,85,95,88,67,50,38,38,49,46,29,24,38,44,45,37,24,20,24,37,42,47,54,59,60,83,107,109,88,72,63,57,65,71,73,71,69,72,79,93,99,96,87,82,72,71,77,92,91,84,78,76,74,69,67,69,73,76,72,65,70,84,89,83,72,71,81,78,66,59,64,70,69,67,73,83,78,71,67,73,81,94,95,79,65,65,72,81,81,76,76,80,84,89,92,90,85,80,85,93,100,108,136,149,134,132,132,117,85,71,79,98,115,126,111,82,43,16,13,32,82,106,89,58,62,76,74,40,12,10,12,29,53,63,55,53,57,66,72,62,49,36,35,41,46,45,39,37,39,42,42,39,32,24,30,61,93,91,85,102,124,128,118,113,111,115,119,117,92,46,17,13,5,8,10,11,9,8,5,4,5,7
10,10,10,8,7,6,7,8,7,9,12,5,7,30,61,90,111,112,106,102,102,107,113,115,93,78,87,106,100,74,46,34,32,30,28,30,34,46,45,42,40,41,38,43,41,40,41,34,23,19,30,43,49,42,39,31,17,8,17,64,89,83,59,42,34,37,38,40,31,26,34,41,39,34,35,40,37,40,40,47,60,82,118,161,181,171,132,93,66,58,54,57,58,63,75,84,81,85,92,94,90,84,74,73,79,84,83,77,75,77,73,67,67,72,76,78,78,68,68,75,81,78,68,71,79,78,67,59,62,70,75,76,74,75,72,70,69,69,69,81,88,80,64,57,66,72,74,80,88,87,85,90,97,93,90,76,66,75,99,134,161,146,121,114,111,84,58,74,105,137,143,155,149,116,56,22,24,50,87,87,61,52,84,102,88,37,10,8,19,35,48,58,59,57,61,65,64,56,51,48,47,46,42,39,31,28,31,32,35,31,22,24,60,98,99,81,83,113,132,122,120,122,112,111,114,110,77,36,8,13,11,8,10,11,9,7,8,7,6,5
9,7,7,6,9,10,9,6,7,5,6,8,11,19,44,80,99,105,105,104,106,104,101,105,93,72,80,96,97,64,42,39,42,36,31,32,38,34,28,26,32,38,36,36,40,42,39,31,25,24,33,43,45,45,44,35,21,5,13,56,104,95,57,35,31,29,32,31,30,31,33,33,31,33,40,46,46,44,43,48,57,92,132,166,182,162,118,75,61,60,60,58,61,72,85,97,97,94,90,85,84,83,81,77,73,75,69,66,67,71,75,77,76,72,68,68,66,60,59,63,69,73,74,70,62,58,56,57,59,70,71,71,68,68,77,79,68,59,62,69,75,74,67,62,69,76,74,74,75,80,83,82,85,84,79,69,61,62,69,89,104,105,109,106,83,52,54,96,131,128,122,131,136,115,69,33,27,49,87,83,50,44,78,90,71,26,7,9,11,28,49,57,55,53,49,49,50,48,44,42,45,50,45,44,39,35,31,31,35,36,39,48,74,98,98,87,95,118,125,119,117,118,116,114,116,99,56,13,10,11,10,8,8,8,8,8,11,7,6,8
7,8,9,7,8,9,8,7,10,9,8,10,10,10,36,74,98,103,100,104,108,103,99,105,102,83,67,66,61,42,34,40,40,38,38,42,47,40,37,34,36,38,41,40,43,43,41,33,27,31,39,42,42,43,44,39,24,10,13,42,106,112,73,35,25,23,22,27,36,34,27,33,35,39,43,45,55,57,48,51,68,92,101,92,97,99,84,68,64,63,60,63,71,79,86,89,90,89,85,83,73,70,66,67,69,68,65,63,63,64,65,71,69,64,61,57,54,51,56,62,68,74,73,66,56,56,58,60,62,65,74,70,66,75,88,82,64,53,57,63,67,73,76,77,73,74,78,72,64,68,68,64,59,63,68,68,58,50,60,61,58,66,88,97,70,52,67,94,84,72,81,108,109,102,79,41,18,29,64,64,45,41,66,67,46,19,11,11,23,40,50,53,52,49,47,48,49,48,44,43,45,48,42,40,38,36,34,33,41,46,52,58,68,77,81,92,107,120,118,114,114,111,108,113,116,87,28,7,9,9,5,10,10,10,9,9,8,8,8,8
9,10,10,8,8,8,8,8,10,9,7,8,8,6,27,63,90,97,97,99,102,99,95,100,108,98,69,45,34,33,30,30,31,33,38,42,45,39,40,40,39,39,44,42,47,49,46,36,29,34,39,39,37,39,44,44,30,12,11,16,65,87,76,55,45,30,22,26,36,37,29,28,31,36,39,40,45,58,60,63,73,90,92,72,63,73,83,84,73,60,57,59,66,72,77,80,81,80,76,72,69,64,62,68,75,67,61,56,56,59,63,65,60,59,66,73,77,70,62,61,58,56,59,67,69,67,64,66,69,79,80,73,67,72,84,74,58,59,73,73,69,72,79,83,75,69,73,71,62,57,58,64,69,71,72,67,57,52,61,70,73,74,84,93,85,75,75,70,66,77,109,136,125,104,75,45,26,29,47,46,40,43,68,78,69,32,9,8,36,60,59,55,54,51,47,47,46,51,46,40,39,39,42,36,31,30,31,34,36,35,36,41,56,70,83,101,116,123,118,115,113,110,105,102,98,65,25,11,3,6,9,13,12,11,9,9,6,8,9,8
7,6,5,9,8,7,8,9,9,7,6,6,7,11,12,42,80,100,101,98,99,98,99,99,104,98,64,40,22,23,29,37,36,39,39,39,38,38,40,41,42,41,38,38,44,48,47,41,34,39,41,39,38,41,49,53,47,19,8,8,50,81,94,93,82,52,27,26,33,38,33,35,36,39,44,49,60,75,84,84,82,95,116,120,116,118,119,110,89,78,74,69,66,67,69,75,78,82,84,84,77,72,67,68,73,71,61,58,65,72,84,89,77,65,63,69,72,68,63,60,58,59,65,73,81,74,66,66,69,76,70,65,64,65,68,72,72,75,84,86,74,71,77,86,85,73,67,68,67,66,71,75,70,63,68,71,65,57,54,60,63,74,93,93,83,69,78,82,92,110,141,161,147,109,62,40,35,41,50,41,36,41,70,93,86,39,12,19,44,58,53,56,57,54,49,47,46,51,47,45,45,45,45,40,38,40,42,42,41,36,35,40,61,83,97,106,113,118,115,114,109,101,107,105,84,42,12,10,6,9,9,9,8,6,5,4,5,9,10,9
6,4,7,7,8,8,8,8,12,11,9,8,8,12,10,30,66,90,94,92,91,94,99,99,99,86,60,39,33,27,27,30,36,39,41,46,55,49,43,40,42,46,40,36,37,38,35,33,30,31,31,32,31,30,41,51,57,31,15,8,28,67,91,82,64,40,30,26,23,26,33,37,39,41,46,64,74,78,80,89,89,81,81,89,106,127,135,127,110,94,86,73,64,70,74,73,71,76,79,73,74,74,71,71,74,76,73,73,77,80,77,80,77,71,64,60,62,65,62,58,59,62,66,69,75,78,75,67,62,56,61,64,64,61,62,66,75,79,75,66,62,68,82,93,82,65,66,77,83,78,74,71,64,64,69,78,79,64,50,48,59,77,86,82,74,69,77,86,99,124,155,173,163,129,80,46,33,35,35,36,34,53,87,107,78,23,8,25,52,58,53,52,48,47,47,46,46,44,43,48,55,57,46,36,38,48,52,48,43,36,34,35,46,63,96,119,121,116,114,113,100,100,105,97,62,16,9,9,11,12,7,9,8,6,6,5,5,8,10,9
6,4,8,5,6,8,10,11,11,10,10,10,10,10,11,14,42,82,95,96,91,94,95,101,103,88,60,40,37,34,30,28,32,36,38,40,44,53,45,37,35,36,38,39,39,37,36,43,42,25,18,22,30,39,48,50,49,35,18,4,9,46,93,95,64,57,44,30,9,11,27,39,42,35,45,79,94,96,93,100,100,73,37,29,52,80,99,105,100,90,75,55,46,58,63,71,72,82,84,68,61,64,62,62,66,76,81,84,81,77,70,70,72,75,76,74,74,75,69,60,59,62,64,65,70,80,78,66,64,68,69,70,70,71,75,78,79,73,68,60,58,60,72,85,85,73,71,80,89,81,70,66,68,64,68,78,76,59,47,46,64,84,82,81,79,76,74,72,93,135,163,167,153,140,109,67,35,29,32,30,38,78,109,100,46,8,12,32,51,51,49,51,48,47,47,46,46,44,42,46,51,51,43,36,38,45,50,46,41,34,39,49,57,73,106,121,116,111,108,105,96,90,100,81,40,12,12,9,11,11,9,9,8,6,6,5,7,7,9,9
6,4,8,7,8,8,9,9,5,7,9,10,11,12,12,9,25,65,91,96,94,99,98,97,102,97,65,42,43,44,40,32,34,37,36,34,35,40,40,38,36,34,33,33,29,30,35,41,38,23,14,18,30,43,46,44,41,41,28,10,6,24,63,74,53,49,65,51,24,14,23,41,45,43,53,83,118,132,128,126,124,116,88,57,53,66,82,90,86,75,58,53,50,54,61,69,75,80,76,70,70,73,74,74,77,78,80,79,76,74,74,70,66,65,67,67,68,69,65,63,66,70,73,72,76,77,75,74,78,79,69,61,65,73,87,87,83,80,81,79,71,55,52,60,70,77,84,92,99,88,71,63,62,62,63,70,71,59,53,64,84,88,77,72,74,73,68,64,87,131,145,136,120,126,113,71,32,24,25,27,47,85,103,67,25,6,17,33,45,47,49,53,48,48,47,47,46,46,42,42,39,36,38,39,43,44,41,44,38,32,45,64,86,105,120,115,105,105,106,105,105,108,100,59,17,4,11,7,7,10,9,9,8,6,6,5,9,7,6,8
6,5,7,7,8,7,6,10,9,8,6,7,7,9,10,5,14,46,74,83,89,102,98,93,91,95,72,45,44,43,39,30,26,26,29,32,33,35,40,46,46,44,42,38,34,32,34,34,33,29,25,23,26,31,33,35,38,45,42,24,10,4,22,46,55,57,73,63,37,20,21,42,46,44,58,87,119,138,127,115,117,121,104,65,54,66,94,104,85,58,49,50,54,51,54,65,69,62,56,64,72,80,79,78,84,83,82,79,76,74,70,67,67,65,64,67,69,71,63,60,68,75,77,78,74,66,59,65,76,74,67,66,75,79,77,73,75,80,82,80,71,58,57,64,70,73,77,86,93,84,72,68,68,70,70,72,73,70,70,85,95,82,67,50,53,63,70,69,90,124,130,122,118,118,105,56,18,10,24,47,78,94,90,46,19,11,18,40,48,48,47,48,48,45,45,43,39,39,37,42,44,42,36,37,41,46,48,47,34,29,45,63,83,104,113,111,104,106,107,104,104,107,84,30,4,11,12,9,7,7,8,9,8,7,7,7,7,5,8,8
8,6,5,4,5,3,4,8,9,7,4,4,5,9,8,6,11,30,70,94,97,93,85,85,87,98,93,71,51,40,41,36,29,28,33,39,40,39,39,39,39,38,40,40,40,38,37,37,35,33,34,35,36,36,35,30,30,34,35,27,15,4,23,66,89,84,56,42,26,23,26,26,33,42,71,100,118,122,104,90,94,107,108,80,60,59,78,92,88,65,49,45,50,48,49,60,58,49,50,63,79,79,71,66,71,76,80,78,70,63,58,65,75,77,72,72,79,78,65,54,61,70,75,80,87,83,75,71,70,70,66,70,78,84,79,78,77,72,66,69,70,71,76,82,82,76,71,75,83,81,75,73,71,66,64,63,63,61,73,84,88,74,59,58,55,58,61,59,86,117,120,106,102,111,99,46,14,14,32,57,73,71,55,27,17,13,17,33,43,48,48,47,53,46,42,44,45,41,37,41,41,35,35,34,37,45,49,45,35,33,45,59,77,97,106,105,106,107,105,103,103,90,61,22,8,10,12,10,8,8,8,6,6,8,10,12,8,8,11,10
8,6,5,10,7,7,8,8,5,5,7,10,12,7,6,10,6,13,46,80,90,89,90,94,90,96,103,90,59,36,41,42,28,27,31,36,36,37,36,36,40,42,42,35,35,43,50,44,35,30,33,37,39,40,40,38,39,37,37,32,19,8,17,57,93,100,81,51,32,33,32,40,42,58,84,99,104,98,92,92,100,110,110,92,74,61,63,76,89,72,49,42,50,52,51,57,62,63,63,66,70,67,62,63,66,80,84,84,76,68,64,66,73,73,68,63,62,65,63,62,67,71,73,77,84,80,75,75,78,71,70,68,69,71,83,90,93,84,78,84,82,74,70,70,67,62,61,69,78,79,79,81,76,72,69,65,62,62,65,65,62,57,60,60,56,53,55,58,77,94,98,95,97,102,99,52,21,22,41,56,60,55,40,16,11,14,32,38,40,44,52,66,63,56,53,56,57,45,44,48,48,41,38,33,32,35,39,38,29,31,52,70,85,101,107,105,101,101,97,104,99,77,36,11,8,11,9,10,9,9,8,10,9,7,7,7,7,8,8,7
3,7,13,11,6,7,9,6,7,6,6,7,9,7,8,8,6,10,20,53,82,90,91,97,90,89,98,96,74,47,38,32,29,25,27,30,28,29,33,37,39,40,37,35,36,42,45,40,34,32,35,36,35,37,40,42,44,42,41,35,13,5,6,29,61,81,85,78,67,47,30,12,27,64,95,96,88,84,89,95,96,90,79,71,62,57,63,74,93,87,72,59,59,55,48,48,57,66,63,58,53,56,61,67,70,68,68,68,68,68,60,54,62,72,78,75,68,66,65,64,66,68,67,70,75,74,72,70,69,64,66,61,59,61,72,81,85,87,90,85,76,68,70,76,71,63,60,67,75,77,83,83,74,69,63,56,52,51,56,58,56,52,53,51,48,43,46,54,77,93,100,97,97,99,82,47,28,34,59,84,107,96,58,17,4,13,32,48,51,53,53,58,67,68,70,64,53,43,42,45,42,33,30,31,32,32,32,33,39,52,72,90,104,112,110,104,101,101,96,103,83,47,15,10,7,10,7,10,11,10,8,10,9,7,7,7,9,10,7,6
5,6,7,9,7,3,4,6,6,10,10,7,4,9,8,7,6,5,14,44,78,87,85,88,88,86,90,94,80,52,33,30,25,23,32,29,26,32,38,37,36,36,36,38,37,39,43,40,36,33,31,30,32,36,41,44,40,45,45,40,18,5,9,11,36,56,67,65,63,55,30,15,23,65,95,87,85,86,90,91,87,80,72,67,62,59,60,75,97,95,78,64,60,64,56,49,51,50,49,52,58,64,69,68,66,57,59,63,69,72,63,54,53,63,73,75,77,73,60,52,57,62,67,73,80,86,84,70,57,57,64,67,67,66,70,70,68,74,84,80,71,70,72,73,70,67,74,81,84,94,97,83,69,61,60,57,51,44,48,58,64,60,55,57,56,40,32,58,100,129,123,111,107,89,52,23,18,34,59,89,114,102,54,11,15,7,26,43,51,54,49,48,56,61,66,58,45,34,36,39,36,31,28,32,34,32,30,39,63,82,95,103,109,112,104,100,96,96,95,90,54,19,14,10,10,10,9,10,10,8,7,9,6,5,9,12,10,6,8,8
8,8,10,7,9,10,8,6,9,8,9,10,11,10,10,9,9,11,9,16,53,81,88,85,83,84,82,81,78,69,53,36,28,25,34,34,34,35,34,32,32,38,35,34,31,36,43,48,46,39,32,27,29,32,35,38,40,40,36,36,25,12,9,18,54,88,84,66,45,43,39,24,38,64,77,71,73,80,87,84,79,77,65,59,66,71,75,92,110,100,69,59,60,67,65,52,52,50,57,69,77,81,79,65,53,56,68,74,69,63,62,60,60,62,63,72,82,83,69,59,63,65,63,63,69,80,88,85,80,73,69,74,76,68,70,76,77,73,71,73,73,76,74,69,63,68,78,82,85,91,92,79,62,54,55,55,51,45,43,47,47,47,49,63,64,54,51,73,121,133,118,106,103,90,49,21,22,44,73,96,115,96,54,14,12,11,34,42,43,51,55,51,48,45,44,39,31,35,31,34,36,34,34,32,31,32,34,50,75,94,100,104,109,110,106,104,101,104,99,76,32,9,7,10,12,10,7,8,8,7,5,8,6,6,8,10,8,7,9,8
10,9,9,3,6,7,6,5,6,6,6,7,9,8,9,9,9,10,13,10,20,64,92,86,78,82,92,95,94,90,75,50,30,23,28,28,30,32,29,24,25,30,34,34,31,33,37,36,38,37,34,34,36,39,41,41,41,42,39,41,31,15,11,19,47,89,106,96,64,37,21,29,43,66,77,74,78,75,76,75,72,66,57,63,78,86,74,69,77,71,57,54,57,62,60,53,49,48,62,81,89,78,65,56,53,56,58,60,60,59,62,69,79,78,75,75,72,73,71,69,71,70,64,63,70,80,87,81,75,65,61,67,74,69,61,59,63,71,74,73,74,76,72,65,66,69,73,69,65,68,76,77,68,59,57,55,53,52,46,45,40,41,48,54,53,49,54,79,110,118,109,105,105,88,49,22,21,43,73,99,119,102,61,23,18,19,39,43,45,53,57,53,49,46,47,48,46,35,32,34,39,40,33,27,29,39,49,61,73,90,101,103,99,96,97,98,96,97,85,47,14,6,5,9,12,10,9,10,10,8,7,7,7,6,6,6,7,7,10,9
8,7,5,8,6,6,8,11,8,11,11,8,5,10,10,11,12,11,12,8,12,45,77,91,89,79,87,89,83,84,82,68,44,34,32,27,30,35,35,30,27,29,32,38,36,32,31,30,31,33,37,37,37,38,40,40,35,42,44,43,24,8,14,15,19,57,101,110,88,52,28,27,34,61,80,76,76,79,83,77,70,60,55,75,84,78,61,54,65,65,58,58,59,60,58,50,47,45,60,81,86,75,64,63,66,62,59,58,60,61,62,69,84,84,76,68,62,65,67,68,69,65,61,66,78,86,85,74,63,59,59,59,60,62,63,59,66,75,77,71,69,72,74,75,78,77,76,69,68,74,80,86,78,65,58,49,47,51,51,49,42,40,45,54,45,42,56,87,116,124,115,110,105,92,59,32,24,33,52,80,104,91,48,14,15,23,41,40,48,50,45,46,43,45,49,46,37,35,32,35,38,34,33,27,34,56,72,76,89,106,111,107,99,93,98,99,99,91,64,17,2,15,10,7,10,10,7,8,8,7,5,7,7,6,4,4,5,7,11,10
8,8,8,6,9,8,7,10,6,8,10,11,11,9,9,9,7,7,4,10,8,21,61,91,90,79,84,90,87,81,91,89,67,45,37,40,33,29,27,28,30,26,27,29,34,37,33,31,28,33,34,36,39,41,40,39,35,35,43,46,33,19,7,13,12,46,86,96,82,41,21,21,34,61,75,72,74,79,82,81,77,71,70,74,73,65,59,61,66,69,64,58,51,48,48,51,51,53,65,81,88,77,73,77,77,68,57,56,60,63,69,80,84,78,69,64,61,60,69,72,69,66,68,71,73,76,77,69,57,62,67,66,62,63,65,66,73,80,81,79,72,72,73,70,65,61,63,69,75,83,85,85,73,59,46,45,45,48,59,57,52,47,42,44,41,39,63,93,117,110,100,96,101,103,78,37,20,27,62,96,113,86,35,9,10,29,36,46,50,54,50,43,39,39,36,34,32,29,36,36,32,32,30,41,52,65,76,85,104,112,111,108,96,91,97,103,105,77,39,10,8,8,8,7,8,10,12,11,9,7,7,8,6,6,6,8,10,10,9,8
7,7,7,5,9,8,8,11,8,8,7,6,5,8,9,9,7,9,6,9,11,8,28,64,84,82,84,87,91,88,88,94,88,68,50,42,38,27,23,25,30,32,27,27,32,33,31,29,27,32,36,37,39,39,39,38,33,34,42,47,40,27,12,11,8,42,86,96,83,51,29,24,32,59,85,90,82,80,80,83,87,92,88,81,69,60,49,43,47,53,52,48,45,47,51,53,50,48,59,74,87,81,76,75,74,64,57,56,64,70,71,70,62,56,57,65,66,64,67,71,70,71,76,83,79,77,71,67,66,66,73,76,68,60,59,59,57,63,73,81,88,89,79,68,65,64,66,71,70,72,74,80,78,68,53,47,45,47,50,55,58,53,47,34,36,48,73,91,106,101,94,96,106,98,69,29,12,19,65,110,122,83,27,8,11,24,35,41,44,48,49,48,38,35,30,28,29,30,32,31,36,43,49,55,61,69,80,98,106,107,106,104,96,83,92,100,91,44,11,9,10,9,9,11,11,11,11,10,10,9,8,8,6,6,6,8,8,8,8,8
6,6,6,11,11,8,5,6,9,9,8,6,5,7,9,9,8,8,8,10,13,12,8,27,66,85,81,76,77,81,80,89,91,84,67,53,50,36,26,22,29,34,34,31,33,35,32,28,26,31,34,35,35,32,32,32,33,35,37,37,34,22,10,10,4,33,80,98,93,71,44,21,24,52,94,111,113,100,94,99,105,101,82,54,38,35,36,39,43,43,43,48,53,52,47,41,45,52,63,77,83,84,79,70,65,68,70,67,64,65,69,63,52,53,60,64,67,67,69,73,71,71,74,79,83,82,81,77,75,71,66,61,57,52,54,62,64,61,59,70,81,81,75,70,69,72,71,66,67,75,78,87,90,79,61,52,47,48,56,57,56,50,45,44,47,52,67,81,85,92,94,103,114,104,61,23,19,32,74,111,113,73,24,13,16,18,30,43,42,41,38,37,39,39,35,27,20,24,31,37,46,54,58,59,68,89,105,108,110,104,98,95,94,88,95,87,59,22,5,11,12,7,9,11,11,9,8,8,8,8,8,8,6,6,6,8,7,7,8,8
6,6,6,6,8,8,7,10,8,9,10,9,9,5,8,9,9,8,11,8,5,10,14,12,43,81,88,86,77,81,78,81,87,92,84,69,66,51,35,26,32,37,35,31,33,34,33,29,27,30,32,34,35,32,30,31,31,33,35,36,36,28,17,16,4,24,62,90,91,75,42,20,16,40,83,104,113,112,111,109,107,97,73,46,39,35,31,35,43,48,45,43,43,42,39,43,48,53,56,61,73,80,79,70,67,64,63,58,59,66,72,79,67,59,58,59,60,61,68,75,73,68,66,68,78,84,89,83,74,64,62,62,61,56,48,52,64,68,64,62,62,57,57,61,65,60,61,67,71,76,77,79,74,64,48,42,43,48,52,47,42,44,47,43,49,46,56,74,93,99,98,98,99,80,46,19,20,37,86,116,103,54,13,12,18,20,34,42,41,43,49,54,51,45,33,27,24,32,43,50,53,54,68,90,100,101,101,103,106,98,88,81,88,93,96,69,28,13,11,7,7,4,7,10,9,6,10,10,10,10,10,7,6,6,7,8,6,6,7,8
7,6,5,4,5,6,7,8,9,9,8,7,7,6,9,11,12,13,11,9,9,13,14,13,18,51,79,82,80,79,80,82,85,83,85,77,64,47,40,40,38,31,32,27,26,30,32,29,30,32,35,36,37,37,32,30,33,32,36,43,44,31,13,15,11,14,48,81,87,72,45,15,9,24,66,84,84,85,93,103,107,97,76,53,43,37,35,44,54,56,50,42,42,50,50,45,44,47,55,62,71,78,85,82,78,77,73,66,64,65,70,69,64,62,63,58,55,57,65,68,70,71,70,75,80,83,80,73,71,66,59,54,50,47,40,45,54,62,63,56,49,49,58,67,67,63,61,65,66,63,64,69,66,58,47,37,38,41,41,36,35,40,42,44,46,52,70,90,106,114,111,107,88,64,34,15,14,36,94,117,93,37,12,10,15,25,30,34,37,51,69,81,77,65,52,49,49,48,53,48,56,77,91,102,103,99,99,97,92,88,86,89,97,98,75,37,14,10,9,10,12,9,8,8,9,10,7,8,8,9,10,6,8,10,10,9,7,7,7,6
10,8,5,5,6,8,8,7,8,8,8,8,8,8,9,10,10,10,9,9,11,13,14,10,4,13,50,74,77,75,74,78,80,77,83,86,76,57,45,41,40,35,39,27,18,23,32,33,33,32,32,30,31,33,31,30,29,29,31,33,36,30,12,14,15,9,23,63,86,79,44,19,15,25,60,76,69,67,66,75,86,86,69,46,37,38,42,51,61,67,62,57,53,51,47,41,42,48,63,75,76,76,73,69,66,58,56,65,65,56,54,51,53,61,66,60,51,53,62,66,70,74,70,67,65,75,83,79,74,66,59,53,50,47,52,55,62,64,59,49,47,52,62,68,61,58,66,76,80,76,74,71,59,46,41,40,40,38,37,34,34,40,41,41,47,68,94,106,112,113,114,117,105,76,36,16,14,28,82,110,96,45,12,10,17,26,32,37,46,63,77,80,72,59,60,73,76,72,52,51,78,98,95,91,97,103,100,94,83,81,89,97,97,76,35,9,7,8,11,12,11,12,7,4,5,8,7,7,7,7,7,9,9,9,7,5,5,7,8,8
7,7,5,6,8,10,8,5,7,8,8,9,9,9,9,9,7,6,7,8,9,9,8,10,13,9,24,51,68,79,76,74,78,78,80,80,78,79,64,42,35,44,49,41,28,24,29,29,31,30,28,26,28,30,27,26,31,35,37,38,42,38,25,15,15,12,24,56,83,80,40,17,19,26,57,71,70,74,70,73,82,90,91,67,48,42,42,41,47,61,76,75,70,60,51,46,41,42,57,73,87,83,77,68,62,50,50,59,62,56,50,51,59,63,62,57,52,52,60,67,73,71,61,52,55,68,79,77,71,67,64,63,59,52,48,49,54,57,55,50,51,55,60,62,57,60,75,82,79,71,63,55,42,36,35,36,39,39,34,32,36,40,39,42,51,83,110,112,105,95,99,107,105,81,39,13,13,33,74,83,69,28,11,19,27,31,37,31,34,46,58,63,58,54,57,64,68,62,55,70,88,87,85,85,92,97,98,95,86,84,91,97,84,51,18,13,13,11,8,8,9,8,7,6,6,8,9,8,8,7,7,7,8,8,6,5,6,8,9,7
7,7,7,4,8,10,9,6,8,8,8,8,9,12,10,8,9,9,10,9,8,7,7,8,9,8,10,29,59,81,80,82,77,84,79,71,75,88,90,68,44,42,52,52,42,32,30,27,30,34,30,29,33,33,30,26,28,34,37,41,45,45,31,14,12,14,19,30,48,51,31,8,8,12,36,53,73,81,78,76,81,95,93,72,54,46,43,42,40,44,59,70,73,63,56,49,38,28,45,70,86,84,78,73,72,65,58,53,51,51,56,62,67,65,59,53,52,55,58,61,66,68,67,60,65,70,70,65,64,69,69,66,56,50,43,47,54,62,65,56,50,48,55,62,66,68,72,69,62,57,56,52,46,39,37,38,40,40,40,45,47,48,49,46,55,87,116,119,95,88,95,98,93,67,25,4,11,29,57,61,37,15,9,20,28,28,41,50,57,56,55,52,56,53,48,43,48,61,83,96,95,95,94,98,97,92,90,92,86,84,86,85,52,20,8,5,12,11,8,7,8,6,9,12,12,10,8,10,10,9,9,8,7,7,9,11,10,9,7,6
6,6,6,4,7,9,8,6,8,8,8,8,8,7,7,8,11,11,8,7,7,9,8,7,7,7,7,10,33,68,83,79,72,73,72,72,76,76,83,82,71,64,51,52,55,50,43,41,38,37,34,29,31,34,33,27,25,25,30,46,64,66,43,17,8,7,8,13,26,33,28,16,13,16,37,57,71,75,78,90,100,101,91,73,53,42,39,40,37,36,42,50,53,45,42,42,37,30,39,59,71,68,64,62,65,64,58,52,51,53,59,62,59,55,52,53,59,65,61,54,54,59,67,68,64,68,67,61,58,60,70,71,60,51,52,53,56,60,62,59,61,61,62,62,62,62,58,52,48,55,63,60,47,35,36,39,40,39,38,42,43,39,39,41,58,86,104,109,105,97,98,96,90,63,26,9,10,16,26,29,16,10,8,16,22,25,44,61,74,74,65,50,40,33,32,37,51,80,93,97,93,94,97,99,100,97,94,86,79,85,79,49,14,8,13,9,8,7,7,9,11,13,12,9,8,7,6,5,7,9,11,12,9,6,7,8,7,10,11,7
6,6,6,6,7,8,7,6,8,8,8,8,8,9,8,8,7,7,7,7,8,10,9,8,8,8,8,7,11,40,74,85,82,75,71,72,72,76,77,81,79,73,64,51,54,61,59,49,36,28,23,18,20,25,28,28,27,22,22,36,59,62,43,22,17,18,17,15,18,21,22,21,26,29,38,47,54,67,78,94,107,106,104,97,71,38,32,43,46,37,37,39,38,35,36,40,42,39,41,51,59,59,57,59,63,66,61,58,57,57,57,58,58,56,57,54,54,59,62,59,53,52,59,64,67,71,69,62,59,57,61,60,59,60,64,60,58,59,60,64,58,54,53,53,56,57,56,51,51,53,51,45,37,36,40,46,47,45,39,41,37,31,28,46,75,100,105,106,102,98,95,91,86,68,31,10,12,15,11,6,6,9,13,20,20,26,48,61,69,70,76,75,54,44,48,61,81,91,96,98,98,99,98,94,91,88,87,86,87,91,63,25,13,11,11,8,8,7,7,8,9,10,7,4,4,5,11,7,4,4,7,7,7,8,8,9,7,6,7,10
7,7,7,8,7,6,6,6,8,8,8,8,8,7,9,9,6,6,9,7,7,8,9,9,9,9,9,7,7,12,33,65,84,85,79,73,74,80,77,69,70,79,82,70,58,50,48,44,37,36,36,34,31,26,24,27,28,28,29,35,41,48,39,29,23,14,14,12,9,10,12,15,16,23,42,58,71,78,79,83,90,95,94,93,80,55,35,34,40,40,39,38,36,34,30,37,41,39,41,48,57,58,56,58,63,65,61,58,55,53,51,51,54,59,63,60,54,54,54,50,45,48,56,62,65,68,66,58,55,54,51,45,50,60,65,60,57,59,62,61,56,50,45,41,43,48,51,50,49,45,38,33,34,32,33,35,35,35,31,35,38,40,43,55,82,110,115,110,106,103,96,87,83,73,47,21,10,9,10,10,8,12,17,21,30,43,66,79,80,76,80,75,58,52,63,77,89,92,96,99,97,95,98,91,85,84,86,95,91,66,36,11,9,8,6,11,10,8,7,6,7,7,8,8,8,7,7,8,9,9,10,6,7,8,8,7,8,7,6,9
10,7,3,8,10,10,10,8,6,6,6,7,9,6,6,6,6,7,9,8,8,7,11,11,8,8,10,13,8,13,4,28,61,86,85,73,68,73,69,70,76,80,84,75,67,56,49,50,47,44,48,56,58,50,42,46,58,64,62,51,36,28,25,21,22,26,17,16,13,13,14,8,15,25,54,84,84,81,79,79,79,77,79,95,100,89,51,25,38,46,44,46,43,41,46,38,48,43,37,41,57,56,53,54,59,57,54,49,49,53,59,59,55,56,61,64,62,56,51,47,44,43,44,47,49,62,64,53,47,51,48,49,54,59,58,52,49,52,57,57,61,60,54,49,55,60,55,51,49,42,34,28,30,34,36,34,33,42,45,41,37,31,41,74,108,119,120,123,115,109,101,91,82,71,50,22,10,11,14,11,12,14,20,38,50,67,86,95,88,70,55,41,39,42,65,87,87,88,93,95,91,88,85,81,79,86,86,78,60,32,12,13,12,10,12,15,12,9,6,7,9,5,10,15,14,8,8,7,8,8,7,9,9,8,7,5,8,8,8,5
7,6,4,4,5,6,4,4,8,6,6,8,9,7,7,7,7,7,6,8,8,10,7,6,9,10,9,12,5,9,4,9,39,63,73,75,73,73,70,68,71,73,75,73,75,75,69,63,47,29,31,49,69,76,67,65,69,67,67,61,45,19,13,8,11,17,21,17,12,6,2,10,11,20,47,72,73,70,71,76,81,77,77,89,98,101,77,44,33,40,42,42,39,37,43,54,54,43,35,39,58,67,67,56,48,45,48,47,49,54,58,61,57,58,60,60,57,53,51,48,47,49,54,60,67,71,68,59,55,55,50,47,54,61,62,66,67,61,56,52,56,57,55,53,60,66,62,51,47,43,38,33,29,33,40,45,43,41,45,43,31,30,62,117,134,130,114,100,102,105,108,101,91,77,55,29,13,10,20,21,12,15,25,45,56,60,59,54,47,40,36,41,45,64,87,93,91,90,90,88,83,80,76,75,80,92,89,67,27,9,7,13,13,12,12,14,9,9,9,9,6,9,10,11,11,10,12,11,9,8,7,6,7,8,8,8,7,8,8,6
6,5,6,6,8,8,7,6,9,7,6,6,8,8,8,8,8,8,9,8,8,7,6,7,11,12,11,8,6,11,12,10,6,30,56,74,74,70,70,73,76,78,81,79,80,78,73,73,68,48,33,33,52,68,63,56,54,53,55,56,50,40,32,23,19,19,20,17,15,16,17,18,21,30,49,62,64,79,91,93,89,83,81,84,89,93,86,65,39,29,36,38,35,29,30,38,45,46,37,31,39,45,46,41,40,44,49,50,53,57,62,63,56,52,51,51,50,53,59,61,59,56,56,58,60,62,64,64,66,64,57,50,50,53,62,59,57,58,58,62,59,56,54,53,56,63,62,54,42,36,37,43,43,40,36,35,39,42,44,36,43,58,81,97,108,109,103,89,73,86,104,108,97,83,65,45,28,18,21,23,17,26,49,71,76,68,58,52,36,31,32,54,78,87,90,89,94,88,85,80,78,77,84,81,82,82,66,39,11,8,6,8,9,10,10,9,7,9,10,9,5,12,10,10,12,14,11,11,9,7,6,4,6,8,8,7,6,7,8,7
6,8,10,6,7,9,8,7,9,7,6,6,6,6,6,6,6,5,4,7,9,12,12,10,7,7,9,6,11,9,7,8,6,6,21,58,71,75,74,74,75,76,76,77,80,81,77,75,77,72,52,34,37,47,51,40,33,39,39,38,50,65,63,55,47,40,37,26,15,18,23,31,38,51,60,62,66,80,89,90,88,92,99,105,109,112,111,99,66,33,27,35,40,36,32,35,40,42,38,33,32,38,38,36,36,42,47,47,46,49,58,62,59,56,56,52,48,52,60,66,64,58,54,52,50,54,61,65,65,57,57,56,55,54,51,51,52,53,54,47,46,48,51,55,57,57,57,49,37,26,24,38,43,40,33,32,37,40,35,32,33,37,62,62,63,65,70,56,49,63,89,104,99,84,71,59,44,31,25,22,30,48,64,77,73,71,75,77,55,43,40,71,92,89,87,89,90,84,80,77,80,83,84,82,80,64,33,11,6,10,7,9,10,12,11,7,10,9,6,6,8,5,7,8,8,7,5,5,7,6,6,6,7,7,5,3,4,7,8,8
10,10,9,7,6,5,5,4,8,8,4,4,8,9,9,9,7,5,6,6,10,10,7,5,5,7,8,9,13,13,11,10,9,10,8,22,50,64,71,76,74,70,73,76,80,78,73,73,74,80,72,59,54,54,53,37,26,19,18,22,50,77,77,68,61,61,61,52,41,39,42,44,47,52,61,67,66,60,61,71,79,88,90,87,86,96,114,122,104,56,29,33,42,44,39,33,34,36,38,40,42,41,36,34,38,49,64,66,58,52,51,55,55,51,51,51,46,47,51,54,57,58,57,55,60,61,61,58,54,54,58,59,57,52,44,48,51,50,49,44,39,39,45,51,54,50,40,30,26,27,33,39,36,30,28,32,35,30,30,29,25,33,51,65,68,59,45,45,45,57,86,100,89,80,75,75,65,52,44,46,61,74,79,74,70,56,44,39,35,41,51,75,88,88,89,88,88,82,79,80,83,81,77,78,69,44,23,12,8,6,9,10,9,7,7,8,10,7,8,11,8,8,9,9,10,11,12,9,8,8,10,9,7,7,8,10,9,9,8,7
13,10,6,4,6,8,11,12,7,11,10,8,8,9,11,13,13,10,8,8,8,8,8,9,9,9,9,8,10,9,7,8,6,10,8,11,22,52,67,74,73,75,74,76,68,63,65,70,79,79,78,75,66,55,43,40,41,37,39,41,55,69,77,80,73,67,65,67,69,71,74,66,66,68,73,76,67,51,49,62,74,69,58,52,56,63,79,92,95,74,47,36,38,48,43,35,34,33,36,39,41,40,35,34,37,50,72,79,69,59,49,48,45,42,42,50,63,61,47,40,47,57,59,53,54,59,61,57,49,47,52,55,51,45,44,47,49,48,47,46,43,43,46,50,52,41,31,25,25,26,31,34,28,27,31,36,35,29,33,33,30,35,48,60,57,49,46,54,46,38,41,64,85,86,77,78,79,73,69,75,88,92,86,78,75,55,34,25,38,65,77,74,80,85,90,90,89,85,75,71,72,72,76,65,41,15,5,8,7,9,10,12,10,8,8,8,8,12,13,9,13,11,10,9,8,7,11,10,8,9,9,8,7,6,7,8,8,8,10,11
6,6,7,5,6,8,9,11,6,10,9,8,9,6,8,10,10,9,7,8,8,9,10,10,9,9,8,9,10,8,6,8,7,9,7,5,6,16,39,63,75,75,75,73,68,68,72,77,83,78,76,77,70,58,48,43,43,42,46,38,31,34,50,67,73,73,71,76,81,84,84,84,80,78,77,77,64,61,62,69,73,65,53,52,58,58,56,55,63,64,51,34,26,34,39,38,38,39,40,41,37,36,31,30,33,37,43,45,47,50,49,44,40,40,45,58,68,65,50,39,45,53,55,51,52,55,57,53,46,47,47,48,46,44,48,49,50,50,47,48,46,44,41,42,42,36,33,34,36,32,28,32,36,34,33,30,23,17,28,30,27,25,30,40,44,44,51,64,57,29,15,50,91,96,85,79,79,81,81,85,90,87,79,65,52,39,37,45,68,78,77,80,80,81,83,84,84,79,74,74,81,83,79,42,17,9,9,7,8,10,11,12,11,9,9,9,10,12,11,9,9,10,10,9,9,8,9,10,10,9,7,7,6,5,7,7,7,8,8,9
11,8,2,8,7,5,4,3,8,8,6,8,12,8,9,10,10,7,5,7,9,11,10,9,8,7,7,10,11,8,7,10,9,9,8,6,5,8,13,40,69,76,68,64,70,78,76,73,74,74,71,71,69,70,73,62,48,34,30,24,25,31,44,58,65,69,83,82,82,82,80,90,83,78,75,74,80,70,63,63,65,60,51,49,50,49,50,49,54,49,36,34,32,29,28,33,37,40,38,34,33,32,27,26,28,37,37,34,36,42,44,37,35,38,40,41,44,46,46,47,48,48,49,50,52,53,52,50,47,45,41,36,38,43,40,42,43,41,40,40,43,45,44,42,36,34,33,32,32,31,32,37,38,34,32,27,19,22,21,28,30,29,32,46,52,51,49,53,62,57,55,70,85,85,82,82,87,91,88,85,86,79,67,50,40,37,44,67,78,82,89,82,85,80,75,75,77,76,74,78,82,82,47,12,6,11,9,8,10,10,10,10,11,9,9,10,6,3,6,14,13,7,8,9,10,11,8,10,11,9,6,7,5,5,5,7,7,7,5,4
6,6,6,6,6,6,6,6,7,7,7,7,7,7,7,7,7,7,6,7,7,8,8,10,8,4,6,9,9,9,9,9,9,9,8,8,7,7,7,15,39,58,70,69,67,66,68,69,70,72,71,70,67,67,72,73,67,54,36,28,28,39,54,67,67,71,76,79,77,74,75,72,75,77,80,81,82,80,76,67,64,67,65,52,49,53,57,58,52,41,37,36,33,28,23,25,31,38,38,34,36,39,34,28,29,32,34,36,37,37,41,45,49,48,46,45,44,45,46,50,50,49,47,44,39,39,41,47,52,49,42,35,37,41,50,48,45,40,37,36,41,44,42,37,30,26,25,29,30,31,30,31,31,34,33,30,28,29,28,34,32,30,35,45,53,52,46,45,56,78,85,88,82,81,86,87,83,80,80,82,84,78,68,58,50,58,72,74,74,77,79,80,82,80,77,76,76,77,75,76,63,44,20,6,11,10,10,9,9,9,9,9,9,7,7,8,8,8,8,8,8,6,7,8,10,10,8,9,10,8,6,7,5,5,5,7,4,4,4,4
4,4,4,4,4,4,4,4,5,5,5,5,5,5,5,5,5,5,5,4,6,6,8,10,8,5,7,7,6,6,6,6,7,8,8,10,11,6,8,3,11,27,52,64,63,59,64,64,65,66,67,68,66,63,61,60,62,61,53,42,30,30,45,61,67,70,72,71,65,63,66,72,75,75,73,70,72,79,83,80,78,80,83,73,62,60,61,57,47,37,36,35,30,26,22,23,27,33,36,36,37,37,33,27,26,26,33,37,37,35,37,47,52,52,49,43,35,31,32,36,44,52,53,46,43,41,38,40,43,54,47,41,40,40,46,41,39,39,40,47,46,42,37,32,28,28,29,31,32,33,31,30,29,28,25,22,25,32,33,31,25,23,26,40,44,42,41,45,76,91,92,86,76,78,78,77,74,74,75,78,81,76,64,54,56,68,67,70,72,73,74,74,75,69,62,62,64,73,71,54,25,9,7,9,9,9,11,9,9,9,9,10,10,8,7,6,7,7,7,7,7,9,9,7,6,5,8,8,8,7,6,5,3,2,4,5,5,5,5,5
3,3,3,3,3,3,3,3,4,3,3,3,3,3,3,3,3,3,2,3,4,5,4,5,5,3,5,4,3,3,3,3,6,5,5,6,5,8,7,3,5,10,21,36,44,48,48,43,42,44,48,52,55,52,47,47,47,50,52,43,31,26,32,42,51,57,55,57,55,52,54,55,56,59,61,62,57,57,60,66,69,69,73,67,55,48,46,42,37,33,31,29,26,24,24,25,25,25,26,27,28,27,26,24,21,18,20,22,24,24,28,29,31,32,29,25,22,23,24,27,32,38,39,34,29,30,34,36,38,37,35,32,30,29,27,30,32,33,32,29,28,24,21,18,20,25,25,22,20,21,21,22,22,18,18,18,21,26,26,25,24,24,24,25,29,34,49,67,79,76,64,62,58,58,52,51,56,61,62,57,50,37,32,36,45,54,53,50,50,51,52,53,53,51,47,47,47,49,37,23,12,9,8,9,4,7,3,5,5,5,5,6,7,6,5,6,5,4,4,4,4,5,5,4,3,3,4,5,5,4,2,3,2,2,2,4,3,3,3,3
