47,51,55,57,65,45,23,57,72,68,70,69,70,71,66,61,58,56,55,55,54,52,50,49,47,43,39,36,32,26,21,17,14,12,10,8,7,6,4,3,1,0,0,0,0,0,0,0,121,119,0,0,0,0,0,0,0,0,0,0,0,0,0,0,0,0,0,0,0,0,0,0,0,0,0,0,0,0,0,0,0,0,0,0,0,0,0,0,0,0,0,0,0,0,0,0,0,0,0,0,0,0,0,0,0,0,0,0,0,0,0,0,0,76,150,25,0,0,0,0,0,0,0,0,0,0,0,0,0,0,0,0,0,0,0,0,0,0,0,0,0,0,0,0,0,0,0,0,0,0,1,0,0,0,0,0,0,0,0,0,0,0,0,0,0,0,1,0,0,0,0,43,154,56,0,0,0,0,0,0,0,0,0,0,0,0,0,0,0,0,0,0,0,0,0,0,0,0,0,0,0,31,68,14,0,0,0,0,0,0,0,0,0,0,0,0,0,121,119,0,0,0,0,0,109,130,1,0,0,0,0,0,0,0,0,0,0,0,0,0
64,69,76,83,88,93,97,99,102,105,107,119,73,1,75,121,110,109,111,113,114,115,116,116,116,116,114,112,109,105,103,100,96,91,89,85,80,76,70,64,58,51,42,34,29,15,5,4,0,0,0,0,0,0,0,0,0,0,0,0,0,0,0,0,0,0,0,0,0,0,0,0,0,0,0,0,0,0,0,0,0,0,0,0,0,0,0,0,0,0,0,0,0,0,0,0,0,0,0,0,0,0,0,0,0,0,0,0,0,0,0,0,0,0,0,0,0,0,0,0,0,0,0,0,0,0,0,0,0,0,0,0,0,0,0,0,0,0,0,0,0,0,0,0,0,0,142,245,197,42,0,0,0,0,0,0,0,0,0,0,0,0,0,0,0,0,0,110,199,28,0,0,0,0,0,1,0,0,0,0,0,0,0,0,0,0,0,0,0,0,0,0,0,0,0,0,0,0,0,0,0,9,20,4,0,0,0,0,0,0,1,0,0,0,1,0,0,0,0,0,0,0,0,0,0,0,0,0,0,0,0,0,0,0,0,0,0,0,0,0
59,66,77,84,90,94,95,98,100,101,102,110,88,60,147,162,112,118,120,123,128,130,134,137,134,163,183,149,142,142,136,142,145,143,143,142,146,157,148,134,129,128,125,117,104,159,171,91,74,68,56,46,33,22,14,8,2,0,0,0,0,0,0,0,0,0,0,0,0,0,0,0,0,0,0,0,0,0,0,0,0,0,0,0,0,0,0,0,0,0,0,0,81,145,120,28,0,0,0,0,1,0,0,0,1,1,0,0,0,0,0,0,0,0,0,0,0,0,0,0,0,0,0,0,0,0,0,0,0,0,0,0,0,0,0,0,0,0,3,107,84,0,0,0,1,1,0,0,0,0,2,0,0,0,0,0,0,0,0,0,0,0,0,0,46,124,36,0,0,0,2,0,0,104,97,0,0,0,0,0,0,0,0,0,0,0,0,0,0,0,0,0,0,0,0,0,0,0,0,0,0,0,0,0,0,0,0,0,0,0,0,55,141,138,55,0,0,0,0,0,0,0,0,0,0,0,0,0,0,0,2,0,0,0,1,0,0,0,0,0
51,59,70,77,80,82,83,83,83,85,86,95,101,98,91,92,99,100,102,105,109,113,117,122,125,126,127,133,127,157,212,166,134,143,145,166,126,5,81,193,213,175,152,156,154,153,152,149,145,141,137,126,115,107,102,87,70,59,49,24,2,4,3,1,1,0,0,0,0,0,0,0,0,0,0,0,0,0,0,0,0,0,0,0,0,0,0,0,0,0,0,0,0,0,0,0,1,0,0,0,0,0,170,156,0,0,0,0,0,12,13,0,0,8,15,3,0,0,0,0,0,0,0,0,0,0,0,0,0,0,0,0,0,0,0,0,0,1,0,0,0,1,0,0,0,0,0,0,0,0,0,0,0,0,0,0,0,0,0,0,0,0,0,1,0,0,0,1,0,0,0,0,0,0,0,1,14,10,0,0,0,0,0,0,0,0,0,0,0,0,0,0,0,0,0,0,0,0,0,0,0,0,0,0,0,0,0,0,0,0,0,1,0,0,0,1,0,0,0,0,0,0,0,0,0,0,0,0,0,0,0,129,191,14,0,0,0,0,0,0
35,43,54,61,64,66,66,72,42,25,64,109,111,72,70,73,74,68,150,184,98,91,102,105,107,109,111,111,114,115,114,119,125,128,128,148,161,149,145,143,143,148,152,154,156,158,160,160,158,168,180,163,151,157,176,157,132,127,119,109,97,86,72,57,43,30,19,11,1,0,0,0,0,0,0,0,0,0,0,0,0,0,0,0,0,0,0,17,146,206,138,10,0,0,0,0,2,0,0,0,0,0,0,0,1,0,0,0,0,55,62,0,0,37,73,12,0,0,0,0,0,0,0,0,0,0,0,0,0,0,0,0,0,0,0,0,0,0,0,0,0,0,0,0,0,0,0,0,0,0,0,0,2,0,0,0,1,0,0,0,0,0,0,0,0,0,0,0,0,0,0,0,0,0,0,5,68,46,0,0,0,0,0,0,0,0,0,0,0,0,0,0,7,154,112,0,0,0,0,0,0,0,0,0,0,36,171,77,0,0,0,0,0,0,0,0,0,0,0,0,0,0,0,0,3,0,0,0,3,0,1,0,0,0,1,0,0,0,0,0
16,21,27,29,30,32,33,38,18,9,35,41,39,38,39,41,46,52,47,51,69,75,77,78,79,81,82,83,85,89,92,95,98,101,105,108,111,113,116,120,124,129,132,135,142,146,148,149,151,152,153,153,153,154,155,155,155,154,154,153,149,145,138,128,120,114,85,51,65,63,42,29,14,5,3,0,0,0,0,0,0,0,0,0,0,0,2,0,0,0,0,0,0,69,182,48,0,0,0,0,0,0,0,0,0,0,0,0,0,1,0,0,0,1,0,0,0,0,0,0,0,0,0,0,0,0,0,0,0,0,0,0,0,1,0,0,0,1,0,0,0,0,0,0,0,0,0,1,0,0,0,0,0,174,206,0,0,0,0,0,0,0,0,0,0,0,0,0,0,0,0,0,0,0,0,0,0,0,0,0,0,0,0,0,0,0,0,0,0,0,0,1,0,0,0,2,0,0,0,0,0,0,0,0,2,0,0,0,0,1,47,37,0,0,0,0,0,0,0,0,0,0,0,0,0,57,183,60,0,0,0,0,0,0,0,0,0,0,0,0
1,3,4,2,2,3,3,3,3,4,5,5,6,7,9,13,18,22,29,35,38,41,42,42,43,44,46,48,51,54,59,61,65,69,72,74,76,80,84,89,93,78,153,218,133,111,125,129,132,136,139,140,142,144,143,152,160,159,154,152,152,147,156,162,150,148,138,125,129,125,113,102,95,80,60,43,27,13,1,0,0,0,0,0,0,0,0,0,0,0,0,0,0,0,0,0,0,0,0,0,0,0,0,0,0,0,0,0,0,0,70,207,64,0,0,0,1,0,0,0,0,0,0,0,0,0,0,0,0,0,0,0,0,0,44,204,90,0,0,0,0,0,0,0,0,0,0,0,12,186,129,0,0,16,19,0,0,0,0,0,0,0,0,0,0,0,0,0,0,0,0,0,0,0,0,0,0,0,0,0,0,0,0,0,0,0,0,0,0,0,0,0,0,0,0,0,0,0,0,0,0,0,0,1,0,0,0,1,0,4,199,158,0,0,2,0,0,0,2,0,0,0,0,0,0,0,0,0,0,0,0,0,0,0,0,0,0,0,0,0
0,0,0,0,0,0,1,0,2,0,0,0,2,0,0,0,1,3,4,6,7,8,8,9,10,11,14,16,18,21,23,28,24,20,34,41,43,44,46,45,55,140,93,1,60,75,103,165,125,94,108,113,118,126,138,32,0,37,114,149,148,193,113,57,141,155,150,151,151,151,150,152,89,65,123,119,102,88,74,48,54,112,55,0,0,0,0,0,0,0,0,0,0,0,0,0,0,0,0,0,0,0,0,0,0,0,0,0,0,2,0,0,0,56,133,22,0,0,0,0,0,0,0,0,0,0,0,0,0,0,0,0,0,2,0,0,0,2,0,0,0,0,0,0,0,0,0,1,0,0,0,2,0,0,0,0,0,0,0,0,0,0,0,0,0,0,0,0,17,113,61,0,0,0,0,0,0,0,0,0,0,0,0,0,0,0,0,0,0,0,0,0,0,0,0,0,0,0,0,0,0,0,0,0,81,124,11,0,1,0,0,0,2,0,0,35,135,52,0,0,0,0,0,0,0,0,0,0,0,0,0,0,0,0,0,0,0,0,0,0
0,0,0,0,169,159,0,0,0,40,207,98,0,0,0,0,0,0,0,0,0,1,1,1,2,3,3,4,6,8,8,12,15,18,20,22,25,26,26,26,26,26,28,30,32,35,37,38,49,61,67,73,80,87,92,91,140,211,148,109,124,129,132,135,136,139,142,144,146,147,147,148,148,148,148,146,142,137,131,123,110,93,81,68,51,35,15,1,1,0,0,0,0,0,0,0,0,0,0,0,0,0,9,9,0,0,0,0,0,0,0,2,180,147,0,0,0,0,0,0,5,12,3,0,0,0,0,0,0,0,0,0,0,0,0,0,0,0,0,0,0,0,0,0,0,0,0,0,0,0,0,0,0,0,0,0,0,0,0,0,0,0,0,0,0,0,0,1,0,0,0,1,0,0,0,0,0,0,0,0,0,0,0,0,0,0,0,0,0,0,0,0,0,0,0,2,11,6,0,0,9,9,0,0,0,0,0,0,0,0,0,0,0,0,0,0,0,0,0,0,0,0,0,0,0,0,0,0,0,0,0,0,0,0,0,0,0,0,0,0
0,0,1,0,0,0,1,0,1,0,0,0,1,0,0,0,0,0,0,40,167,69,0,0,0,1,2,2,3,4,5,7,10,11,14,17,19,19,23,6,0,7,22,18,18,4,60,175,87,15,35,38,42,46,50,56,61,63,75,90,85,32,63,121,126,125,125,129,144,82,38,124,150,143,145,145,146,148,147,146,144,140,134,125,113,101,84,67,51,31,14,4,0,0,0,0,0,0,0,0,0,0,65,60,0,0,0,0,0,0,1,0,0,0,0,0,0,2,0,0,32,80,20,0,0,0,0,0,0,0,0,0,0,0,0,0,0,0,0,0,0,0,0,0,0,0,0,0,0,0,0,0,0,0,0,0,0,0,0,0,0,0,0,0,0,0,0,0,0,0,0,0,0,136,126,0,0,0,0,0,0,0,0,0,0,0,0,0,0,0,0,0,0,0,0,13,78,40,0,0,66,59,0,0,0,0,0,0,0,0,0,0,0,0,0,0,0,0,0,0,0,0,0,0,0,0,0,0,0,0,0,0,0,0,0,0,0,0,0,0
0,0,16,58,21,0,0,1,0,0,0,1,0,0,0,0,0,0,2,0,0,0,3,0,0,0,0,0,0,1,0,1,2,4,5,6,7,9,0,72,189,65,0,16,16,14,26,52,32,17,22,22,22,23,24,26,29,33,37,42,50,64,75,52,3,51,97,94,98,112,123,116,118,124,128,132,135,137,139,140,141,142,144,144,142,139,132,123,113,99,83,68,51,27,7,4,1,0,0,39,50,1,0,0,0,0,0,0,0,0,20,58,17,0,22,176,102,0,0,0,0,0,0,0,0,0,0,0,0,0,0,0,0,0,0,0,0,0,0,0,0,0,0,0,0,0,0,0,0,0,0,0,0,0,0,0,0,0,0,0,0,0,0,0,0,0,0,0,0,0,0,1,1,0,0,1,1,0,0,0,0,0,0,0,0,0,0,0,0,0,0,22,57,15,0,0,0,0,0,0,0,0,0,0,0,0,0,0,0,0,0,0,0,0,0,0,0,0,0,0,0,0,0,1,0,0,0,0,0,0,0,0,0,0,0,0,0,0,0,0
0,0,8,30,11,0,0,0,117,190,19,0,0,0,0,0,0,0,0,0,0,0,0,0,0,0,0,0,0,0,0,0,0,0,0,0,0,0,1,2,1,4,7,9,9,7,18,40,25,12,15,17,17,17,18,18,19,22,24,26,29,32,36,39,43,47,50,53,57,63,69,76,84,94,103,110,116,120,124,127,130,133,136,138,140,142,143,141,139,134,126,117,94,139,199,96,34,25,0,15,23,0,0,0,0,0,0,0,0,0,10,30,11,0,0,0,0,0,0,0,0,0,0,0,0,0,0,0,0,0,0,0,0,0,0,0,0,0,0,0,0,0,0,0,0,0,0,0,0,0,0,0,0,0,0,0,0,0,0,0,0,0,0,0,0,0,2,0,0,0,1,0,0,0,0,0,0,0,0,0,0,0,0,0,0,0,0,0,0,0,0,12,30,8,0,0,0,0,2,0,0,0,0,0,0,0,0,151,166,0,0,0,0,0,0,0,0,0,0,0,0,0,0,0,144,172,1,0,0,0,0,0,0,0,0,0,0,0,0,0
0,0,0,0,0,0,0,2,0,0,0,2,0,0,0,0,0,0,0,0,0,0,0,0,0,0,0,0,0,0,0,0,0,0,0,0,0,0,0,0,0,0,0,0,0,0,0,1,1,3,5,5,6,9,11,13,15,16,18,21,23,26,29,32,33,32,32,32,33,24,18,30,107,135,68,70,85,93,100,107,113,117,121,127,132,135,138,141,141,143,142,140,138,123,104,112,100,109,180,117,34,28,15,4,0,0,0,0,0,0,0,0,0,69,137,23,0,0,0,0,0,0,0,0,0,0,0,0,0,0,0,0,0,2,0,0,0,2,0,0,0,0,0,0,0,0,0,0,0,0,0,0,0,0,0,0,0,0,0,0,0,0,0,0,0,0,0,74,135,19,0,0,0,0,0,0,0,0,0,0,0,0,0,0,0,0,0,0,0,0,0,0,0,0,0,22,136,70,0,0,0,0,0,0,0,1,1,0,0,0,1,0,0,0,0,0,0,0,0,0,0,0,0,2,0,0,0,1,0,0,0,0,0,0,0,0,0,0,0,0
0,0,2,8,3,0,0,0,0,0,0,0,0,0,0,0,0,0,0,0,0,0,0,0,0,0,0,0,0,0,0,0,0,0,0,0,0,0,0,0,0,0,0,0,0,5,7,0,0,0,0,0,0,1,2,5,8,9,9,15,21,18,20,25,27,31,32,32,32,33,33,31,29,31,38,44,52,58,63,71,79,86,94,102,108,113,120,126,129,132,133,134,126,165,213,154,122,127,123,116,105,94,80,63,44,26,8,0,0,0,0,0,0,0,0,0,0,0,0,0,0,0,0,0,0,0,0,0,0,0,0,0,0,0,45,210,93,0,0,0,0,0,0,0,0,0,0,0,0,0,0,0,0,0,0,0,0,0,0,0,0,0,0,0,0,0,0,0,0,0,0,0,0,0,0,0,0,0,0,0,0,0,0,0,0,0,0,0,0,0,0,0,0,0,0,0,0,0,0,0,0,0,0,0,0,0,0,0,0,0,0,0,0,0,0,0,0,0,0,0,0,0,0,0,0,0,0,0,0,0,0,0,0,0,0,0,0,0,0,0
0,0,24,87,32,0,0,0,0,0,0,0,0,0,0,0,0,0,0,0,0,3,0,0,0,2,0,0,0,0,0,0,0,0,0,0,0,0,0,57,164,49,0,0,0,56,77,4,0,0,0,0,2,0,0,0,0,1,0,40,84,19,0,8,11,15,20,25,28,32,31,21,29,32,21,30,38,37,40,42,46,51,57,65,73,81,91,99,105,103,133,195,155,115,123,129,133,133,134,134,131,126,121,113,98,65,54,50,30,14,2,0,0,0,0,2,0,0,0,1,0,0,0,0,0,0,0,0,0,135,119,0,0,1,0,0,0,1,0,0,0,0,0,0,0,0,0,0,0,0,0,0,0,0,0,0,0,0,0,0,0,0,0,0,61,163,44,0,0,0,0,3,0,0,0,0,0,0,0,0,0,0,1,139,114,0,0,0,0,0,0,0,0,0,0,0,0,0,0,0,0,0,0,0,0,0,0,0,0,0,3,0,0,0,2,0,0,3,0,0,0,2,0,0,0,0,0,0,0,0,0,0,0,0,0,0,0,0,0,0
0,0,0,0,0,0,0,0,0,0,0,0,0,0,0,0,0,0,0,0,0,0,73,190,49,0,0,0,0,0,0,0,0,0,0,0,0,0,2,0,0,0,2,0,0,0,0,0,0,77,189,46,0,0,0,0,0,0,0,0,0,0,0,0,0,0,1,4,8,15,22,27,32,36,38,39,39,38,37,35,34,34,34,36,39,42,49,56,63,73,80,81,95,111,114,95,106,130,130,131,132,133,133,131,127,122,115,104,92,76,57,40,15,29,46,0,117,169,9,0,0,0,0,0,0,0,36,45,1,0,0,1,1,0,0,0,0,0,0,0,0,0,0,0,0,0,0,0,0,0,0,0,0,0,0,0,0,0,0,0,0,0,0,2,0,0,0,0,27,176,94,0,0,0,0,0,0,0,0,0,0,1,0,0,0,2,1,0,0,0,0,0,0,0,0,0,0,0,0,0,0,0,0,0,0,11,51,23,0,0,0,96,184,29,0,0,0,0,78,189,46,0,0,0,1,0,0,0,0,0,0,0,0,0,0,0,0,0,0,0
0,0,1,0,0,0,1,1,0,0,0,145,167,0,0,0,0,0,0,0,0,2,0,0,0,4,0,0,0,2,0,0,0,0,2,0,0,0,0,2,0,0,0,0,0,0,0,0,0,0,0,0,0,0,0,0,0,0,0,0,0,0,0,0,0,0,0,0,0,2,7,14,21,28,32,35,37,39,39,39,38,37,36,34,31,30,29,29,32,37,46,56,67,81,91,84,98,117,119,121,124,126,128,129,129,130,128,124,119,113,104,92,75,77,75,34,4,0,0,0,0,0,0,0,0,0,24,30,0,0,0,0,2,0,0,0,1,0,0,0,0,0,0,0,0,0,0,0,0,0,0,0,0,0,1,0,0,0,0,0,0,2,0,0,0,0,0,0,29,189,102,0,0,0,0,0,0,0,0,0,0,0,2,170,141,0,0,0,0,0,0,0,0,2,0,0,0,1,0,0,0,0,0,0,0,7,34,15,0,0,0,0,0,0,0,0,0,0,0,0,0,113,189,22,0,0,0,0,0,0,0,0,0,0,0,0,0,0,0,0
0,0,0,0,117,111,0,0,0,0,1,0,16,106,34,0,0,0,0,0,0,0,56,146,38,0,23,141,74,0,0,0,1,0,0,63,166,156,55,0,0,0,0,0,0,0,0,0,0,0,0,0,0,0,0,0,0,0,0,0,0,0,0,0,0,0,0,0,0,0,0,0,2,5,10,14,18,23,28,33,37,41,43,43,43,34,81,118,44,19,28,31,37,47,59,69,81,91,98,105,111,113,117,121,123,125,125,125,126,127,122,114,114,110,98,86,68,48,30,13,1,0,0,0,0,0,0,32,106,36,0,0,0,88,134,11,0,0,0,0,0,0,0,0,0,0,0,0,0,0,0,0,0,0,0,0,123,94,5,134,84,0,0,0,0,0,0,2,0,0,0,2,0,0,0,0,0,0,0,0,0,1,0,0,0,2,0,0,0,0,0,0,0,0,80,139,18,0,0,0,0,0,0,0,0,0,0,0,0,0,0,0,0,0,0,0,0,0,0,0,2,0,0,0,2,0,0,0,0,0,0,0,0,0,0,1,0,0,0,1
0,0,0,0,0,0,0,3,2,0,0,0,0,0,0,0,0,0,0,0,0,0,0,0,0,0,0,0,0,0,0,0,0,17,196,127,0,0,0,0,0,0,0,0,0,0,0,0,0,0,0,0,0,0,0,0,0,0,0,0,0,0,0,0,0,0,0,0,0,0,0,0,0,0,0,0,0,1,5,11,17,22,28,36,39,6,13,45,43,40,37,35,32,33,38,43,51,60,67,76,85,93,100,107,112,116,119,120,121,112,154,214,151,113,120,116,108,97,84,67,45,26,6,0,0,0,0,0,0,0,0,0,0,0,0,0,0,0,0,0,0,0,0,0,0,0,0,0,0,0,0,0,0,0,0,0,0,0,0,0,0,0,0,0,0,0,0,0,0,0,0,0,0,0,0,0,0,0,0,0,0,0,0,0,0,0,4,2,0,0,0,0,0,0,0,0,0,0,0,0,0,0,0,0,0,0,0,0,0,0,0,0,0,0,2,3,0,0,0,0,0,0,0,0,0,0,0,0,0,0,0,0,0,0,0,0,6,186,142,0
0,0,0,0,0,0,6,84,57,0,0,0,0,0,0,78,152,6,0,2,0,0,0,0,0,0,0,0,0,0,0,129,118,0,0,0,1,0,0,0,0,0,0,0,0,0,0,0,0,0,0,0,0,0,0,0,0,0,0,0,0,0,2,0,0,0,3,0,0,0,0,0,0,0,0,0,0,0,0,0,0,1,4,8,15,26,33,36,41,44,45,46,44,42,41,38,36,37,40,45,53,62,72,83,93,108,61,39,108,123,117,115,120,123,123,123,122,119,114,105,92,76,60,42,24,6,0,0,0,0,0,0,0,0,0,0,0,0,0,0,0,0,0,0,0,0,0,0,0,0,0,0,0,0,0,0,0,0,0,0,0,0,0,0,0,0,0,0,0,0,0,0,0,0,2,0,0,78,149,15,0,0,0,0,0,10,87,51,0,0,0,0,0,0,0,0,0,0,0,0,0,0,0,2,0,0,0,2,0,0,0,0,0,0,60,82,4,0,0,0,0,0,0,0,0,0,0,0,0,0,0,0,35,157,67,0,0,0,0,1
0,0,0,0,0,0,0,0,0,0,0,0,0,0,2,0,0,178,110,0,0,0,0,0,0,0,0,0,0,1,0,0,0,1,1,0,0,0,0,0,0,0,0,0,0,0,0,0,0,0,0,0,0,0,0,0,0,0,0,0,0,0,0,42,192,83,0,0,0,0,0,0,0,13,46,17,0,0,0,0,0,0,0,0,0,0,2,9,14,22,31,37,43,47,47,47,44,39,36,27,25,35,42,52,63,74,94,106,104,108,114,116,118,121,125,128,108,100,120,100,96,113,111,55,13,49,40,15,3,0,0,0,0,28,42,3,0,0,0,0,0,0,0,0,0,0,0,0,0,0,0,0,0,0,0,0,0,0,0,0,0,0,0,0,0,0,0,0,0,0,0,0,0,0,0,14,179,106,0,0,2,0,0,0,0,0,0,0,0,0,0,0,0,0,0,0,0,0,0,0,38,34,0,0,116,178,15,0,0,0,0,0,0,0,0,0,0,0,0,0,0,0,0,0,0,0,0,0,0,0,0,2,0,0,0,2,0,0,0,0
0,0,0,0,0,0,0,0,0,0,1,0,0,0,1,0,0,0,0,0,0,0,0,0,0,0,0,0,0,0,0,0,0,0,0,0,0,0,0,1,0,0,0,1,0,0,0,0,0,1,0,0,0,2,0,0,0,0,0,0,0,0,0,0,0,0,1,0,0,0,0,0,0,11,40,15,0,0,0,0,0,0,0,0,0,0,0,0,0,1,5,11,20,30,36,40,43,43,41,33,28,31,31,34,41,49,61,74,83,94,103,107,124,71,1,0,54,111,119,114,63,21,91,128,115,96,79,60,43,23,5,0,0,24,37,3,0,0,0,0,0,0,0,0,0,0,0,0,0,0,0,0,0,0,0,0,0,0,0,0,0,0,0,0,0,0,0,0,0,0,0,0,0,0,0,0,0,0,0,0,0,0,0,0,0,0,0,0,0,0,0,0,0,0,0,0,0,0,0,0,33,29,0,0,0,0,0,0,0,0,0,0,0,0,0,0,0,0,0,0,0,0,0,0,0,0,0,0,0,0,0,0,0,0,0,0,0,0,0,0
0,0,0,0,0,0,0,0,0,0,0,109,126,0,0,0,0,0,63,90,5,0,0,0,0,0,0,0,0,0,0,0,0,0,0,0,0,0,0,27,102,160,94,0,0,0,0,0,0,0,8,136,97,0,0,0,0,0,0,0,0,0,0,0,0,0,0,0,0,0,0,0,0,0,0,0,0,0,0,0,0,0,0,0,0,84,71,0,0,0,0,0,0,2,8,14,22,28,31,34,34,32,30,28,28,30,36,45,55,59,100,152,114,102,122,126,121,115,117,124,89,47,108,79,37,101,111,96,84,69,53,36,14,0,0,0,0,36,100,29,0,0,0,0,0,0,0,0,0,0,0,0,0,0,0,0,0,47,98,18,0,0,0,0,0,0,0,0,0,0,0,0,0,0,0,0,0,0,0,0,0,0,0,0,0,0,0,0,0,0,0,0,0,0,0,0,0,0,0,0,0,0,0,0,0,0,0,0,0,0,0,0,0,0,0,0,0,0,0,0,0,56,94,11,0,0,0,0,0,0,0,0,0,0,0,0,0,0,0,0
0,0,0,0,0,0,0,0,0,0,0,0,0,0,0,0,0,0,0,0,0,0,0,0,0,0,0,0,0,0,0,0,0,0,0,0,0,0,0,0,0,0,0,0,0,0,0,0,0,0,0,0,0,0,0,0,0,0,0,0,0,0,0,0,0,0,0,0,0,0,0,0,0,0,0,0,0,0,0,0,0,0,0,0,0,0,0,0,0,0,0,0,0,0,0,0,0,2,6,13,19,23,25,25,24,23,23,26,31,38,48,59,69,80,90,98,104,108,112,114,115,115,115,114,113,112,110,106,102,104,52,0,43,44,17,2,0,0,0,0,0,0,0,0,0,0,0,0,0,0,0,0,0,0,0,0,0,0,0,0,0,0,0,0,0,0,0,0,0,0,0,0,0,0,0,0,0,0,0,0,0,0,0,0,0,0,0,0,0,0,0,0,0,0,0,0,0,0,0,0,0,0,0,0,0,0,0,0,0,0,0,0,0,0,0,0,0,0,0,0,0,0,0,0,0,0,0,0,0,0,0,0,0,0,0,0,0,0,0,0
0,0,0,0,0,0,0,0,0,0,0,0,0,1,129,108,0,0,0,1,1,0,0,1,1,0,0,0,0,1,0,0,0,1,1,0,0,0,0,0,0,0,0,0,0,0,0,0,0,0,0,0,0,0,0,0,0,0,0,0,0,0,0,0,0,0,0,0,0,0,0,0,0,0,0,0,0,0,0,0,0,0,0,0,0,0,0,0,0,0,0,0,0,0,0,0,0,0,0,0,0,1,81,79,8,12,15,16,16,21,17,11,34,53,63,73,84,95,103,107,110,112,113,112,112,112,112,112,110,107,107,101,80,69,60,43,22,4,0,0,0,0,0,0,0,0,0,0,0,0,0,0,0,0,0,0,0,0,0,0,0,0,0,0,0,5,134,101,0,0,0,0,0,0,0,0,0,0,0,0,0,0,0,0,0,0,0,0,0,0,0,0,0,0,0,0,0,0,0,0,0,0,0,0,0,0,0,0,0,0,0,0,0,0,2,0,0,0,3,0,0,0,0,0,0,0,0,0,0,0,2,0,0,0,2,0,0,0,0,0
0,0,0,0,0,0,0,0,0,0,0,26,31,0,0,0,2,0,0,0,0,152,155,0,0,0,0,0,0,0,0,161,144,0,0,0,0,0,0,0,0,0,0,0,0,0,0,0,1,0,0,0,0,0,0,29,35,0,0,0,0,0,0,0,0,0,0,0,0,0,0,0,0,0,0,0,0,0,4,6,6,5,0,15,41,13,0,0,0,0,0,0,0,0,0,0,0,0,0,0,0,0,0,0,0,2,4,7,9,0,74,197,74,7,35,45,59,72,81,93,102,105,107,109,111,112,112,112,112,113,104,119,204,165,86,85,72,52,32,11,0,0,0,0,0,0,0,0,0,0,0,0,0,0,0,0,0,0,0,0,0,0,0,0,2,0,0,0,2,0,0,0,0,0,0,0,0,0,0,0,0,0,0,0,0,0,0,0,0,0,0,0,0,0,0,0,0,0,0,0,0,0,0,0,0,0,0,0,0,0,0,0,0,0,0,51,197,76,0,0,0,0,0,0,0,0,0,0,0,0,0,121,179,13,0,0,0,0,0,0
0,0,0,0,0,0,0,0,0,0,0,173,190,0,154,137,0,0,0,0,0,0,0,0,0,0,0,0,0,0,0,0,82,192,41,0,0,0,0,0,0,0,0,0,0,0,0,0,0,78,194,48,0,0,0,32,38,0,0,0,0,0,0,0,0,0,0,0,0,0,0,0,0,0,0,0,81,194,55,0,20,19,14,31,56,22,0,0,0,0,0,0,0,0,0,0,0,0,0,0,1,0,0,0,1,0,0,0,1,4,5,5,11,18,24,29,38,49,60,71,83,92,98,103,106,107,109,111,112,112,121,105,15,52,125,111,104,90,74,57,34,12,0,0,0,0,0,0,0,0,0,0,0,0,0,0,0,0,0,2,0,25,192,83,0,0,0,0,0,0,0,0,0,0,0,0,0,0,0,0,0,0,0,0,0,0,0,0,0,0,0,0,0,0,0,0,0,134,167,3,0,0,0,0,0,0,0,0,0,0,0,0,0,0,1,0,0,0,0,0,0,2,0,0,0,0,0,0,0,0,1,0,0,0,147,156,0,0,0,0
0,0,0,0,0,0,0,0,0,1,1,0,0,0,0,0,2,0,0,0,0,0,0,0,0,0,0,0,0,0,0,3,0,0,0,2,0,0,69,77,0,0,0,0,0,0,0,0,3,0,0,0,2,0,0,0,0,0,0,0,0,0,0,0,0,0,0,0,0,0,0,0,0,0,0,2,0,0,4,8,7,21,26,25,23,19,14,8,3,0,0,0,0,0,0,0,0,0,0,0,0,0,127,117,0,0,1,0,0,0,1,2,7,14,18,21,26,31,37,39,86,137,98,60,60,95,106,106,108,110,112,116,128,125,119,126,120,110,102,92,75,55,41,17,0,0,0,0,0,0,0,0,0,0,0,0,0,0,0,0,100,137,0,0,3,0,2,0,0,0,1,0,0,0,0,0,0,0,0,0,0,0,1,80,66,0,0,0,0,0,0,0,0,0,0,0,2,0,0,0,1,0,0,0,0,0,0,69,77,0,0,0,0,0,0,0,0,0,64,156,38,0,0,0,0,2,0,0,0,0,0,0,1,1,0,0,1,1,0,0
0,0,0,0,0,0,0,0,0,0,0,0,0,0,0,0,0,0,0,0,0,0,0,0,0,0,0,0,0,0,0,0,0,0,0,0,0,0,2,3,0,0,0,0,0,0,0,0,0,0,0,0,0,0,0,0,0,0,0,0,0,0,0,0,0,0,0,0,0,0,0,0,0,0,0,0,0,0,0,121,201,31,0,20,21,22,19,13,7,2,0,0,0,0,0,0,0,0,0,0,0,0,0,0,0,0,0,42,209,97,0,0,0,4,11,16,22,25,28,32,39,49,56,64,73,82,90,96,100,104,108,111,112,124,91,2,64,125,111,105,102,77,8,17,37,12,2,0,0,0,0,0,0,0,0,0,0,0,0,0,0,0,0,0,0,0,0,112,204,29,0,0,0,0,0,0,0,0,0,0,0,0,0,3,2,0,0,0,0,0,0,0,0,0,0,0,0,0,0,0,0,0,0,0,0,0,0,2,3,0,0,0,0,0,0,0,0,0,0,0,0,0,37,207,103,0,0,0,0,0,0,0,0,0,0,0,0,0,0,0
0,0,0,0,0,0,0,0,60,97,10,0,0,0,0,50,102,18,0,0,0,0,0,0,0,0,0,0,0,0,0,0,0,0,0,0,0,0,0,0,0,0,52,101,17,0,0,0,0,0,0,0,0,0,0,0,0,0,0,0,0,0,0,0,0,0,0,4,112,175,130,19,0,0,0,0,0,0,2,0,0,0,4,8,13,16,16,13,10,5,1,0,0,0,0,0,2,0,0,0,2,0,0,0,0,0,2,0,0,0,2,0,0,0,1,6,13,19,22,24,27,31,35,41,48,55,63,72,78,91,69,49,98,78,61,114,118,109,108,108,107,104,101,89,70,53,30,9,0,0,0,0,0,0,0,0,0,0,0,0,0,0,0,0,0,0,2,0,0,0,1,0,0,0,0,0,0,0,0,0,0,0,0,2,0,0,0,2,0,0,0,0,0,0,0,0,0,0,0,0,0,0,0,0,0,0,0,0,0,0,0,0,0,0,0,0,0,0,0,0,0,1,0,0,0,2,0,0,0,0,0,0,0,0,0,0,0,0,0,0
0,0,0,0,0,0,0,0,21,33,3,0,0,0,0,0,0,0,0,0,0,0,0,0,0,0,0,0,0,0,0,0,0,0,0,0,0,0,0,0,0,0,0,0,0,0,0,0,0,0,0,0,0,0,0,0,0,0,0,0,0,0,0,0,0,0,1,0,0,0,0,0,2,0,0,0,0,0,0,0,0,0,0,0,2,5,6,5,3,1,0,0,0,0,0,0,0,30,193,102,0,0,0,0,0,0,0,0,0,26,30,0,0,0,0,0,3,8,12,17,21,24,25,28,30,32,34,39,47,56,61,66,83,95,102,104,105,107,108,106,106,106,106,104,96,86,72,53,33,9,0,0,0,0,0,0,0,0,0,0,0,0,0,0,0,0,0,0,0,0,0,0,0,0,0,0,0,0,0,0,0,0,0,0,98,195,34,0,0,0,0,14,36,9,0,0,0,0,0,0,0,0,0,0,21,33,3,0,0,0,0,0,0,0,0,0,0,0,0,0,0,0,0,0,0,11,36,12,0,0,0,0,0,0,0,0,0,0,0,0
0,0,0,0,0,0,0,0,29,47,5,0,0,0,0,0,0,0,0,0,0,0,0,0,0,0,0,0,0,0,0,0,0,0,0,0,0,0,0,0,0,0,0,0,0,0,0,0,0,0,0,0,0,0,0,0,0,0,0,0,0,0,0,0,0,2,0,0,0,2,0,0,0,0,0,0,0,0,0,0,0,0,0,0,0,0,0,0,0,0,0,0,0,0,0,0,1,0,0,0,0,0,155,142,0,0,0,0,0,37,42,0,0,0,0,0,0,1,3,0,0,19,23,26,27,27,26,28,32,40,41,44,66,82,89,96,103,106,106,106,106,106,106,106,105,101,96,84,68,51,26,7,0,0,0,0,0,0,0,0,0,0,0,0,0,0,0,0,0,0,0,0,0,0,0,0,0,0,0,0,0,0,0,1,0,0,0,1,0,0,0,20,51,13,0,0,0,0,0,0,0,0,0,0,30,47,4,0,0,0,0,0,0,0,0,0,0,0,0,0,0,0,0,0,0,16,51,17,0,0,0,0,0,0,0,0,0,0,0,0
0,0,0,0,0,0,0,0,0,0,0,0,0,0,0,0,0,0,0,0,0,0,0,0,0,0,0,0,0,0,0,0,0,0,0,0,0,0,0,0,0,0,0,0,0,0,0,0,69,68,0,0,0,0,0,0,0,0,0,0,0,0,0,0,0,0,59,163,46,0,0,0,0,0,0,0,0,0,0,0,0,0,0,0,0,0,0,0,0,0,0,0,0,0,0,0,0,0,0,0,1,0,0,0,1,1,0,0,0,0,0,0,0,0,0,0,0,0,0,125,127,1,10,22,27,30,33,36,41,43,51,61,66,52,52,85,91,95,105,108,108,107,106,106,106,106,110,85,53,75,72,45,23,5,0,0,0,0,0,0,0,0,0,0,0,0,0,0,0,0,0,0,0,0,0,0,0,0,0,0,0,0,0,0,0,0,0,0,0,0,0,0,0,0,0,0,0,0,0,0,0,1,0,0,0,1,0,0,0,0,0,0,0,0,0,0,0,0,1,0,0,0,1,0,0,0,0,73,63,0,0,0,0,0,0,0,0,0,0,0
0,0,0,0,0,0,0,0,0,0,0,0,0,0,0,0,0,0,0,0,0,0,0,0,1,0,0,0,0,0,0,0,0,0,0,0,0,0,0,0,0,0,0,0,0,0,0,0,5,5,0,0,0,0,0,0,0,0,0,0,0,0,0,0,0,0,0,0,0,0,0,0,1,0,0,0,1,0,0,0,0,0,0,0,0,0,0,0,0,0,0,0,0,0,0,0,0,0,0,0,1,0,0,0,0,0,0,0,0,0,0,0,0,0,0,0,0,0,0,0,0,1,5,11,19,26,33,42,49,62,32,2,52,70,63,66,176,194,94,96,105,106,106,106,106,106,108,108,104,103,94,78,61,39,15,0,0,0,0,0,0,0,0,0,0,0,0,0,0,0,0,0,0,0,0,0,0,0,0,0,0,0,0,0,0,0,0,0,0,0,0,0,0,0,0,0,0,0,0,0,0,0,18,196,126,0,0,0,0,0,0,0,0,0,0,0,0,0,0,12,191,134,0,0,1,0,0,4,6,0,0,0,0,0,0,0,0,0,0,0
0,0,0,0,0,0,0,0,0,0,0,0,0,0,0,0,0,0,0,0,0,0,0,0,0,59,105,14,0,0,0,0,0,0,0,0,0,0,0,0,0,0,0,0,0,0,0,0,0,0,0,0,0,0,0,0,0,0,0,0,0,0,0,0,0,0,0,4,126,84,0,0,0,30,111,41,0,0,0,0,0,0,0,0,0,0,0,0,0,0,0,0,0,0,0,0,0,17,107,56,0,0,0,0,0,0,0,0,0,0,0,0,0,0,0,0,0,0,0,0,0,0,0,0,4,10,20,31,41,50,54,76,158,122,52,62,57,63,79,87,94,99,103,97,124,178,133,105,120,118,66,34,81,78,47,32,104,78,0,0,0,0,0,0,0,0,0,0,0,0,0,1,0,0,0,1,1,0,0,0,0,0,0,0,0,0,0,0,0,0,0,0,0,0,0,0,0,0,0,0,116,106,0,0,75,132,11,0,0,0,0,0,0,0,0,0,0,0,1,0,0,0,2,0,0,35,111,37,0,0,0,0,0,0,0,0,0,0,0,0
0,0,0,0,0,0,0,0,0,0,0,0,0,0,0,0,0,0,0,0,0,0,0,0,0,0,0,0,0,0,0,0,0,0,0,0,0,0,0,0,0,0,0,0,0,0,0,0,0,0,0,0,17,29,3,0,9,31,10,0,0,0,0,0,0,0,1,0,0,93,196,30,0,0,0,0,0,0,0,0,6,30,14,0,0,0,0,0,0,0,7,31,13,0,0,0,0,0,0,0,0,0,22,36,29,6,0,0,0,0,0,0,0,0,0,0,0,0,0,0,0,0,0,0,0,0,3,10,22,56,67,52,48,55,63,60,59,60,64,66,86,103,94,96,100,95,114,65,6,84,123,114,105,95,83,70,51,24,10,29,16,0,0,0,0,0,0,0,0,0,0,0,0,164,152,0,0,0,0,0,0,0,0,0,0,0,0,0,0,0,0,0,0,0,0,5,30,15,0,0,0,0,1,2,0,0,0,24,25,0,0,0,0,0,0,0,0,0,0,0,0,0,0,0,0,0,0,0,0,0,0,0,0,0,0,0,0,0,0,0
0,0,0,0,150,141,0,0,0,0,0,135,156,0,0,2,0,0,0,2,0,0,0,0,0,0,0,0,0,0,0,152,138,0,0,0,0,0,0,0,0,0,0,0,0,0,0,0,0,0,0,0,31,53,6,0,17,57,19,0,0,0,0,0,0,0,0,0,1,0,0,0,1,0,0,0,78,186,43,0,10,55,27,0,0,0,0,0,0,0,8,34,14,0,0,0,0,0,0,0,0,0,39,67,53,11,0,0,0,0,0,0,0,0,22,177,103,0,0,1,0,0,0,0,0,0,0,0,6,56,65,35,31,47,64,63,62,60,59,57,83,106,82,83,93,98,103,108,110,109,108,108,106,106,101,93,81,59,50,75,36,0,0,0,0,0,0,0,0,0,0,0,0,0,0,0,0,0,0,0,0,0,0,0,0,0,0,0,0,0,0,0,0,0,0,9,55,28,0,0,0,0,0,0,0,0,0,42,46,0,0,0,0,0,0,0,0,0,0,0,0,0,0,0,0,0,0,0,0,0,0,0,1,1,0,0,1,1,0,0
0,55,72,3,0,0,1,1,0,1,2,0,0,0,1,0,18,157,94,0,0,0,0,0,0,0,0,0,0,1,0,0,0,1,1,0,0,0,0,0,0,0,0,0,0,0,0,0,0,0,0,0,0,0,0,0,0,0,0,0,0,0,50,75,6,0,0,0,0,0,0,0,0,22,82,33,0,0,0,2,0,0,0,0,0,0,0,0,1,0,28,166,70,0,0,0,0,0,0,0,0,0,0,0,0,0,0,0,0,0,0,0,0,2,0,0,0,3,3,2,1,1,0,0,0,0,0,0,0,2,0,30,157,112,24,57,66,67,66,64,64,65,67,71,78,85,92,97,107,144,129,98,107,108,107,105,101,91,77,62,32,36,81,32,0,0,0,0,12,79,42,0,0,0,0,0,0,0,0,0,0,0,0,0,0,0,0,0,0,0,0,0,0,0,0,0,0,0,0,0,0,0,0,0,0,0,0,0,0,0,0,0,0,0,53,72,3,0,0,0,0,0,0,0,0,0,0,0,0,0,0,0,0,0,126,134,0,0,0,0
0,7,9,0,0,0,0,0,0,0,0,0,0,0,0,0,0,0,0,0,0,0,0,0,0,0,0,0,0,0,0,0,0,0,0,1,0,0,0,1,0,0,0,0,0,0,0,0,0,0,0,0,0,0,0,0,0,0,0,0,0,0,7,10,1,0,0,0,0,0,0,0,0,3,11,4,0,0,0,0,0,0,0,0,0,0,0,0,0,132,191,12,0,0,0,0,0,0,0,0,0,0,0,0,0,0,0,0,0,0,0,0,0,0,0,0,0,0,1,2,3,3,1,1,1,1,0,0,0,0,0,2,7,17,31,43,56,64,67,70,69,66,66,66,68,73,80,89,95,94,168,206,117,99,108,108,107,103,96,87,70,54,43,13,0,0,0,0,2,10,6,0,0,0,0,0,0,0,0,0,0,0,0,0,0,0,0,0,0,0,0,0,0,0,0,0,0,0,0,0,0,0,0,0,0,0,0,0,0,0,0,0,0,0,7,10,0,0,0,0,0,0,0,0,0,0,0,0,0,0,0,0,0,0,0,0,0,0,0,0
0,91,119,4,0,0,0,0,0,0,0,0,0,0,0,0,0,0,0,0,0,0,0,0,0,0,0,0,0,0,0,0,0,0,0,0,24,115,52,0,0,0,0,17,129,74,0,0,0,0,0,0,0,0,2,0,0,0,1,0,0,0,83,125,11,0,0,0,1,0,0,0,0,0,0,0,57,135,31,0,0,0,0,0,0,0,0,0,2,0,0,0,1,0,0,0,2,0,0,0,2,0,0,1,0,0,0,2,0,0,0,0,0,0,0,0,0,0,0,0,1,1,1,1,1,1,1,1,0,0,0,0,0,4,7,5,28,51,59,67,72,73,72,75,57,25,54,80,82,90,91,92,103,99,128,176,138,108,106,103,95,82,67,48,24,5,0,0,0,0,92,119,3,0,0,0,0,0,0,0,0,0,0,0,0,0,0,0,0,0,0,0,0,0,0,0,0,0,0,0,0,0,0,0,0,0,0,0,0,2,117,93,0,0,0,0,0,0,0,0,0,0,0,0,0,0,0,0,0,0,0,0,0,0,88,86,1,115,91,0
1,0,0,0,1,0,0,0,1,1,1,1,1,1,1,1,0,0,0,0,0,0,0,0,0,0,0,0,0,0,0,0,0,0,0,0,0,0,0,0,0,0,1,0,0,0,2,0,0,0,0,0,0,0,0,144,174,2,0,0,0,2,0,0,0,155,166,0,0,0,0,0,0,0,0,2,0,0,0,2,0,0,0,0,0,0,0,3,24,15,0,0,0,0,1,23,0,28,196,120,8,26,8,0,15,186,123,0,0,0,0,0,0,0,0,0,0,0,0,0,0,0,1,1,1,1,1,1,0,0,0,0,0,0,0,0,9,25,37,49,61,69,72,86,91,80,73,71,74,78,84,91,96,102,108,100,19,35,116,109,105,99,89,76,59,40,18,3,0,1,0,0,0,1,0,0,0,0,0,0,0,0,0,0,0,0,0,0,0,0,0,0,0,0,0,0,0,0,0,0,0,0,0,0,0,0,0,0,1,0,0,0,1,0,0,0,0,0,0,0,0,0,0,0,0,0,0,0,0,0,0,0,0,0,0,1,0,0,0,1
0,0,1,1,1,1,1,1,1,1,1,1,1,1,1,1,0,0,0,0,0,0,0,0,0,0,0,0,0,0,0,0,0,0,0,0,0,0,0,0,0,0,0,0,0,0,0,0,0,0,0,0,0,0,1,0,0,0,0,0,0,2,0,0,0,0,0,0,0,0,0,0,0,0,0,0,0,0,0,0,0,0,2,0,0,0,0,6,58,35,0,0,0,0,2,55,42,0,0,31,72,64,19,0,13,159,105,0,0,134,151,0,0,0,0,0,0,0,0,0,0,0,0,0,0,0,0,0,0,0,0,0,0,0,0,0,0,5,16,27,41,54,62,99,112,79,75,75,74,74,77,83,89,95,101,105,111,113,109,106,112,112,99,91,80,67,52,31,11,2,0,0,0,0,0,0,0,0,0,0,0,0,0,0,0,0,0,0,0,0,0,0,0,0,99,173,22,0,54,183,63,0,0,0,0,0,0,0,0,0,0,0,0,0,0,1,1,0,0,1,1,0,0,0,0,0,0,0,2,0,0,0,2,0,0,0,0,0,0,0
0,1,1,1,1,1,1,1,1,1,2,0,0,1,2,1,0,0,0,0,0,0,0,0,0,0,0,0,0,0,0,0,0,0,0,0,0,0,0,0,0,0,0,0,0,0,0,0,0,0,0,0,0,13,74,37,0,0,0,0,0,0,105,157,12,0,0,0,0,0,0,0,0,0,0,0,0,0,0,0,0,0,0,56,173,55,0,0,0,0,0,0,0,0,0,0,0,0,0,0,0,0,0,2,0,0,0,3,2,0,0,0,1,1,0,0,0,1,0,0,0,0,0,0,0,0,0,0,0,0,0,0,0,0,0,0,57,61,0,2,17,33,45,59,70,75,78,78,76,74,74,77,79,85,92,99,103,102,110,146,99,58,99,135,128,86,81,71,45,9,0,1,0,0,0,0,0,0,0,0,0,0,0,0,0,0,0,0,0,0,0,0,0,0,28,50,6,0,0,0,0,3,0,0,0,0,0,0,0,0,0,0,0,0,0,0,0,136,132,0,0,0,0,0,1,0,0,0,24,91,175,92,0,0,0,0,0,0,0,0
1,1,1,1,1,1,1,1,1,0,0,152,175,0,0,1,1,0,0,0,0,0,0,0,0,0,0,0,0,0,0,0,0,0,0,0,0,0,0,0,0,0,0,0,0,0,0,0,0,0,0,0,0,3,15,7,0,0,0,0,0,0,0,0,0,0,0,0,0,0,0,0,0,0,0,0,0,0,0,0,0,0,0,0,0,0,0,0,0,0,0,0,1,0,0,0,1,0,0,0,0,0,0,0,0,0,0,0,0,0,0,0,0,0,25,199,115,0,0,0,0,0,0,0,0,0,0,0,0,0,0,0,0,0,0,0,11,12,0,0,4,15,26,39,53,62,71,76,78,78,77,77,77,78,82,87,94,99,103,111,118,118,112,109,158,211,139,77,100,209,118,0,1,0,0,0,0,1,0,0,0,1,0,0,0,0,0,0,0,0,0,0,0,0,8,14,2,0,0,0,0,0,0,0,0,0,0,0,0,0,0,0,0,0,1,0,0,0,0,0,0,0,0,0,0,66,211,68,0,15,2,0,0,0,0,0,0,0,0,0
0,0,1,1,1,1,1,1,1,1,2,0,0,1,2,1,1,1,1,0,0,0,0,0,0,0,0,0,0,0,0,0,0,0,0,0,0,0,0,0,0,0,0,0,0,0,0,0,0,0,0,0,0,0,0,0,0,0,0,0,0,0,0,0,0,0,0,0,0,0,0,0,0,0,0,0,0,0,0,0,0,0,0,0,0,0,0,0,0,0,0,0,0,47,122,35,0,0,0,2,0,0,0,0,0,0,0,26,130,44,0,0,1,2,0,0,0,2,0,0,0,0,0,0,0,0,0,0,0,0,0,1,1,0,0,0,0,0,0,0,0,0,5,15,28,39,52,64,72,77,79,79,78,76,76,79,82,87,95,110,113,111,117,121,121,109,59,70,103,75,63,49,28,8,0,0,0,0,24,120,56,0,0,0,0,0,0,0,0,0,0,0,0,0,0,0,0,0,0,0,0,0,0,0,2,0,0,0,2,0,0,0,0,0,0,32,122,47,0,0,0,0,0,0,2,0,0,0,4,0,0,0,2,0,0,0,0,0,0,0
0,0,0,1,0,0,1,1,1,1,1,0,0,1,19,16,0,1,0,0,0,0,0,0,0,0,0,0,0,0,0,0,0,0,0,0,0,0,0,0,0,0,0,0,0,0,0,0,0,0,0,0,0,0,0,0,0,0,0,0,0,0,0,0,0,0,0,0,0,0,0,0,0,0,0,0,0,0,0,0,0,0,0,0,0,0,0,0,0,0,0,0,0,0,0,0,111,198,27,0,0,0,0,0,2,19,14,0,0,145,173,0,0,0,0,0,0,0,0,0,0,0,0,0,0,0,0,0,0,0,0,1,1,1,1,0,0,8,21,6,0,0,0,0,2,13,25,41,55,66,76,81,80,79,76,74,76,86,75,5,47,113,101,110,118,117,116,111,105,99,89,74,59,39,14,0,0,0,0,0,0,0,0,0,0,0,0,0,0,0,0,0,0,0,0,0,0,0,0,0,0,0,0,0,0,43,205,92,0,0,0,11,20,3,0,0,0,0,0,0,0,12,20,2,0,0,0,0,0,20,193,120,0,0,0,0,0,0,0,0
194,78,0,0,1,1,1,1,1,1,1,1,0,1,58,48,0,0,1,1,1,0,0,0,0,0,0,0,122,154,3,0,0,0,0,0,0,0,0,62,179,53,0,0,0,0,0,0,0,0,0,0,0,0,0,0,0,0,0,0,0,0,0,0,0,0,0,0,0,0,0,0,0,0,0,0,0,0,0,0,0,0,0,0,0,0,0,0,0,0,0,0,136,142,0,0,0,0,0,1,0,0,0,0,5,62,41,0,0,0,0,0,0,0,0,0,0,0,0,0,0,0,0,0,0,0,0,0,0,0,0,0,1,1,1,1,0,25,68,19,0,0,0,0,0,0,5,20,37,51,66,76,80,81,79,77,75,74,77,85,93,87,68,102,79,19,87,121,109,106,100,90,79,65,43,20,5,0,0,0,0,0,0,0,0,0,0,0,1,1,0,0,1,1,0,0,0,0,0,0,0,0,0,0,1,0,0,0,1,0,0,34,65,10,0,0,0,0,0,0,0,38,64,7,0,0,0,0,1,0,0,0,1,0,3,0,0,0,2,0
0,0,3,0,0,0,1,1,1,1,1,1,1,1,1,1,1,1,1,1,1,1,1,0,0,0,0,2,0,0,0,1,0,0,0,0,0,0,3,0,0,0,0,0,0,2,0,0,0,1,0,0,0,0,0,0,0,0,0,0,0,0,0,0,1,0,0,0,0,0,0,0,0,0,0,0,0,0,0,0,0,0,0,0,0,0,0,0,0,0,1,1,0,0,1,1,0,0,0,0,0,0,0,0,0,0,0,0,0,0,0,0,0,0,0,0,0,18,70,28,0,0,0,0,0,0,0,0,0,0,0,0,1,0,0,0,2,1,0,0,0,1,0,0,0,0,0,4,18,32,50,65,74,81,83,81,78,74,73,74,78,84,91,97,109,121,115,112,112,111,109,105,98,89,75,58,41,17,0,0,0,0,0,0,0,0,0,0,0,0,137,138,0,0,0,0,0,0,0,0,0,0,0,0,0,0,0,0,0,0,0,0,0,1,0,0,0,2,0,0,0,1,0,0,0,0,0,0,0,7,65,40,0,0,0,65,177,49,0,0
0,0,0,0,0,0,0,0,1,0,0,0,3,1,1,1,1,3,3,2,1,1,1,1,0,0,0,0,0,1,0,0,0,1,0,0,0,0,0,0,0,0,104,202,33,0,53,208,82,0,0,0,0,0,0,0,0,0,0,0,0,0,0,0,0,156,168,0,0,0,0,0,1,0,0,0,0,0,0,0,0,0,0,0,0,0,0,0,0,1,0,0,0,1,0,0,0,0,0,0,0,0,0,0,0,0,0,0,0,0,0,0,0,0,0,0,0,5,19,8,0,0,0,0,0,0,0,0,0,0,0,0,0,126,191,16,0,0,5,181,141,0,0,1,0,0,0,1,3,16,33,50,64,75,81,82,74,71,74,71,72,76,82,90,99,105,110,113,113,115,113,111,109,104,94,81,69,50,28,8,0,0,0,0,0,0,0,1,0,0,0,0,0,0,0,0,0,0,0,0,0,0,0,0,0,0,0,0,0,0,0,0,0,0,136,184,8,0,85,207,50,0,0,0,0,0,0,0,0,2,18,11,0,0,0,0,0,0,0,0
0,0,0,0,0,1,1,1,0,23,120,136,74,1,0,61,122,23,0,3,3,2,1,1,0,0,0,0,0,0,0,105,95,0,0,0,0,0,0,0,0,2,0,0,0,4,0,0,0,2,0,0,0,0,0,0,0,0,2,0,0,0,2,1,1,0,0,0,0,66,123,19,0,0,0,0,0,0,0,0,0,0,0,0,0,0,0,0,0,0,30,127,53,0,0,0,0,0,0,0,0,0,0,0,0,0,0,0,0,0,0,0,0,0,0,0,0,0,0,0,0,0,0,0,0,0,0,0,0,0,0,11,117,61,0,0,0,47,125,18,0,2,0,0,34,128,49,0,0,1,12,30,43,59,70,78,109,104,75,72,70,71,73,78,85,94,101,108,111,109,154,165,115,108,106,99,89,75,57,39,15,0,0,0,0,0,0,0,31,128,38,35,125,32,0,0,0,0,0,0,0,1,0,0,0,2,0,0,0,0,0,63,121,21,0,0,0,3,0,0,0,2,0,0,0,0,0,0,0,0,2,0,0,0,1,0,0,0,0,0
0,1,1,1,1,1,1,1,1,0,0,143,165,0,0,0,0,1,5,4,3,3,2,1,1,1,0,0,0,0,0,0,0,0,0,0,0,0,0,6,17,5,0,0,0,0,0,0,0,0,0,0,0,0,0,0,0,0,0,96,206,40,0,0,0,0,0,0,0,0,0,0,0,0,0,0,0,0,0,0,0,0,0,0,0,0,0,0,0,0,0,0,0,0,0,0,0,0,0,0,0,0,0,0,0,0,0,0,0,0,0,0,0,0,0,0,0,0,0,13,13,0,0,0,0,0,0,0,0,0,1,0,0,0,1,0,1,0,0,0,1,0,0,0,0,0,0,0,0,0,0,7,20,35,51,64,75,80,78,75,71,68,66,67,71,78,86,95,103,110,111,108,107,111,111,106,101,91,78,64,46,21,2,13,11,0,0,0,0,0,0,2,5,1,0,0,0,0,0,0,0,0,17,193,124,0,0,0,0,0,1,0,0,0,0,0,0,0,0,0,0,0,0,0,0,0,0,0,0,0,0,128,189,14,0,0,0,0,0,0
0,1,1,1,1,1,1,1,1,1,1,0,0,1,0,86,170,33,0,4,5,4,3,2,1,1,1,0,0,0,0,0,0,0,0,0,0,0,0,26,74,22,0,0,0,0,0,0,3,0,0,0,4,0,0,0,3,0,1,0,0,0,1,0,0,0,0,0,0,0,0,0,0,47,174,65,0,0,0,0,0,0,0,0,0,0,0,0,0,0,0,0,0,0,0,0,0,0,0,0,0,0,0,0,0,0,102,161,15,0,0,0,0,0,0,0,0,0,0,38,126,171,41,0,0,0,0,0,0,0,0,0,0,0,0,0,0,0,0,0,0,0,0,0,0,0,0,0,0,0,0,0,1,12,23,44,163,159,66,72,73,69,66,63,63,68,73,83,93,101,113,102,74,91,110,111,107,102,94,84,70,48,32,55,36,0,0,0,0,0,0,29,73,19,0,0,0,0,0,0,0,1,0,0,0,1,0,0,0,0,0,0,22,165,94,0,0,0,0,0,0,0,0,0,0,0,0,0,0,0,0,100,148,11,0,0,0,0,0,0
0,0,1,1,1,1,1,1,1,1,1,1,1,1,5,0,0,0,5,4,5,5,4,2,3,2,1,1,1,0,0,0,0,0,0,0,0,0,0,0,0,0,0,0,0,0,0,0,0,73,180,44,0,31,176,88,0,0,0,0,0,0,0,0,0,0,0,0,0,0,0,0,2,0,0,0,3,0,0,37,60,6,0,0,0,0,0,0,0,0,0,0,0,0,0,0,0,0,0,0,0,0,0,0,0,2,0,0,0,2,0,0,0,1,0,0,0,1,0,3,0,0,0,2,0,0,0,0,0,0,0,0,0,0,0,0,0,0,0,0,0,0,0,43,54,0,0,1,0,0,0,0,0,0,8,23,22,39,63,69,67,81,111,83,59,65,68,74,83,92,100,104,109,178,174,109,110,111,106,96,90,70,62,177,129,0,0,0,0,0,0,0,0,1,0,0,0,1,0,0,0,0,0,0,0,0,0,0,0,0,0,2,0,0,0,2,0,0,0,0,0,0,0,0,0,0,0,0,0,0,2,0,0,0,2,0,0,0,0,0
0,0,0,1,1,1,1,1,1,1,1,1,1,1,1,2,3,3,3,4,5,6,6,4,6,0,0,0,2,1,1,0,0,0,0,0,0,0,0,0,0,0,0,0,0,0,0,0,0,0,0,0,0,0,0,0,0,0,0,0,0,0,0,0,0,0,0,0,0,0,0,0,0,0,0,0,0,0,0,15,20,0,0,2,0,0,0,0,0,0,0,0,0,0,0,0,0,0,0,0,0,0,0,0,0,0,0,0,0,0,0,0,0,0,24,195,113,0,0,0,0,0,0,0,0,0,0,0,0,0,0,0,0,0,0,0,0,0,0,0,0,0,0,0,76,207,77,0,0,0,0,0,0,0,0,4,16,31,44,55,63,73,87,78,68,70,70,73,79,83,92,96,102,189,186,107,110,104,131,209,151,84,82,65,45,26,7,0,0,0,1,0,0,0,112,196,25,0,0,0,0,0,1,0,0,0,0,0,0,0,0,0,0,0,0,0,0,0,0,0,0,0,0,0,0,0,0,0,0,0,0,1,0,0,0,2,0,0,0,0
0,0,0,1,1,1,1,1,1,1,1,1,1,1,1,2,3,3,4,6,7,8,8,7,0,75,129,20,0,2,1,1,0,0,0,0,0,0,0,0,0,0,0,0,0,0,0,0,0,0,0,0,0,0,0,0,0,0,0,0,0,2,0,0,0,1,0,0,0,0,0,0,0,0,0,0,0,0,0,0,25,131,63,0,0,0,0,0,0,0,0,0,0,0,0,0,0,0,0,0,0,0,0,0,0,0,0,0,0,0,0,0,0,2,0,0,0,2,0,0,0,0,0,0,0,0,0,0,0,0,0,0,2,0,0,0,1,0,0,0,0,0,0,2,0,0,0,2,0,0,0,0,0,0,0,0,0,8,22,33,47,60,68,64,67,77,77,75,74,76,79,86,92,90,97,110,112,114,111,103,106,107,99,88,73,53,24,99,120,7,0,0,0,2,0,0,0,0,34,133,156,84,0,0,0,0,0,0,0,0,0,0,0,0,0,0,0,0,0,0,0,0,0,0,0,0,0,0,0,0,0,0,30,133,57,0,0,0,0,0
0,1,1,1,1,1,1,1,1,1,0,1,1,1,1,2,3,3,3,4,5,1,2,7,6,5,5,4,4,2,1,1,1,0,0,0,0,0,0,0,0,0,0,0,0,0,0,0,0,0,0,0,0,0,0,0,0,0,0,0,0,0,129,192,15,0,0,0,0,0,0,0,0,0,0,0,0,0,0,0,0,0,0,0,0,0,0,0,0,0,0,0,0,0,0,0,0,0,0,0,0,0,0,0,0,0,0,0,0,0,0,0,0,0,0,0,0,0,0,0,5,12,3,0,2,12,6,0,0,0,0,0,0,127,193,16,0,0,0,0,0,0,0,0,0,0,0,0,0,0,0,0,0,0,0,0,0,0,1,9,23,35,45,172,187,74,75,78,74,71,71,73,77,84,93,100,106,110,115,122,119,113,109,105,94,79,65,46,22,3,0,5,12,3,0,0,0,0,0,0,0,0,0,0,0,0,0,0,0,0,0,0,0,0,0,0,0,0,0,0,0,0,0,0,0,0,0,0,0,0,0,0,0,0,0,0,0,0,0,0
1,1,1,1,1,1,1,1,0,33,166,79,0,1,1,2,3,2,3,4,4,6,4,1,1,3,5,4,4,2,1,1,1,0,0,0,0,0,0,0,0,0,0,0,0,0,43,169,66,0,0,0,0,0,0,0,0,0,0,0,0,1,0,0,0,1,0,0,0,0,0,0,0,0,0,0,0,0,0,0,31,166,80,0,0,0,0,0,0,0,0,0,0,0,0,0,0,0,0,0,0,0,0,0,0,0,0,0,0,0,1,0,0,0,2,0,0,0,0,0,32,79,20,0,13,77,39,0,0,0,0,15,158,92,0,0,1,0,0,0,0,0,0,0,0,0,0,0,0,2,0,0,0,2,1,0,0,0,2,2,0,0,27,39,53,70,75,77,76,71,67,65,65,69,78,87,96,102,119,151,134,113,115,113,106,96,84,68,47,29,0,27,79,20,0,0,0,0,0,0,0,0,0,0,0,0,0,0,0,0,0,0,0,0,0,0,0,0,0,0,0,0,0,0,0,1,0,0,0,2,1,0,0,0,0,62,169,47,0,0
1,1,1,1,1,1,1,1,3,0,0,0,4,1,0,30,60,13,0,3,4,4,4,4,4,4,4,3,3,0,0,49,44,0,0,0,0,0,0,0,0,0,0,1,0,2,0,0,0,3,0,0,0,0,0,0,0,0,0,0,0,0,0,0,0,0,0,0,0,0,0,0,0,0,0,0,0,0,0,2,0,0,0,3,0,0,0,0,0,0,0,0,0,0,0,0,0,0,0,0,0,0,0,0,0,0,0,0,0,0,0,2,158,129,0,0,0,1,0,0,0,0,0,0,0,0,0,0,0,0,2,0,0,0,3,0,0,21,59,17,0,0,0,0,0,0,0,0,0,0,105,174,19,0,0,0,155,133,0,0,114,168,16,4,32,46,59,68,71,72,55,45,57,57,60,70,81,93,102,109,112,114,117,115,111,106,99,86,68,53,32,12,0,0,0,1,0,0,0,0,0,0,0,0,0,0,0,0,0,0,0,0,0,0,0,0,0,0,0,0,0,0,0,0,0,0,0,154,134,0,0,0,0,0,3,0,0,0,2,0
1,1,1,1,1,1,0,0,0,0,0,1,1,1,0,15,29,8,1,3,3,3,2,0,2,3,3,3,2,0,1,24,21,0,0,0,0,0,0,0,3,175,141,0,0,0,0,0,0,0,0,0,0,0,0,0,0,0,169,148,0,0,0,0,0,0,0,0,0,0,0,0,0,0,0,0,0,0,0,0,0,0,0,0,0,0,0,0,0,0,0,0,0,0,0,0,0,0,0,0,0,0,0,0,0,0,0,0,0,0,0,0,0,0,24,193,112,0,0,0,0,0,0,0,0,0,0,0,0,0,0,18,189,120,0,0,0,10,29,8,0,0,0,0,0,0,0,0,0,0,0,0,0,0,0,0,0,0,0,0,0,0,0,1,10,25,39,54,64,68,62,57,59,44,48,53,7,38,94,95,180,195,115,111,114,111,106,97,84,71,54,20,22,183,130,0,0,0,0,0,0,0,0,0,0,0,0,0,0,0,0,0,0,0,0,0,0,0,0,0,0,0,0,0,0,0,0,0,0,0,0,0,0,0,0,0,0,0,0,0
1,3,0,0,0,2,0,0,0,0,0,0,0,1,1,1,1,1,0,29,114,48,0,2,2,1,1,1,1,1,1,0,0,0,0,0,0,0,0,1,0,0,41,111,18,0,0,1,1,1,1,0,0,0,0,0,1,0,0,0,1,0,0,0,0,0,0,0,0,0,0,0,0,0,0,0,0,0,0,0,0,0,0,0,0,0,0,0,0,0,0,0,0,0,0,0,0,0,0,0,0,0,0,0,0,0,0,0,0,0,0,0,0,2,0,0,0,2,0,0,0,0,0,0,0,0,0,0,0,0,2,0,0,0,2,0,0,0,0,0,0,0,0,0,0,0,0,0,0,0,0,0,0,0,0,0,0,0,14,131,69,12,112,34,29,117,46,20,47,57,64,62,61,142,131,47,57,66,73,85,89,100,110,64,72,116,110,104,96,86,74,57,36,0,0,0,0,0,1,0,0,0,1,0,0,0,0,0,0,0,0,0,0,0,0,0,0,0,0,0,0,0,0,0,0,0,0,0,0,0,0,0,0,0,0,0,0,0,0,0
1,0,59,212,78,0,0,0,0,0,0,0,0,1,1,1,1,1,2,0,0,0,2,1,1,1,1,1,1,1,1,0,0,0,0,0,0,0,0,0,0,1,0,0,0,1,0,1,1,1,1,0,0,0,0,0,0,0,0,0,0,0,5,8,1,0,0,0,0,0,0,0,0,0,0,0,0,0,0,0,0,0,0,0,0,0,0,0,0,0,0,0,0,0,0,0,0,0,0,0,0,0,0,2,3,3,3,3,1,0,0,0,0,0,0,0,0,0,0,0,0,0,0,0,0,0,0,0,0,0,0,0,0,0,0,0,0,0,0,0,0,0,0,0,0,0,0,0,0,0,0,0,0,0,0,0,0,0,0,0,1,0,0,0,0,0,1,14,27,38,49,58,62,62,58,55,53,54,61,68,81,94,104,113,117,115,113,110,104,97,88,75,59,44,22,5,1,0,0,0,174,156,0,0,0,0,0,0,0,0,7,6,0,0,0,0,0,0,0,0,0,0,1,8,4,0,0,0,0,0,0,0,0,0,0,0,0,7,6,0
1,2,0,0,0,1,0,0,0,0,0,0,0,0,0,1,1,1,1,2,2,0,0,2,2,0,0,0,0,0,0,0,0,0,0,0,0,0,0,0,0,0,0,0,0,0,0,0,0,0,0,0,0,0,0,0,0,0,136,119,0,0,52,78,6,0,0,0,0,0,0,2,0,0,0,1,0,0,0,0,0,0,0,0,0,0,0,0,0,0,0,0,0,0,0,0,0,0,0,0,0,0,0,0,0,2,2,2,0,0,56,165,50,0,0,0,0,0,0,0,0,0,0,0,0,0,0,0,0,0,0,0,0,0,0,0,0,0,0,0,0,0,0,0,0,0,0,68,163,38,0,0,0,0,0,0,0,0,0,0,0,0,0,0,0,0,0,2,9,19,31,43,53,58,61,59,56,53,54,57,65,78,89,99,115,125,117,114,111,105,99,89,76,64,47,26,7,0,0,0,0,0,1,0,0,0,0,0,0,2,74,60,0,0,0,2,0,0,0,0,0,0,15,83,41,0,0,0,0,0,0,0,0,0,0,0,2,75,57,0
0,0,0,0,0,0,0,0,0,0,0,0,0,0,0,0,0,1,1,0,0,146,149,0,0,1,0,0,0,0,0,0,0,0,0,0,0,0,0,0,1,45,37,0,0,0,0,0,0,0,0,0,0,0,0,0,1,0,0,0,1,1,0,0,0,0,0,0,0,0,0,0,126,166,6,0,0,0,0,0,0,0,0,0,0,0,0,0,0,0,0,0,0,0,0,0,0,0,0,0,0,0,0,0,0,0,0,0,0,2,0,0,0,2,0,0,0,0,0,0,0,0,0,0,0,0,0,0,0,0,0,0,0,0,0,0,0,0,0,0,0,0,0,0,0,0,2,0,0,0,2,0,0,0,0,0,0,1,0,0,0,1,0,0,0,0,0,1,3,6,14,25,34,44,52,55,56,55,52,52,54,62,75,98,56,13,72,110,118,113,129,123,94,82,68,51,34,12,0,0,0,0,0,0,0,0,0,0,0,0,0,0,24,180,102,0,0,0,0,0,0,0,0,0,0,0,0,0,0,0,0,0,0,0,0,0,0,0,0,0
3,0,0,0,1,0,0,0,0,0,0,0,0,0,0,0,0,0,1,1,1,0,0,1,1,1,0,0,0,0,0,164,149,0,0,0,0,0,0,0,0,29,23,0,0,2,0,0,0,2,0,0,0,0,0,0,0,0,0,0,0,0,0,0,0,0,0,0,2,0,0,0,0,0,0,0,0,0,0,0,0,0,0,0,0,0,0,0,0,0,0,0,0,0,0,0,0,0,0,0,0,0,0,0,0,0,0,0,0,0,0,0,0,0,0,0,0,0,0,0,0,0,0,0,0,0,0,0,0,2,0,0,0,2,0,0,0,0,0,0,0,0,0,0,0,0,0,0,0,0,0,0,0,0,0,0,0,0,20,188,115,0,0,0,0,0,1,2,3,3,5,10,16,25,35,44,51,54,53,52,51,54,61,72,89,101,102,111,118,116,127,123,104,99,82,59,43,32,17,0,0,0,0,0,0,0,0,0,0,0,0,0,0,0,0,0,0,0,0,0,0,0,0,0,0,0,0,0,0,0,0,0,0,0,0,0,0,0,0,0
0,100,122,0,0,2,0,0,0,0,0,77,89,0,0,0,0,0,0,0,1,1,1,1,1,1,0,0,0,2,1,0,0,2,0,64,99,9,0,0,0,0,0,0,0,0,37,145,57,0,0,0,0,0,0,0,33,107,36,0,0,0,0,0,0,0,0,0,0,75,140,21,0,0,0,0,0,0,0,0,0,0,0,0,0,0,0,0,0,0,0,0,0,0,0,0,0,0,0,0,0,0,0,0,0,0,0,0,0,0,0,0,0,0,0,0,0,0,0,0,0,0,0,59,101,13,0,0,0,0,67,141,13,0,2,0,0,0,0,0,0,0,0,0,0,0,0,0,0,0,0,0,0,0,0,0,0,2,0,0,0,2,0,0,0,0,1,0,18,104,55,0,1,4,14,26,36,45,51,52,51,51,54,60,77,77,31,70,125,119,119,117,113,98,137,186,185,83,5,20,5,0,0,0,0,0,0,0,0,0,0,0,0,0,0,0,0,0,0,6,96,68,0,0,0,0,0,0,0,0,0,0,0,1,0,0,0,1,0,0
1,0,60,213,78,0,0,0,0,0,0,0,0,0,0,0,0,0,0,0,0,0,0,1,1,1,1,0,0,0,0,173,158,0,0,0,0,0,0,0,0,0,0,0,0,0,0,0,0,0,0,0,0,0,0,0,0,0,0,0,0,0,0,0,0,0,0,0,0,0,0,0,0,0,0,0,0,0,0,0,0,0,0,0,0,0,0,0,0,0,0,0,0,0,0,0,0,0,0,3,4,0,0,0,0,0,0,0,0,0,0,0,0,2,4,1,0,0,0,0,0,0,0,0,0,0,0,0,0,0,0,19,197,125,0,0,3,4,0,0,0,0,0,0,0,0,0,0,0,0,0,1,1,1,1,0,0,0,0,0,0,0,0,0,0,0,0,0,0,0,0,0,0,0,2,9,20,33,43,48,52,52,51,53,60,71,82,96,109,115,119,119,116,111,106,97,87,76,60,40,20,5,0,0,0,0,0,0,0,0,0,0,0,0,0,0,0,0,0,0,0,0,0,0,0,0,0,0,0,0,0,0,0,0,161,171,0,0,0,0
1,3,0,0,0,0,0,0,2,0,0,115,133,0,0,0,0,0,0,0,0,123,125,0,0,1,1,1,1,1,0,0,0,1,0,0,0,0,0,0,0,0,0,0,0,0,0,0,0,0,0,0,0,0,0,0,0,0,0,0,0,0,0,0,0,0,0,0,0,0,0,0,0,0,0,0,0,0,0,0,0,0,0,0,0,0,0,0,0,0,0,0,0,0,0,0,0,0,0,62,79,2,0,0,0,0,0,0,0,0,0,0,0,45,89,15,0,0,0,0,0,0,0,87,151,19,0,0,0,131,117,0,0,0,0,0,68,74,0,0,0,0,0,0,0,0,0,0,0,1,2,2,2,3,3,2,1,0,0,0,2,0,0,0,3,0,0,0,0,0,0,0,0,0,0,1,7,20,34,41,48,51,51,51,53,58,67,80,94,104,112,116,117,114,110,103,92,155,157,62,38,21,0,0,0,2,0,0,0,0,0,0,0,0,0,0,0,0,0,0,0,2,0,0,0,3,0,0,0,0,0,0,0,1,0,0,0,1,0,0
1,1,1,1,0,82,191,43,0,0,1,0,0,0,1,0,0,0,0,1,1,0,0,1,1,0,1,1,1,1,0,0,0,0,0,0,0,0,0,0,0,0,0,0,0,0,0,0,0,0,0,0,0,0,0,0,0,0,0,0,0,0,0,0,0,0,0,0,0,0,0,0,0,0,0,0,0,0,0,0,0,0,0,0,0,0,0,0,0,0,0,0,0,0,0,0,0,0,0,0,0,0,38,35,0,0,0,0,0,0,0,0,0,0,0,0,0,0,0,0,0,0,2,0,0,0,2,1,0,0,0,1,1,0,0,0,0,0,0,0,0,0,1,0,0,0,0,0,1,1,2,5,8,10,10,9,7,3,1,0,0,44,192,81,0,0,0,0,0,0,0,0,0,0,0,0,0,8,20,30,40,46,49,49,49,52,55,64,77,88,82,91,114,117,116,113,110,94,80,77,64,30,39,183,113,0,0,0,0,0,0,0,0,0,0,0,0,0,0,0,0,0,34,188,93,0,0,0,0,0,0,0,0,0,0,0,0,0,0,0
1,1,1,0,0,0,0,0,0,0,0,0,0,0,0,0,0,0,0,0,0,0,0,0,0,0,0,0,0,0,0,0,0,0,0,0,0,0,0,0,0,0,0,0,0,0,0,0,0,0,0,0,0,0,0,0,0,0,0,0,0,0,0,0,0,0,0,0,0,0,0,0,0,0,0,0,0,0,2,0,0,0,1,0,0,0,0,0,0,0,0,0,0,0,0,0,0,0,0,0,0,0,32,29,0,0,0,0,0,0,0,0,0,0,0,0,0,0,0,0,0,0,0,0,0,0,0,0,0,0,0,0,0,0,0,0,0,0,0,0,0,0,0,131,175,7,0,0,0,1,2,4,7,11,13,13,11,7,3,1,1,0,0,0,0,0,0,2,0,0,0,0,0,0,0,0,0,5,12,22,32,41,46,47,47,47,48,54,63,72,71,85,108,105,110,117,113,109,100,89,77,59,40,19,3,0,0,0,0,0,0,0,0,0,0,0,0,0,0,0,0,0,0,0,0,0,0,0,0,0,0,0,0,0,0,0,0,0,0,0
1,1,0,1,1,0,0,0,58,94,10,0,0,0,0,0,0,0,0,0,0,0,0,0,0,0,0,0,0,0,0,0,0,0,0,0,0,0,0,0,0,0,0,0,0,0,0,0,0,0,0,0,0,17,98,49,0,0,0,0,0,0,0,0,0,0,0,0,0,0,0,0,0,0,0,0,0,0,0,77,126,13,0,0,0,0,0,0,0,0,0,0,0,38,101,27,0,0,0,0,0,0,2,0,0,0,2,0,0,0,1,0,0,0,2,2,1,0,0,0,0,0,0,0,0,0,0,0,0,0,0,0,0,0,22,100,44,0,0,0,0,0,2,0,0,0,1,0,0,0,0,0,1,0,0,4,5,4,3,1,0,0,0,0,0,0,0,0,22,145,62,26,151,38,48,149,33,0,9,17,26,34,41,48,37,26,42,50,53,61,71,80,99,170,160,108,113,110,105,99,88,74,59,44,21,3,0,0,0,0,0,0,0,0,0,0,0,0,0,0,0,0,0,0,0,0,0,0,0,0,0,0,0,0,0,0,0,0,0,0
1,1,1,1,1,1,1,1,0,0,1,1,1,1,1,1,0,0,0,0,0,0,0,0,0,0,0,1,1,0,0,0,0,0,0,0,0,0,0,0,1,0,0,0,0,0,0,0,0,0,0,0,0,0,0,0,0,0,0,0,0,0,0,0,0,0,0,0,0,0,0,0,0,0,0,0,0,0,0,122,199,21,0,0,0,0,0,0,0,0,0,1,1,0,0,0,0,0,0,0,0,0,0,93,211,45,0,0,0,0,0,2,182,149,0,0,4,3,1,0,0,0,0,0,0,0,0,0,0,0,0,0,0,0,0,0,0,0,0,0,0,0,0,0,0,0,0,0,0,0,0,0,0,151,179,0,0,0,1,1,0,0,0,0,0,0,0,0,0,0,0,0,0,0,0,0,1,1,4,10,19,28,35,41,45,45,45,45,47,51,59,71,83,94,104,111,113,113,111,106,99,88,75,61,41,20,3,0,0,0,0,0,0,0,0,0,1,0,0,0,0,0,0,0,0,0,0,0,0,0,0,0,0,0,0,0,0,0,0,0
1,1,1,1,1,1,0,0,1,1,1,1,1,1,1,1,1,1,0,0,0,0,0,0,0,0,39,243,111,18,154,54,0,0,0,0,0,0,0,34,98,29,0,0,0,0,0,0,0,0,0,0,0,0,0,0,0,0,0,0,0,2,0,0,0,2,0,0,0,0,0,0,0,0,0,0,0,0,2,0,0,0,1,0,0,0,0,0,0,0,23,97,40,0,0,0,0,0,0,0,0,0,127,108,0,0,1,0,0,0,1,1,0,0,9,11,12,12,9,5,0,7,136,98,0,0,0,0,0,0,0,0,0,0,0,0,0,0,0,0,0,0,0,0,41,154,59,0,0,0,0,0,1,0,0,0,0,46,95,18,0,0,0,0,58,154,42,0,0,0,0,0,0,0,0,0,0,0,0,1,6,15,24,32,38,42,43,43,43,44,49,50,50,75,95,104,109,114,114,111,107,98,86,73,56,36,18,4,0,0,0,0,0,0,0,25,97,38,0,0,0,0,0,0,109,130,1,0,0,0,0,0,0,0,0,0,0,0,0,0
0,1,1,1,0,0,0,0,0,1,1,1,1,1,1,1,1,1,1,1,0,0,0,0,0,2,0,0,0,0,0,0,2,0,0,0,0,0,0,0,0,0,0,0,0,0,0,0,33,33,0,0,0,0,0,0,0,0,0,0,0,0,120,179,14,0,0,0,0,0,0,0,0,0,0,0,0,0,0,0,0,0,0,0,0,0,0,0,0,0,0,0,0,0,0,0,0,0,0,0,1,1,0,0,2,2,2,3,5,8,11,13,15,19,23,27,31,29,22,26,28,20,0,0,7,2,0,0,0,0,0,0,0,0,0,0,0,0,0,0,0,0,0,2,0,0,0,2,0,0,0,0,0,0,0,0,1,0,0,0,0,0,0,2,0,0,0,2,0,0,0,0,0,0,0,0,1,0,0,0,0,1,11,53,58,36,39,65,72,41,21,102,199,101,62,90,101,109,114,115,113,106,97,86,69,61,70,30,0,0,0,0,0,0,0,11,42,16,0,0,0,0,0,1,0,0,0,1,0,0,0,0,0,0,0,0,0,0,0,0
1,1,1,1,0,0,0,0,0,0,0,0,0,1,1,1,1,1,1,1,0,0,0,0,0,0,0,0,0,0,0,0,0,0,0,0,0,0,0,0,0,0,0,0,0,0,0,0,35,34,0,0,0,0,0,0,0,0,0,0,0,1,0,0,0,147,157,0,0,0,0,0,0,0,0,0,0,0,0,0,0,0,0,0,0,0,0,0,0,0,0,0,0,0,0,0,0,2,5,10,15,15,2,2,13,12,12,13,14,16,18,21,24,29,35,40,46,47,44,54,57,47,42,34,26,18,9,2,0,0,0,0,0,0,0,0,0,0,0,0,0,0,0,0,0,0,0,0,0,0,0,0,0,0,0,0,0,92,191,36,0,0,0,0,0,0,0,0,0,2,0,0,0,1,0,0,0,114,181,18,0,0,2,45,50,28,34,65,74,42,37,36,36,46,60,76,88,101,110,113,114,111,104,96,81,72,74,45,12,0,0,0,0,0,0,12,44,17,0,0,0,0,0,0,0,0,0,0,0,0,0,0,0,0,0,0,0,0,0,0
1,1,0,1,0,0,0,0,0,0,0,68,79,0,0,0,0,1,0,0,0,0,0,0,0,0,0,0,0,0,0,0,0,0,0,0,0,0,0,0,0,0,0,0,0,0,0,0,0,0,0,0,0,0,0,0,0,0,0,0,0,0,0,1,1,0,0,0,0,2,0,0,0,0,0,0,0,0,0,0,0,0,0,0,0,80,68,0,0,59,86,6,0,35,95,31,5,22,29,33,33,33,33,29,22,20,18,17,16,16,18,20,23,27,32,37,43,50,56,24,27,63,62,49,37,39,32,19,9,0,43,93,19,0,0,0,0,0,0,2,0,0,0,1,0,0,0,1,0,0,0,1,0,0,0,0,3,0,0,0,4,0,0,0,2,0,0,0,0,0,105,136,4,0,0,0,3,0,0,0,1,0,1,0,7,24,32,40,44,43,39,35,34,36,45,58,71,86,101,109,107,109,112,106,86,107,179,104,24,19,4,0,0,0,0,0,0,0,1,0,0,0,1,0,0,1,0,0,0,1,0,0,0,0,0,0,0,0,0,0
0,0,0,0,0,0,0,0,0,0,0,2,2,0,0,0,0,0,0,0,0,0,0,0,0,0,0,0,0,0,0,0,0,0,0,0,0,1,1,1,0,0,0,0,0,0,0,0,0,0,0,0,0,0,0,0,0,0,0,0,0,0,0,0,0,0,77,213,60,0,0,0,0,0,0,0,0,0,0,0,0,0,0,0,0,2,2,0,0,2,4,3,5,12,23,29,37,45,50,52,51,44,10,4,24,18,14,11,9,9,10,11,13,15,18,20,24,29,32,37,42,45,30,140,203,59,20,25,18,11,6,5,1,0,0,0,0,0,0,0,109,205,32,0,0,0,0,0,12,192,133,0,0,0,0,0,0,0,0,0,0,49,211,89,0,0,0,0,0,0,0,0,0,0,0,0,0,0,0,1,0,0,0,0,3,11,24,34,40,43,42,38,34,31,35,45,57,72,85,99,192,189,110,111,108,97,86,72,54,37,16,2,0,0,0,0,0,0,0,12,191,135,0,0,0,0,0,177,153,0,0,0,0,0,0,0,0,0,0,0
0,0,0,0,0,0,0,0,0,0,0,2,0,0,0,2,0,0,0,0,0,0,0,0,0,0,0,0,0,0,0,0,0,0,0,0,0,0,1,1,0,0,0,0,0,0,0,0,116,115,0,0,0,0,0,0,0,0,0,0,0,0,0,0,0,2,0,0,125,102,0,0,0,0,0,0,0,0,0,0,0,0,106,124,0,0,2,0,0,0,7,6,14,24,31,38,46,53,56,56,50,41,35,24,13,7,4,4,4,3,4,4,5,5,5,6,7,9,9,12,9,20,99,71,1,16,16,12,10,7,7,7,7,5,2,0,0,0,0,0,67,127,20,0,0,0,0,1,0,0,0,1,0,0,0,0,0,0,0,0,2,0,0,0,0,0,0,0,22,143,77,0,0,0,0,0,0,0,0,0,0,0,0,0,0,4,13,26,37,42,45,43,38,33,31,35,43,57,73,89,137,143,116,128,121,106,99,88,65,38,32,15,0,0,0,0,0,0,1,0,0,0,1,0,0,1,0,0,0,1,0,0,0,0,0,0,0,0,0,0
0,0,0,0,0,0,0,0,0,0,0,0,66,200,63,0,0,0,0,0,0,0,0,0,0,0,0,0,0,0,0,0,0,0,0,0,0,1,0,0,0,0,0,0,0,0,1,1,0,0,1,1,0,0,0,0,0,0,0,0,0,0,0,0,0,0,1,0,0,0,7,36,16,6,37,14,0,0,0,0,0,1,0,0,0,1,0,21,186,117,0,6,14,22,26,28,33,37,39,38,34,28,20,11,5,1,0,1,1,3,2,0,2,3,2,3,2,0,1,0,0,0,0,0,0,0,0,0,0,0,2,5,7,9,10,10,5,1,0,2,0,0,0,2,0,0,0,0,0,0,0,0,0,0,0,0,0,0,0,0,0,0,0,0,75,200,54,0,0,0,0,1,0,30,28,0,0,0,0,0,0,0,0,0,0,2,5,15,26,33,42,47,43,39,34,32,33,42,57,72,90,113,103,16,53,125,109,84,133,206,94,19,14,2,0,0,0,0,0,0,0,0,0,0,0,0,0,0,0,0,0,0,0,0,0,0,0,0,0,0
0,0,0,0,0,1,0,0,0,2,0,1,0,0,0,1,0,0,0,0,0,0,0,0,0,0,0,0,0,0,0,0,0,0,0,0,0,0,141,157,0,0,2,0,0,0,2,0,0,0,0,0,0,0,0,0,0,0,0,0,0,0,0,0,0,0,0,0,0,0,7,49,7,0,49,20,0,0,0,2,0,0,0,2,0,0,0,0,0,0,49,192,84,0,7,7,9,12,15,19,11,0,4,8,1,0,0,0,0,1,2,2,3,2,0,1,1,1,0,0,0,0,0,0,0,0,0,0,0,0,1,2,3,7,10,11,10,6,2,0,0,0,0,0,51,191,73,0,0,0,0,0,0,0,0,0,0,0,0,0,0,0,0,1,0,0,0,1,0,0,0,0,0,40,37,0,0,0,0,0,139,159,0,0,1,1,2,0,59,194,104,25,46,44,38,32,31,34,47,59,15,39,110,119,123,117,107,98,90,81,72,43,14,8,2,0,0,0,0,0,0,0,0,0,0,0,0,0,0,0,0,0,0,0,0,0,0,0,0,0
1,0,0,0,1,0,11,147,100,0,0,0,30,89,28,0,0,0,0,0,0,0,0,0,0,0,0,0,0,0,0,0,0,0,0,0,1,1,0,0,1,2,0,20,153,88,0,0,0,0,0,0,0,0,0,0,0,0,0,0,0,0,0,0,0,0,0,0,0,0,0,0,107,141,5,0,0,0,0,0,30,158,76,0,0,0,0,0,1,3,0,0,0,3,0,0,0,0,2,0,52,163,61,0,7,82,54,0,0,0,0,1,2,0,0,0,2,0,0,0,0,0,0,0,0,0,0,0,0,0,0,0,0,0,19,79,41,0,10,79,60,0,0,2,0,0,0,3,0,0,0,0,0,0,0,0,0,0,0,0,1,0,0,0,2,0,0,0,0,0,0,0,0,0,0,0,0,0,1,1,0,0,1,2,3,5,5,10,10,2,24,43,45,44,40,34,28,27,29,42,117,132,92,107,111,134,187,207,165,99,72,132,169,51,0,0,0,0,0,0,0,0,0,0,0,0,0,0,0,0,0,0,0,0,0,0,0,0,0,0
0,142,186,7,0,0,3,3,5,7,7,1,1,9,4,0,0,0,0,0,0,0,0,0,0,0,0,0,1,1,0,0,0,0,0,0,0,0,0,0,0,1,1,0,0,0,0,0,0,0,0,0,0,0,0,0,0,0,0,0,0,0,0,0,0,0,0,0,0,0,0,0,0,0,0,1,0,0,0,1,0,0,0,0,0,0,0,1,1,1,1,0,0,0,0,0,0,0,3,3,4,8,6,2,1,6,4,0,0,0,0,0,0,105,206,35,0,0,0,0,0,0,0,0,0,0,0,0,0,0,0,0,0,0,47,216,98,0,8,11,6,0,0,0,0,0,0,0,0,0,0,0,0,0,0,0,0,0,0,0,0,49,211,89,0,0,0,0,0,0,0,0,0,0,0,0,0,0,0,0,0,0,1,5,9,11,13,15,17,20,27,35,40,42,41,36,29,25,26,32,48,68,83,98,111,120,123,122,118,110,100,84,66,48,26,7,0,0,0,0,0,0,0,0,0,0,0,0,0,0,0,0,0,0,0,0,0,0,0,0
7,0,0,0,91,85,0,4,8,6,1,84,96,6,0,3,2,1,1,0,0,0,0,0,0,0,0,0,0,0,0,0,0,0,0,0,0,0,0,0,0,0,0,0,0,0,0,0,88,76,0,0,2,0,0,0,0,0,0,0,0,0,0,1,1,0,0,0,1,0,0,0,0,0,0,0,46,109,25,0,0,0,0,0,0,121,102,0,0,1,1,0,0,0,5,126,94,0,0,173,219,13,0,0,0,0,0,0,0,0,0,0,2,0,0,0,0,36,143,57,0,0,0,0,0,0,0,0,0,0,0,0,0,2,0,0,0,5,6,5,3,1,0,0,0,0,0,0,0,0,0,26,140,68,0,0,0,0,0,0,2,0,0,0,3,0,0,0,23,138,74,0,0,0,0,0,0,0,0,0,0,0,0,1,5,10,12,15,13,7,18,29,33,41,41,35,30,10,59,153,76,38,63,32,68,119,120,122,123,113,46,51,92,65,42,21,4,0,0,0,0,0,0,0,0,0,0,0,0,0,0,0,0,0,0,0,0,0,0,0
0,137,177,7,0,1,3,4,7,8,8,8,8,8,6,4,3,3,2,1,1,0,0,0,0,0,0,0,0,0,0,0,0,0,0,0,0,0,0,0,0,0,0,0,0,0,0,0,0,82,202,46,0,30,4,0,0,0,0,0,0,0,0,0,0,152,163,0,0,0,0,0,0,0,0,0,0,0,0,0,0,0,0,1,0,0,0,2,1,0,0,0,0,1,0,0,0,10,39,13,0,4,3,0,0,0,0,0,0,23,26,0,0,0,0,0,2,0,0,0,2,0,0,17,30,4,0,0,0,0,0,0,0,0,0,0,1,1,1,2,2,1,0,0,0,0,0,0,0,0,2,0,0,0,2,0,0,0,0,0,0,0,0,0,0,6,178,136,0,0,0,2,0,0,0,0,0,0,0,0,0,0,0,0,0,1,3,5,8,12,15,22,26,3,14,37,32,28,16,4,17,34,49,72,89,101,112,119,119,116,126,63,5,60,63,37,19,4,0,0,0,0,0,0,0,0,0,0,0,0,0,0,0,0,0,0,0,0,0,0
2,0,0,0,1,2,3,4,7,8,8,8,8,8,7,6,5,4,4,3,2,1,1,1,1,0,0,0,0,0,0,0,0,0,0,0,0,0,0,0,3,161,129,0,0,0,0,0,1,0,0,0,17,54,6,0,0,0,0,0,0,0,0,0,0,0,0,0,0,0,0,0,0,0,0,0,0,0,0,0,0,1,0,0,0,1,0,0,0,0,0,0,0,0,0,0,0,10,56,33,0,1,0,0,0,0,0,0,0,40,45,0,0,0,0,0,0,0,0,0,0,0,0,30,52,6,0,0,0,0,0,0,0,113,172,14,0,0,0,0,1,1,1,1,0,0,0,0,0,0,0,0,0,0,0,0,0,2,0,0,0,2,0,0,0,0,0,0,1,0,0,0,0,0,0,0,0,0,0,0,0,0,0,0,0,0,0,0,2,5,11,17,23,29,32,33,32,29,24,20,22,11,8,45,73,89,102,114,115,107,110,108,97,83,67,50,33,16,0,0,0,2,0,0,132,159,1,0,0,0,0,0,0,0,0,0,0,0,0,0
0,0,0,0,1,1,2,5,7,9,9,9,8,8,7,6,6,6,3,2,6,6,5,3,2,1,1,0,0,0,0,0,0,0,0,0,0,0,0,1,0,0,0,2,0,0,0,0,0,0,8,149,106,0,0,0,0,0,0,0,0,0,0,0,0,0,0,0,0,0,0,0,0,0,0,0,0,0,0,0,0,0,119,139,0,0,0,0,0,0,0,0,0,0,0,0,1,1,1,1,1,1,0,0,0,0,0,0,0,0,0,0,0,0,0,0,0,0,0,0,0,0,0,0,0,0,0,0,0,0,0,0,2,0,0,0,2,0,0,0,0,0,0,0,0,0,0,0,0,0,0,0,0,0,0,0,0,0,17,155,95,0,0,0,0,0,0,0,0,0,0,0,0,0,0,0,0,0,0,0,0,0,0,0,0,0,0,0,0,0,0,4,16,21,28,32,33,33,31,27,24,26,34,40,55,75,91,97,141,192,137,102,101,92,79,63,48,12,79,165,39,0,0,2,0,0,0,1,0,0,0,0,0,0,0,31,83,23,0,0
0,0,0,0,0,2,3,6,9,8,3,8,11,8,8,8,7,7,7,8,8,8,6,5,4,2,1,1,0,0,0,0,0,0,0,0,0,0,0,0,0,0,0,0,0,0,0,0,0,0,0,0,0,0,0,1,0,0,0,1,0,0,0,0,0,0,0,0,0,0,0,0,0,0,0,0,0,0,1,0,0,0,0,0,0,0,0,0,0,0,0,0,0,0,0,0,0,0,0,0,0,0,0,0,0,0,0,0,0,0,1,1,1,1,1,1,0,0,0,0,0,1,1,0,0,1,1,1,1,1,1,1,1,0,0,0,0,0,0,0,0,0,0,0,0,0,1,0,0,0,1,0,0,0,0,0,0,0,0,0,0,0,0,0,0,0,0,0,0,0,0,0,0,0,0,0,0,0,0,0,0,0,0,0,0,0,1,0,0,0,0,1,6,13,22,31,37,40,40,38,33,30,30,35,46,62,79,95,108,115,118,115,109,102,91,75,61,45,23,5,1,0,0,0,0,0,0,0,0,0,0,0,0,0,0,4,10,3,0,0
1,1,1,1,2,2,4,7,0,32,119,62,0,11,9,8,8,8,8,8,6,5,3,2,1,0,0,0,0,0,0,0,0,0,0,1,2,2,0,0,0,1,0,0,0,0,0,0,0,0,0,0,0,0,0,0,29,94,32,0,0,0,0,0,0,0,0,0,0,0,0,0,0,0,0,0,0,0,0,66,108,12,0,0,0,0,2,0,0,0,0,0,0,1,1,3,0,0,0,2,0,1,1,1,2,2,2,2,4,6,10,14,16,17,14,10,6,3,2,4,0,0,0,0,24,133,54,28,138,49,0,4,4,3,2,1,0,0,0,0,0,0,0,0,0,0,0,48,115,27,0,0,0,0,0,0,0,0,0,0,0,0,0,0,0,0,0,0,0,0,0,0,0,0,0,0,0,0,0,0,0,0,0,0,0,0,0,73,103,6,0,0,0,3,11,21,30,38,42,43,39,34,31,30,37,50,64,72,89,111,117,118,115,111,101,88,75,46,89,141,34,0,0,0,0,0,0,0,0,0,0,0,0,0,0,0,0,0,0,0
3,3,3,3,3,4,6,7,10,13,14,16,10,1,8,12,9,8,8,6,4,2,0,0,0,0,0,0,0,0,0,0,0,0,0,0,0,0,149,166,0,0,0,0,0,0,0,0,0,0,0,0,0,0,0,0,63,206,69,0,0,0,0,0,0,0,0,0,0,0,0,0,0,0,0,0,0,0,0,0,0,0,0,67,206,65,0,0,0,0,0,1,1,1,1,0,110,195,27,0,0,1,2,4,5,5,3,11,33,23,14,22,26,29,28,25,19,13,9,0,84,205,54,0,1,0,0,0,0,0,6,5,5,4,2,1,0,0,0,0,0,0,0,0,0,0,0,0,1,1,1,0,0,0,0,0,0,0,0,0,0,0,0,0,0,0,0,0,0,0,0,0,0,0,0,0,0,0,0,0,0,0,0,0,0,0,0,0,0,0,0,0,0,0,0,6,14,42,53,38,38,33,26,29,33,37,43,176,206,99,107,120,120,117,111,100,88,76,51,23,15,5,0,0,0,0,0,0,0,0,0,0,0,0,0,0,0,0,0,0
6,7,7,7,7,7,9,11,14,16,17,17,17,16,14,12,11,9,8,6,3,2,0,0,0,0,0,0,0,0,0,0,0,0,2,0,0,0,131,144,0,0,1,1,0,0,0,0,0,0,0,0,0,0,0,1,0,0,0,1,0,0,0,0,0,0,0,0,0,0,0,0,0,0,0,0,0,0,0,0,0,0,1,0,0,0,1,0,0,1,1,1,1,1,1,1,0,0,0,1,0,0,0,4,9,12,9,27,74,44,14,24,26,28,28,25,21,15,9,6,0,0,1,4,4,4,4,3,3,3,3,1,1,2,2,2,0,0,0,1,0,0,0,0,1,1,0,0,2,3,2,0,0,0,0,0,0,0,0,0,0,0,0,0,0,0,0,0,0,0,0,0,0,3,0,0,0,2,0,0,0,0,0,0,0,0,0,0,0,0,0,0,0,0,0,0,2,55,64,6,7,105,175,43,5,35,41,83,105,91,103,116,120,120,116,108,100,86,68,50,34,13,0,0,0,0,0,0,0,0,0,0,0,0,0,0,0,0,0,0
8,10,13,14,13,14,16,18,21,22,22,24,24,22,20,17,14,12,9,6,3,2,0,0,0,0,0,0,0,0,0,0,0,0,0,102,158,16,0,0,1,0,39,75,13,0,0,0,0,0,0,0,0,0,0,0,24,77,17,27,76,15,0,0,0,0,1,1,0,1,0,0,0,1,0,0,0,0,0,0,0,0,0,0,0,0,0,0,0,0,1,1,1,0,0,0,0,0,0,0,0,0,0,1,5,11,18,23,26,29,29,29,28,27,22,9,6,7,5,3,2,1,1,1,1,2,2,2,2,1,1,1,1,0,0,0,128,139,0,0,0,0,0,0,0,0,137,126,0,0,5,3,1,0,0,0,0,0,0,0,0,0,0,0,29,77,21,0,0,0,0,0,0,0,107,246,54,0,15,76,35,0,0,0,0,0,0,0,0,0,0,0,3,69,50,0,2,12,25,34,37,15,27,163,119,17,34,46,63,79,95,110,118,122,122,116,107,95,79,63,47,25,8,1,0,0,0,0,0,0,0,0,0,0,0,0,0,0,0,0
9,12,15,17,18,19,20,21,23,25,25,26,20,12,16,18,14,10,7,4,3,2,0,0,0,0,0,0,0,0,0,0,0,0,0,0,0,0,0,0,1,0,9,13,0,0,1,0,0,0,0,0,0,0,0,0,4,14,3,5,14,3,0,0,0,0,2,3,3,0,29,201,111,0,0,0,0,0,0,0,0,0,0,0,0,0,0,0,0,0,0,0,0,0,0,0,0,0,0,0,0,0,0,0,0,3,9,17,24,30,34,36,35,17,49,202,119,0,4,2,1,1,0,0,1,1,1,1,1,1,1,1,1,0,0,0,0,0,0,0,0,0,0,0,0,0,0,86,209,50,0,3,3,2,0,0,0,0,0,0,0,0,0,0,5,14,4,0,0,0,0,0,0,0,6,13,3,0,3,14,6,0,0,0,0,0,0,0,0,0,0,0,1,13,9,0,2,10,10,1,19,32,30,30,28,29,31,37,51,68,83,101,114,120,122,119,113,103,87,71,58,39,20,5,0,0,0,0,0,0,0,0,0,0,0,0,0,0,0,0
6,9,12,13,14,14,14,15,17,16,9,1,53,125,47,0,6,5,3,1,1,1,1,0,0,0,0,0,0,0,0,0,0,10,121,67,15,130,44,0,1,2,0,13,97,57,0,4,0,0,3,1,0,0,0,0,0,0,0,0,0,0,0,0,0,0,1,1,3,5,0,0,0,2,0,0,0,0,0,0,0,0,0,0,0,0,0,0,0,0,0,0,0,0,0,0,0,0,0,0,0,0,0,0,10,121,81,0,10,18,25,29,32,33,27,11,11,13,6,2,0,0,0,0,0,0,0,1,0,0,0,1,1,1,0,0,0,0,0,0,0,0,0,0,0,0,2,0,0,0,3,2,3,3,2,1,0,0,0,0,0,30,131,55,0,0,0,0,0,0,89,115,3,0,0,0,0,0,0,0,0,0,0,0,0,0,0,0,0,0,94,95,0,0,0,0,0,1,4,9,14,19,23,25,26,26,28,32,42,56,71,90,105,114,121,117,105,104,97,82,70,53,35,19,4,0,0,0,0,0,0,0,0,0,0,0,0,0,0,0
0,15,20,4,2,3,4,6,7,8,8,7,5,4,3,3,2,1,1,1,1,1,1,1,0,0,0,0,0,0,0,0,1,0,0,0,0,0,145,170,0,0,0,29,197,120,0,8,167,163,1,0,2,1,0,0,0,0,0,0,0,0,0,0,0,0,0,1,1,1,1,0,0,0,0,0,0,0,0,0,0,0,0,0,0,0,0,0,0,14,20,1,0,0,0,0,0,0,0,0,0,0,0,1,0,0,0,1,0,1,5,11,15,20,17,1,5,11,5,2,0,0,0,0,0,0,15,19,0,0,0,0,0,0,0,0,0,0,0,0,0,0,0,0,0,0,0,0,0,0,0,1,1,0,0,1,1,1,0,0,1,0,0,0,2,0,0,0,0,1,0,0,0,1,0,0,0,0,0,0,0,0,0,0,0,0,0,0,0,0,0,0,0,0,0,0,0,0,0,3,6,13,19,22,24,24,23,26,32,43,57,76,94,105,105,142,211,146,97,104,84,66,52,36,15,2,0,0,0,0,0,14,20,1,0,0,0,0,0,0
0,164,215,7,0,0,0,1,2,4,4,4,3,3,3,3,2,2,2,2,0,3,0,0,0,3,0,0,0,1,1,3,0,0,0,2,0,0,125,140,0,0,94,176,39,0,7,20,12,6,9,4,0,0,0,0,0,0,0,0,0,0,0,0,0,0,0,1,1,1,0,0,0,0,0,0,75,178,41,0,0,0,0,0,0,0,0,0,0,42,60,4,0,0,0,0,0,0,0,0,0,0,0,0,0,0,0,0,0,0,0,0,2,5,2,0,0,7,4,1,0,1,0,0,0,0,46,57,1,0,0,0,0,0,0,0,0,0,0,0,0,0,0,0,0,0,0,0,0,0,0,1,1,1,1,1,1,1,0,0,0,0,0,0,0,0,0,0,0,0,0,1,1,0,60,179,40,0,0,0,0,1,0,0,0,2,3,0,0,0,1,0,0,0,0,0,0,0,0,0,147,140,11,19,22,20,20,20,24,34,47,64,82,96,109,114,112,109,129,131,27,0,15,42,35,12,0,0,0,0,0,41,61,4,0,0,0,0,0,0
2,0,0,0,0,30,71,16,0,1,2,6,9,9,10,11,11,6,53,69,14,0,74,179,53,0,7,7,8,7,6,0,81,175,38,0,2,3,0,0,6,10,1,0,14,22,20,14,9,5,2,1,0,0,0,0,0,0,0,0,7,67,43,0,3,5,5,3,2,0,0,0,0,0,0,3,0,0,0,0,1,0,0,0,0,0,0,0,0,0,0,0,0,0,0,0,0,0,0,0,0,0,0,0,0,0,0,0,0,0,0,0,0,0,20,166,97,0,0,1,1,1,0,0,0,0,0,0,0,0,0,0,0,0,0,0,0,0,0,0,0,0,0,0,0,0,0,0,0,0,0,14,71,37,0,3,2,1,1,0,0,0,0,0,0,0,0,0,0,0,0,0,0,144,122,0,0,2,0,0,0,0,1,149,123,0,0,112,157,9,0,0,0,0,0,0,0,0,1,1,0,0,20,23,25,24,21,19,21,26,35,51,69,84,104,101,77,103,113,115,197,162,72,61,43,22,5,0,0,0,0,44,65,5,0,26,71,20,0,0
1,1,1,1,0,8,18,4,0,0,1,4,9,11,14,18,20,20,35,42,28,27,30,27,2,9,31,27,17,13,20,18,14,11,10,8,7,7,7,8,8,8,9,12,12,12,10,8,5,2,1,1,0,0,1,0,0,1,2,0,3,20,15,2,3,2,1,1,0,0,0,0,0,0,0,0,0,13,189,130,0,0,0,0,0,0,0,0,0,0,0,0,0,0,0,0,0,0,0,0,0,0,0,0,0,0,0,0,0,0,0,0,0,0,0,0,0,0,1,1,1,1,1,1,0,0,0,0,0,0,0,0,0,0,0,0,0,0,0,0,0,0,0,0,0,0,0,0,0,1,0,7,25,17,5,5,2,1,1,0,0,0,0,0,0,0,0,0,0,0,0,0,0,0,0,0,0,0,0,0,0,0,0,0,0,0,0,0,0,0,0,1,0,0,0,0,0,1,0,0,0,7,16,22,27,28,27,25,23,24,30,42,58,73,91,102,103,115,121,115,108,97,83,70,44,22,15,4,0,0,0,11,17,1,0,7,18,5,0,0
3,6,8,7,5,1,0,0,0,1,3,4,6,9,7,6,9,19,25,29,34,37,39,42,46,48,37,10,100,131,36,29,23,11,23,26,24,24,24,20,13,20,23,22,21,21,12,0,5,11,5,1,0,0,0,90,108,2,0,1,0,0,77,115,9,0,0,0,0,0,0,0,0,0,0,0,1,0,0,0,2,0,0,0,0,0,0,13,118,71,0,0,0,1,0,0,0,2,0,0,0,0,0,0,0,0,0,0,0,0,0,0,2,0,0,0,2,0,0,0,0,0,0,0,21,122,62,0,0,0,0,0,0,0,27,124,41,31,126,36,0,0,0,0,0,0,0,0,0,2,4,7,8,7,5,3,1,0,0,0,0,0,0,0,0,0,0,0,18,121,65,0,0,0,0,0,0,0,0,0,0,0,0,0,0,0,0,0,31,127,51,0,0,0,0,0,0,0,38,128,43,0,7,17,15,14,28,30,26,24,25,32,44,57,75,93,105,115,119,117,113,103,87,69,129,126,28,3,0,0,0,0,0,0,0,0,0,0,0,0
2,5,7,7,5,4,3,3,3,3,4,5,5,5,6,8,9,10,13,16,19,22,25,27,29,32,35,39,39,37,38,17,113,208,72,21,39,40,41,40,38,39,37,34,31,8,72,210,92,0,12,9,5,7,20,10,0,1,0,0,0,1,0,0,0,1,0,0,0,0,0,0,0,0,0,0,0,0,0,0,0,0,0,0,0,0,1,0,0,0,1,0,0,0,7,182,147,0,0,0,0,0,0,0,0,1,1,1,1,0,0,0,0,103,203,33,0,16,1,0,0,0,0,1,0,0,0,1,0,0,0,0,0,11,14,0,0,0,0,0,1,0,0,12,15,1,0,2,3,5,6,6,4,2,0,0,0,0,0,0,0,0,0,0,0,0,0,1,0,0,0,1,0,0,0,0,0,0,0,0,0,0,0,0,0,0,0,0,0,0,0,0,0,0,0,0,0,0,0,0,0,0,0,0,125,198,53,16,17,17,16,20,28,37,55,75,91,105,115,117,115,109,96,78,70,42,2,5,6,0,0,0,0,0,0,0,0,0,0,0
0,0,0,0,0,0,0,1,2,2,3,4,3,3,3,4,4,4,3,2,2,4,6,8,11,15,19,22,24,25,27,29,25,22,30,37,38,36,20,88,185,76,12,24,20,17,11,2,7,9,5,6,0,16,71,36,0,0,0,69,149,29,0,0,0,0,0,0,0,0,0,0,0,0,0,0,0,0,0,0,0,0,0,0,0,0,0,0,0,0,0,0,0,1,0,0,17,96,178,83,0,0,0,0,0,0,1,1,1,1,0,0,1,0,0,0,50,59,0,0,72,174,44,0,1,1,0,0,0,0,0,15,155,147,49,5,0,0,0,0,0,0,0,48,64,3,0,2,3,5,5,3,1,0,0,0,0,0,0,0,0,0,0,0,0,0,0,0,0,0,0,0,0,0,75,173,38,0,0,0,0,0,0,0,0,0,0,0,0,0,0,0,0,0,0,0,0,0,0,0,0,0,0,0,0,11,75,42,5,11,9,10,16,24,39,59,76,94,108,114,117,116,99,65,65,59,48,160,122,0,0,0,0,0,0,0,0,3,0,0
0,0,18,66,24,0,0,0,0,1,1,1,1,1,0,0,1,1,1,1,1,1,1,1,2,5,8,10,11,12,11,11,12,13,16,5,1,15,20,7,0,3,9,4,3,2,1,0,0,0,0,0,0,0,0,0,0,0,0,72,154,30,0,14,65,28,0,0,0,1,0,0,0,1,0,0,0,0,0,0,0,0,0,0,0,0,0,0,0,0,0,0,50,52,0,0,2,0,0,0,3,0,0,0,0,0,0,0,1,1,1,1,1,1,0,0,0,45,180,74,0,0,0,3,1,1,0,0,0,0,2,0,0,0,2,0,0,0,0,0,0,0,0,0,0,0,0,2,3,0,0,5,2,0,0,0,0,0,0,0,1,0,0,0,1,0,0,0,0,0,0,0,0,3,0,0,0,2,0,0,0,0,1,56,46,0,0,0,0,0,0,0,0,0,0,0,0,0,0,0,0,0,0,0,0,0,3,9,11,8,9,15,23,27,36,51,67,84,100,111,116,116,109,101,89,74,58,25,7,6,1,0,0,0,0,0,0,0,79,196
0,0,6,23,9,0,0,0,0,0,0,2,0,0,0,2,0,0,0,0,0,1,1,0,3,6,7,8,8,8,7,5,4,3,3,4,3,2,1,1,1,0,0,0,0,0,0,0,0,0,0,0,0,0,0,0,0,0,0,0,0,0,0,5,24,0,0,0,1,0,28,198,109,0,0,0,0,0,0,0,0,0,0,0,0,0,0,0,0,0,0,0,18,18,0,0,0,0,0,0,0,0,0,0,0,0,0,0,0,1,1,1,1,1,1,0,0,0,0,0,0,0,1,1,1,1,0,0,0,0,0,0,0,0,0,0,0,1,0,0,0,1,0,0,0,0,0,0,15,187,133,0,0,148,173,0,0,0,0,0,0,47,205,87,0,0,0,0,0,0,0,0,0,0,0,0,0,0,0,0,0,0,0,20,16,0,0,0,0,1,0,0,1,0,0,0,0,0,0,0,0,0,0,0,0,0,2,0,80,195,83,25,47,49,53,61,70,81,95,106,114,118,114,107,97,83,68,52,33,16,3,0,0,0,0,0,0,0,0,0
0,0,0,0,0,0,0,0,0,0,0,0,44,133,42,0,0,0,0,0,0,0,1,1,3,6,9,10,10,10,10,7,4,3,1,0,0,0,0,0,0,0,0,0,0,0,0,0,0,0,0,0,0,0,0,0,0,0,0,0,0,0,0,0,0,100,107,0,0,2,0,0,0,2,0,0,0,0,0,0,0,0,0,0,0,2,0,0,0,2,0,0,0,0,0,0,0,0,0,0,0,0,97,90,0,0,0,1,1,1,1,1,1,1,0,0,0,0,0,94,94,0,0,0,0,0,0,0,0,0,0,10,111,71,0,0,0,0,3,115,90,0,0,0,0,0,1,3,1,0,0,10,8,0,0,1,1,0,0,0,2,0,0,0,2,0,0,0,0,0,0,0,0,0,0,0,0,0,0,0,0,0,0,0,0,0,0,0,0,0,103,104,0,0,0,0,0,0,36,120,42,0,0,0,0,0,2,3,61,133,82,49,57,68,70,69,73,80,92,104,113,118,118,114,106,92,76,50,91,125,25,0,0,0,0,0,0,0,0,0
0,0,0,0,0,0,0,0,0,0,0,0,0,0,0,0,0,0,0,0,0,0,0,0,0,3,8,10,13,14,12,10,6,3,1,0,0,0,0,0,0,0,0,0,0,0,0,0,0,0,0,0,0,0,0,0,0,0,0,0,0,0,0,0,0,0,0,0,0,0,0,0,0,0,0,0,0,0,0,0,0,0,0,0,0,0,99,207,50,0,0,0,0,0,0,0,0,0,0,0,0,0,0,0,2,1,1,0,1,1,1,1,1,1,0,0,0,0,0,0,0,0,0,0,0,0,0,0,0,0,1,0,0,0,1,1,0,0,0,0,0,0,0,0,0,0,0,0,1,3,1,0,3,2,0,0,0,0,0,0,0,0,0,0,0,0,0,0,0,0,0,0,0,0,0,0,0,8,12,1,0,0,0,0,0,0,0,0,0,0,0,0,0,0,0,0,0,1,0,0,0,1,0,0,0,0,0,7,20,34,30,132,207,89,55,70,72,79,90,102,110,117,121,123,111,95,81,68,44,20,11,3,0,0,0,0,0,0,0,0
0,0,0,0,0,0,0,0,0,0,0,0,0,0,0,0,0,0,0,0,0,0,0,0,1,2,4,8,11,12,10,9,5,1,0,0,0,0,0,0,2,146,117,0,0,0,0,0,0,0,0,0,0,0,0,0,1,0,0,0,1,1,0,0,0,0,0,0,0,0,0,0,0,0,0,0,0,0,0,0,0,0,0,0,0,4,0,0,67,48,0,0,0,0,0,0,0,0,0,0,0,0,1,1,0,0,101,158,16,0,1,1,1,1,1,1,3,0,0,0,3,0,0,0,0,0,0,0,0,3,0,0,0,2,0,0,3,0,0,0,2,0,0,0,0,0,0,0,1,1,1,1,1,1,0,0,0,0,0,0,0,0,0,0,0,0,0,0,0,0,0,0,0,0,0,0,0,46,73,7,0,0,0,0,0,0,0,0,0,0,0,0,0,2,0,0,0,2,0,0,0,0,0,0,0,0,0,2,9,21,32,38,42,53,60,64,69,77,90,102,110,115,126,153,128,96,84,27,16,41,26,7,0,0,0,0,0,0,0,0
0,0,0,0,0,0,0,0,0,0,0,0,0,0,0,0,0,0,0,0,0,0,0,1,1,2,3,4,6,8,7,5,2,1,0,0,0,0,0,1,0,0,0,2,0,0,0,0,0,0,0,1,0,0,0,1,0,0,153,134,0,0,0,0,0,0,0,0,0,0,0,0,0,0,0,0,0,0,0,0,0,0,0,0,0,0,88,180,33,0,0,0,0,0,0,0,0,0,0,0,0,0,2,0,0,2,0,0,0,2,0,1,1,1,1,1,0,47,184,73,0,0,0,0,0,0,0,0,0,0,84,181,37,0,0,0,0,66,185,53,0,0,0,0,0,0,0,0,1,1,1,1,1,0,0,0,0,0,0,0,0,0,0,0,0,0,0,0,0,0,0,0,0,0,0,0,0,0,0,0,0,0,0,0,0,0,0,0,0,0,0,0,0,0,100,175,22,0,0,0,0,0,0,0,0,0,0,1,4,11,14,54,85,48,43,56,63,54,68,99,109,118,122,121,116,105,93,86,71,52,40,21,6,1,0,0,0,0,0,0
0,0,1,0,0,0,1,0,0,0,0,1,1,1,1,1,1,1,1,3,4,6,7,7,7,8,8,7,8,8,7,5,4,2,1,1,1,0,0,0,0,0,0,0,0,0,0,0,160,158,0,0,113,193,23,0,0,0,0,0,0,0,0,0,0,0,0,0,0,0,0,0,0,0,0,0,0,0,0,0,0,0,0,0,0,0,0,0,0,0,0,0,0,0,0,0,0,0,0,0,0,0,0,83,186,41,0,1,1,1,1,1,1,1,1,1,1,0,0,0,0,0,0,0,0,0,0,0,0,0,0,0,0,0,0,0,0,0,0,0,0,0,0,0,0,0,0,0,0,1,1,1,0,0,0,0,0,0,0,0,0,0,0,0,0,0,0,0,0,0,0,1,0,0,0,1,0,0,0,0,0,1,0,0,0,1,0,0,0,0,0,0,0,0,0,0,0,0,0,0,0,0,0,0,0,0,1,0,0,6,10,31,47,31,30,40,48,56,72,91,104,116,123,123,121,113,103,91,76,62,49,32,14,1,0,0,0,0,0,0
0,0,0,0,203,191,0,0,0,22,112,53,0,1,1,1,2,3,6,10,15,19,23,26,27,25,22,19,16,13,12,12,11,11,10,7,4,1,0,0,0,0,0,0,0,0,1,1,0,0,1,3,0,0,0,2,0,0,0,0,0,0,0,0,0,0,0,0,0,0,0,0,0,0,0,0,0,0,0,0,0,0,0,0,0,0,0,0,0,0,0,0,0,0,0,0,0,0,0,0,0,0,0,53,116,10,0,3,2,2,2,2,1,1,1,1,1,1,1,1,1,1,1,1,0,0,0,0,0,1,0,0,0,0,0,0,0,0,0,0,0,0,0,0,0,0,0,0,0,0,0,0,0,0,0,0,0,0,0,0,0,0,0,0,0,0,0,0,0,0,0,0,0,112,104,0,0,0,0,0,0,0,1,118,97,0,0,0,0,0,0,0,0,0,0,0,0,0,0,0,0,0,0,0,0,0,0,102,113,0,0,7,11,15,20,29,37,19,37,86,100,113,121,123,123,117,109,98,84,70,56,37,18,3,0,0,0,0,0,0
0,0,0,0,0,0,0,0,1,0,0,0,2,1,1,2,3,4,8,14,20,27,33,35,36,35,32,31,28,24,23,22,21,20,16,11,6,2,0,0,0,0,0,0,0,0,0,0,0,0,0,0,0,0,0,0,0,0,0,0,0,0,0,0,0,0,0,0,0,0,0,0,0,0,0,0,0,0,0,0,0,0,0,0,0,0,0,1,9,5,0,0,0,0,0,0,0,0,0,1,1,1,10,0,20,194,131,0,6,5,4,3,3,3,3,3,2,1,1,1,1,1,1,1,1,1,1,1,1,1,1,1,1,1,1,0,0,0,0,0,0,0,0,0,0,0,0,0,0,0,0,0,0,0,3,9,3,0,0,0,0,0,0,0,0,0,0,0,0,0,0,0,0,0,0,0,0,0,0,0,0,0,0,0,0,1,9,5,0,0,0,0,0,0,0,0,0,0,0,0,0,0,0,0,0,0,0,0,0,0,0,1,3,6,9,17,29,42,60,77,92,106,115,120,122,119,112,103,89,74,61,43,24,9,1,0,0,0,0,0
0,0,0,0,0,0,0,0,0,0,1,1,1,1,1,1,3,4,8,13,18,22,27,29,31,31,31,29,29,28,26,24,21,18,15,9,3,1,0,0,0,0,82,160,26,0,0,0,0,1,0,0,0,2,0,0,0,0,0,0,0,0,0,0,0,0,0,0,0,0,0,0,0,0,0,0,0,0,0,0,0,0,0,0,0,0,0,9,79,48,0,0,0,0,0,0,0,0,0,1,0,2,71,69,3,0,2,11,9,8,7,6,4,3,3,2,1,1,1,0,66,165,42,0,1,1,1,1,1,1,1,1,1,1,1,1,1,0,0,0,0,0,0,0,0,0,0,0,0,0,0,0,0,0,27,85,27,0,0,0,0,0,0,108,113,0,0,0,0,0,0,0,0,0,0,0,0,0,0,0,0,0,0,0,0,10,79,47,0,0,0,0,0,0,0,0,0,0,0,0,0,0,0,0,0,0,0,0,0,0,0,0,0,0,3,11,21,33,50,68,84,100,113,123,55,41,113,111,93,78,66,49,32,17,4,0,0,0,0,0
0,0,0,0,0,0,0,0,0,0,0,40,46,1,0,0,6,7,8,10,13,15,16,18,19,19,19,19,18,17,16,15,12,9,5,2,0,0,0,0,0,2,0,0,0,2,0,0,0,0,10,169,120,0,0,0,0,0,0,0,0,0,0,0,0,0,0,0,0,0,0,0,0,0,0,0,0,0,0,0,0,0,0,0,0,0,0,0,0,0,0,0,0,0,0,0,0,0,0,0,0,0,40,38,2,5,8,8,9,8,8,7,5,3,3,3,2,1,1,4,0,0,0,3,1,1,1,1,1,1,2,0,0,0,2,1,1,1,1,0,0,0,0,0,0,0,0,0,0,1,0,0,0,1,0,0,0,0,0,0,0,0,0,121,127,0,0,0,0,0,0,0,0,0,0,0,0,0,0,0,0,0,0,0,0,1,0,0,0,0,1,0,0,0,1,0,0,0,0,0,0,0,0,0,0,0,0,0,0,0,0,0,0,1,1,4,12,24,42,60,76,97,103,86,114,131,113,105,95,82,72,57,41,27,8,0,0,0,0,0
0,0,0,0,0,0,0,0,0,0,0,24,19,4,169,145,0,4,10,4,0,1,11,9,9,9,9,9,4,2,6,5,3,1,0,0,0,0,0,0,0,0,0,0,0,0,0,0,0,0,0,0,0,0,0,0,0,0,0,0,0,0,0,0,0,0,0,0,0,0,0,0,0,0,0,0,0,0,0,0,0,0,0,0,0,0,0,0,0,0,1,1,0,0,1,1,0,0,0,0,0,0,190,175,0,0,1,2,4,4,4,3,3,3,3,3,3,3,3,3,3,3,3,3,2,1,1,2,1,0,0,20,187,119,0,0,1,1,1,1,0,0,0,0,0,0,0,0,0,0,114,189,21,0,0,0,0,0,0,0,0,0,0,151,158,0,0,0,0,0,0,0,0,163,151,0,0,0,0,0,146,157,0,163,141,0,0,2,0,0,0,81,202,51,0,0,0,0,0,0,0,0,0,0,0,0,0,0,0,0,0,0,1,1,0,2,8,19,36,54,72,93,102,95,108,118,112,106,96,86,77,63,47,34,15,2,0,0,0,0
0,0,0,0,0,0,0,0,0,21,106,52,0,4,0,0,9,0,61,134,148,56,0,4,4,4,3,2,2,2,0,0,0,0,0,0,22,107,48,0,2,93,75,0,0,0,0,0,0,0,0,0,0,0,0,0,0,0,0,0,0,0,0,0,0,0,0,0,0,0,0,0,0,0,0,0,0,0,0,0,0,0,0,0,0,0,0,0,0,0,0,0,110,114,0,0,0,0,0,0,1,0,0,0,1,0,0,0,0,0,0,0,0,1,1,1,2,2,2,3,3,3,3,3,4,5,0,0,0,120,107,0,0,0,3,1,1,1,1,1,1,0,0,0,0,0,0,0,0,2,0,0,0,2,0,0,0,0,0,0,0,1,1,0,0,1,1,0,0,0,0,1,0,0,0,1,1,0,1,1,0,0,0,0,0,2,0,0,35,144,61,0,0,0,2,0,0,2,0,0,0,2,0,0,0,0,0,0,0,0,0,0,1,1,1,1,5,14,30,46,64,85,102,110,111,133,165,128,98,93,83,68,52,38,20,5,0,0,0,0
0,0,0,0,0,0,0,0,1,1,0,2,5,5,6,7,7,7,3,1,4,3,5,8,5,2,1,1,0,0,0,0,0,0,0,0,0,0,0,1,0,0,0,1,1,1,1,0,0,0,0,0,0,0,0,0,0,0,0,0,0,0,0,0,0,1,1,1,1,1,0,0,0,0,0,0,0,0,0,0,0,0,0,0,0,0,0,0,0,0,0,0,0,0,0,0,0,0,0,0,0,0,0,0,0,0,0,0,0,0,0,0,0,0,0,0,1,1,1,5,5,1,1,0,0,0,152,181,3,0,1,1,1,1,1,0,1,1,1,1,1,0,0,0,0,0,0,0,0,0,0,0,0,0,0,0,0,0,0,0,0,0,0,0,0,0,0,0,0,0,0,0,0,0,0,0,0,0,0,0,0,0,0,0,0,0,0,0,0,0,0,0,0,0,0,0,0,0,63,213,74,0,0,0,0,0,0,0,0,0,0,0,1,1,1,1,3,8,22,40,58,80,98,110,120,124,121,120,114,103,91,77,60,45,27,10,0,0,0,0
0,0,0,0,0,0,0,0,1,3,4,6,6,5,5,4,4,3,3,3,3,0,38,92,25,0,1,0,0,0,0,0,0,0,0,0,0,0,0,0,0,1,1,1,1,1,0,0,125,124,0,0,0,0,0,2,0,0,0,0,0,0,0,0,1,1,1,1,1,1,1,0,0,0,0,0,0,0,0,0,0,0,0,0,0,0,0,0,0,0,0,0,0,0,0,0,0,0,0,0,0,0,0,0,0,0,0,0,0,0,0,2,137,111,0,0,0,0,0,70,71,0,0,0,16,89,35,0,1,2,1,1,0,1,1,1,1,1,1,0,0,0,0,0,0,0,0,0,9,145,100,0,0,0,0,0,0,0,0,0,0,0,0,0,0,0,0,0,0,0,0,0,0,0,0,0,0,0,0,0,0,0,0,3,0,0,0,2,0,0,0,0,0,0,0,0,0,1,0,0,0,2,0,0,0,0,0,0,0,0,0,0,21,153,87,0,0,4,16,34,52,73,94,109,121,128,129,128,121,110,100,85,67,52,36,16,1,0,0,0
0,0,0,0,0,0,0,2,5,6,7,8,6,5,4,2,1,1,1,1,1,1,1,1,1,1,1,0,0,0,0,0,0,0,0,0,0,0,0,0,0,0,0,1,1,0,14,50,3,0,0,0,107,181,22,0,0,0,0,1,2,2,2,1,1,1,1,1,1,0,6,46,26,0,0,0,0,0,0,0,0,0,0,0,0,0,0,0,0,0,11,48,20,0,0,0,26,46,6,0,0,0,0,0,0,0,0,0,0,0,1,0,0,0,0,0,1,0,0,0,0,0,1,1,1,1,0,16,50,18,0,1,1,1,1,1,1,1,1,0,0,0,0,0,0,0,0,1,0,0,0,2,0,0,0,0,0,0,0,0,1,0,0,0,1,0,0,0,0,0,0,0,0,0,0,0,1,0,0,0,0,0,0,0,94,187,32,0,12,48,20,0,0,0,0,0,0,0,0,0,0,0,0,0,0,0,0,0,0,0,0,2,0,0,0,2,1,2,12,28,40,83,116,105,112,124,128,127,124,113,84,75,86,96,59,20,8,1,0,0
0,0,0,0,0,1,3,6,8,8,8,8,6,3,2,1,1,1,1,1,1,1,1,1,0,0,0,0,0,0,0,0,0,0,0,0,0,0,0,0,0,0,0,1,1,0,13,44,22,2,4,3,0,0,0,0,2,6,10,14,16,16,13,8,4,1,0,0,0,0,5,36,20,0,0,0,0,0,0,0,0,0,0,0,0,0,0,0,0,0,9,38,16,0,0,0,20,36,5,0,0,0,0,0,0,0,0,0,0,0,0,0,0,89,174,29,0,0,0,0,0,0,2,0,0,0,0,12,39,14,0,1,1,1,1,1,1,1,1,0,0,0,0,0,0,0,0,0,0,0,0,0,0,0,0,0,0,0,0,0,0,46,197,83,0,0,0,0,0,0,0,0,0,0,0,0,0,116,185,18,0,0,0,0,0,0,0,0,9,38,15,0,0,0,0,0,0,0,0,0,0,0,0,0,0,0,0,0,0,0,0,0,0,0,0,0,0,0,7,20,33,70,100,97,105,121,135,129,124,115,83,79,91,95,63,29,16,3,0,0
0,0,0,1,5,0,0,5,10,8,8,6,0,3,87,72,0,0,1,0,1,1,0,0,0,0,0,0,70,88,2,0,0,0,0,0,0,0,0,0,0,0,0,0,0,1,3,6,8,10,10,9,6,3,2,3,6,12,19,25,28,28,26,21,16,11,7,6,4,5,6,5,4,3,1,0,0,0,0,0,0,0,0,0,0,2,0,0,0,1,0,0,0,0,0,0,0,0,0,0,29,102,37,0,0,0,0,0,0,0,0,0,0,63,123,21,0,0,0,0,0,0,0,82,142,18,0,1,1,1,1,1,1,1,1,0,1,1,1,0,0,0,0,0,0,0,0,0,0,0,0,0,0,0,0,0,86,66,3,93,61,0,0,0,3,0,0,0,0,0,0,0,0,0,0,0,2,0,0,0,2,0,0,0,0,11,87,123,77,0,0,2,0,0,0,0,0,0,0,0,0,0,0,0,0,0,0,0,0,0,0,0,0,0,0,0,0,0,4,12,14,36,66,81,103,100,81,112,120,120,181,147,83,75,62,37,10,1,0,0
1,2,4,7,0,95,211,54,0,8,5,4,4,3,2,1,1,1,1,1,0,0,0,0,0,0,0,0,0,0,0,0,1,2,0,0,0,0,1,1,0,0,0,0,0,0,0,1,5,8,9,9,7,4,3,3,7,12,20,28,33,35,34,31,28,23,20,21,21,22,24,24,23,20,17,11,6,3,0,0,0,0,0,0,0,0,101,208,38,0,0,0,0,1,2,0,0,0,0,0,0,0,0,0,0,0,0,0,0,0,0,0,0,0,0,0,0,0,0,0,0,0,0,0,0,0,1,1,1,1,1,1,1,1,1,1,1,1,1,0,0,0,0,0,0,0,0,0,0,0,0,0,0,0,0,0,0,0,0,0,0,0,0,0,0,0,0,0,0,0,0,0,0,0,0,0,0,0,0,0,0,0,0,0,1,1,0,0,51,212,86,0,0,0,0,0,2,1,0,0,0,0,0,0,0,0,0,0,0,0,0,0,0,0,0,0,0,0,0,6,18,37,57,74,92,107,116,112,167,211,132,97,93,80,45,114,212,64,0,0
5,10,15,13,6,0,0,9,12,9,9,8,6,6,6,5,3,5,0,0,0,0,0,1,0,83,147,20,0,0,0,0,43,95,20,0,0,0,71,79,0,0,0,0,0,0,0,0,1,3,7,8,7,5,3,4,9,15,23,30,35,38,38,30,22,130,135,20,20,29,32,33,35,25,7,16,22,14,9,4,2,1,0,1,0,0,0,0,0,1,0,0,0,37,96,26,0,0,0,0,0,0,0,0,0,0,0,0,0,0,0,0,0,0,0,0,0,0,0,0,0,0,0,0,0,0,0,0,1,4,0,0,0,3,0,1,1,1,0,0,0,0,0,0,0,0,0,0,0,0,0,0,0,0,0,0,0,0,0,0,0,0,0,0,0,0,0,0,19,127,68,0,0,0,0,0,0,0,0,0,3,0,0,0,49,94,16,0,0,0,0,2,0,0,0,15,93,48,0,0,0,0,0,0,93,142,12,0,55,155,45,0,0,0,0,0,0,0,0,4,14,32,49,57,50,70,116,125,126,106,38,61,105,85,72,49,24,15,6,0
28,13,6,20,27,28,25,24,23,23,21,19,17,15,11,9,5,0,125,170,2,138,154,0,0,0,0,0,2,0,0,0,16,46,49,22,0,0,0,0,0,0,0,0,0,0,0,0,0,1,3,3,3,3,5,7,12,18,24,30,32,33,32,27,21,0,0,12,14,17,22,24,9,73,197,89,2,17,13,8,4,1,0,0,0,165,139,0,0,0,0,0,0,0,0,0,0,6,42,22,0,0,0,0,0,0,0,0,0,0,0,0,0,0,0,0,0,11,43,17,0,0,0,0,0,0,0,0,0,15,121,190,39,0,1,1,0,0,0,0,0,0,0,0,0,0,0,0,0,0,0,0,0,31,36,0,0,0,0,0,0,0,0,0,0,0,0,0,25,168,91,0,0,0,1,0,0,0,0,0,0,66,196,60,0,0,0,0,0,0,0,0,0,0,0,0,0,0,1,0,0,0,4,42,13,0,0,36,28,0,0,2,0,0,0,0,0,0,0,2,10,15,70,191,166,110,114,120,126,121,106,102,100,89,75,59,43,26,8,0
44,45,43,36,39,42,41,39,36,33,31,28,23,18,14,9,5,2,0,0,0,0,0,0,0,0,0,0,0,0,0,0,16,46,49,22,0,0,144,160,0,0,0,0,0,0,0,0,0,0,0,1,2,3,6,10,16,21,26,30,31,29,24,16,9,3,0,0,1,2,3,6,5,4,7,10,10,7,5,3,1,0,0,0,0,0,0,0,0,0,0,0,0,0,0,0,0,6,42,22,0,0,0,0,0,0,0,0,0,0,0,2,167,136,0,0,0,11,43,17,0,0,0,0,0,0,0,0,0,37,30,0,0,1,1,1,0,0,0,0,0,0,0,0,0,0,0,0,0,0,0,0,0,31,36,0,0,0,0,0,0,0,0,0,0,0,0,0,0,0,0,56,196,71,0,0,0,0,0,0,1,0,0,0,1,0,0,0,0,0,0,0,0,0,0,31,189,98,0,0,0,0,4,40,26,0,0,32,35,0,0,0,0,0,0,0,0,0,0,2,8,22,41,54,95,120,111,118,125,121,97,99,105,92,79,64,47,16,0,0
50,49,48,48,47,46,44,42,38,33,29,22,16,12,8,4,2,1,1,0,0,74,76,0,0,0,0,0,0,0,0,0,0,0,0,0,1,1,0,0,0,1,0,0,0,0,0,0,0,0,0,0,0,2,7,12,18,24,27,30,30,26,21,13,5,0,34,96,27,0,0,0,0,0,0,2,0,0,0,1,0,0,0,1,0,0,0,1,0,0,0,0,0,0,0,0,0,0,0,65,83,2,0,0,0,0,1,0,0,0,1,0,0,0,2,0,0,0,0,0,0,0,0,0,0,0,0,0,0,0,1,1,1,1,1,1,0,0,0,0,0,0,0,0,0,0,0,0,0,0,0,0,0,0,0,0,0,0,0,0,0,0,0,0,0,0,0,0,0,0,2,0,0,0,3,0,0,0,0,0,0,0,0,0,0,0,0,0,0,0,0,0,0,0,2,0,0,0,3,0,0,0,0,0,0,0,0,0,34,97,28,0,0,0,0,0,0,0,0,1,4,18,39,54,75,91,99,113,121,120,118,112,103,93,81,59,56,155,104,0
0,20,41,38,37,34,32,29,24,18,13,8,3,1,1,1,0,1,1,1,1,2,2,1,1,1,0,0,0,0,0,0,0,0,0,0,0,0,0,0,0,0,0,0,0,0,0,0,0,0,0,1,2,4,7,12,19,23,27,30,30,28,25,18,10,3,0,2,0,0,0,0,0,0,0,0,89,211,49,0,0,0,0,0,0,179,151,0,0,0,0,0,0,0,0,0,0,0,0,1,1,0,0,93,211,45,0,0,0,0,0,0,0,0,0,0,0,0,0,0,0,0,0,0,0,0,0,0,0,0,0,0,0,0,1,0,0,0,0,0,0,0,0,0,0,0,0,0,0,0,0,0,0,0,0,0,0,0,0,0,0,0,0,0,0,0,0,0,0,0,0,0,0,0,0,0,0,0,0,0,0,0,0,0,0,0,0,0,0,0,0,0,0,0,0,0,0,0,0,0,0,0,0,0,0,0,0,0,1,2,0,0,0,0,0,0,0,0,0,0,7,0,6,46,60,124,214,150,108,120,118,113,105,98,86,71,57,42,22,10
30,29,27,25,23,20,14,8,4,2,1,0,0,0,0,61,162,167,72,0,3,4,3,1,1,0,0,0,0,0,0,0,0,0,0,0,0,0,0,0,0,0,0,0,0,0,0,0,0,0,0,0,2,5,7,11,15,19,23,27,29,31,31,27,20,0,53,150,42,0,0,0,0,0,0,2,0,0,0,2,0,0,0,1,0,0,0,1,0,0,0,0,0,0,0,0,0,0,0,0,0,0,2,0,0,0,2,0,0,0,0,0,0,50,99,17,0,0,0,0,0,0,0,0,0,0,0,0,0,0,0,9,95,63,0,0,0,3,0,0,0,0,0,0,0,0,0,0,0,0,0,0,0,0,0,0,0,0,0,0,0,0,0,0,0,0,0,0,0,0,0,0,0,0,0,0,0,0,0,0,0,0,0,0,0,0,2,0,0,0,0,0,1,1,0,0,0,0,0,0,0,0,0,0,0,0,0,0,0,0,0,0,0,0,0,0,0,0,0,0,0,64,115,53,57,81,91,102,151,185,129,142,154,105,87,75,60,46,27,15
28,27,23,20,14,7,1,0,23,36,4,0,0,0,2,0,0,0,0,4,1,1,0,0,0,0,0,0,0,0,0,0,0,0,0,0,0,0,0,0,0,0,0,0,0,0,0,0,0,0,0,0,22,39,10,4,9,13,18,21,23,32,15,4,24,24,4,0,0,2,0,0,0,0,0,0,16,38,9,0,0,0,0,0,0,0,0,0,0,0,0,0,0,0,0,0,0,0,0,0,0,0,0,0,0,0,0,0,0,0,0,0,0,0,0,0,0,0,0,0,0,0,0,0,0,0,0,0,0,31,28,0,0,0,43,197,87,0,0,0,0,0,0,0,0,0,0,0,0,0,1,1,0,0,0,0,0,0,0,0,0,0,0,0,0,0,0,20,36,5,0,0,0,0,0,0,0,0,0,0,0,0,0,0,0,0,0,127,172,2,142,154,0,27,25,0,0,0,0,0,0,0,0,0,0,0,0,0,13,38,11,0,0,0,0,0,0,0,0,0,0,10,25,39,58,80,95,108,113,113,120,120,112,103,91,78,64,49,31,20
32,28,21,15,0,86,190,39,11,46,5,0,0,0,0,0,1,1,1,0,0,0,0,0,0,0,0,0,0,0,0,0,0,0,0,0,0,0,0,0,0,0,2,0,0,0,2,0,0,0,0,0,27,47,8,1,7,9,0,97,194,58,11,29,28,23,16,8,2,0,0,0,0,0,0,0,20,48,11,0,0,0,0,0,0,0,0,0,0,0,0,0,0,0,0,0,0,0,0,0,0,0,0,0,0,0,0,0,0,0,0,0,0,0,0,0,0,0,0,0,0,0,0,0,0,0,0,0,0,40,35,0,0,1,0,0,0,1,0,0,0,0,0,0,0,0,0,0,0,0,0,0,0,0,0,0,0,0,0,0,0,0,0,0,0,0,0,26,46,7,0,0,0,0,85,190,42,0,0,0,0,0,0,0,0,0,1,0,0,0,0,0,0,38,34,0,0,0,0,0,0,0,0,0,0,0,0,0,17,49,14,0,0,0,0,0,0,0,0,0,1,8,23,39,56,75,90,102,112,116,116,113,107,100,91,78,65,51,35,24
26,12,38,97,41,0,0,0,2,1,1,1,1,0,0,0,1,0,0,0,0,0,0,0,0,0,0,0,0,0,0,0,0,0,0,0,0,0,0,0,0,0,0,20,152,87,0,0,0,0,0,0,0,1,3,3,4,4,10,0,0,13,27,26,26,24,14,2,1,1,0,0,0,0,0,0,0,0,0,0,0,0,0,0,0,0,0,0,0,0,0,0,0,0,0,0,0,0,0,0,0,0,0,0,0,0,0,0,0,0,0,0,0,0,0,1,0,0,0,1,0,0,0,0,0,0,0,0,0,0,0,8,83,53,0,0,0,0,0,0,0,12,86,48,0,0,0,0,0,0,0,0,0,0,0,0,0,0,0,0,0,0,0,0,0,0,0,0,0,0,0,45,161,61,0,0,0,2,0,0,0,0,0,0,0,0,0,0,0,0,0,63,160,41,0,0,0,62,77,1,0,0,0,0,54,83,7,0,0,0,0,0,0,0,0,0,0,0,0,5,81,65,14,34,53,73,88,100,109,112,112,108,102,97,89,79,67,56,40,30
15,11,8,10,5,2,3,3,2,1,1,0,0,1,180,150,0,0,0,0,0,0,0,0,0,0,0,0,0,0,0,0,0,0,0,0,0,0,0,0,0,0,0,0,0,0,0,0,0,0,0,1,1,1,1,2,3,3,5,10,15,21,26,29,28,26,20,13,6,2,1,0,0,0,0,0,0,0,0,0,0,0,0,0,0,0,0,0,0,0,0,0,1,0,0,0,0,0,0,0,0,0,0,0,0,0,0,0,0,0,0,0,0,0,0,0,137,190,10,0,0,0,0,0,0,0,0,0,0,0,0,0,5,3,0,0,0,0,0,0,0,1,5,3,0,0,0,0,0,0,0,0,0,0,0,0,0,0,0,0,0,0,0,0,0,0,0,0,0,0,0,0,0,0,0,0,0,0,0,0,0,0,0,0,0,0,0,0,0,0,0,0,0,0,0,0,0,4,5,0,0,0,0,0,3,5,0,0,0,0,0,0,0,0,0,0,0,0,0,0,4,8,15,29,46,67,84,97,108,113,113,109,103,97,89,79,70,61,46,36
8,6,4,4,3,3,3,3,2,1,0,0,1,0,0,0,1,0,0,0,0,0,0,0,0,0,0,0,0,0,0,0,0,9,99,65,0,0,0,0,0,0,0,0,0,0,0,0,113,112,0,0,0,25,141,70,0,1,2,7,15,22,28,32,32,30,25,19,12,5,1,1,0,0,0,0,0,0,0,0,0,0,0,0,0,0,0,0,0,0,0,0,0,41,108,29,0,0,0,0,2,0,0,0,0,0,0,0,0,0,0,0,0,0,0,3,0,0,0,2,0,0,0,0,0,0,0,1,0,0,0,1,1,0,0,0,0,0,0,0,0,0,0,0,0,0,0,0,0,0,0,0,0,0,0,0,0,0,0,0,0,0,0,0,0,0,0,0,0,0,0,0,0,2,0,0,0,2,0,0,0,0,0,0,0,0,2,2,1,1,0,0,0,0,0,0,0,0,43,145,34,49,142,29,0,0,0,0,0,0,0,0,0,0,2,0,0,0,2,0,0,2,9,20,36,57,75,85,139,181,131,111,112,105,98,88,77,68,53,42
8,8,6,4,3,3,3,1,1,1,0,0,0,0,0,0,0,0,0,0,0,0,0,0,0,0,0,0,0,0,0,0,0,0,0,0,7,32,15,0,0,0,0,0,0,0,1,1,0,0,1,1,0,2,14,7,0,1,2,4,8,14,22,28,31,31,29,26,22,15,9,5,1,0,0,26,25,0,0,0,0,0,0,0,0,0,0,0,0,0,0,0,0,0,0,0,0,30,195,103,0,0,0,0,0,0,0,0,0,0,0,0,0,0,0,0,130,180,9,0,0,0,0,0,0,0,0,0,0,166,147,0,0,0,0,0,0,12,33,9,0,0,0,0,0,0,0,0,0,0,0,0,0,0,0,0,0,0,0,0,0,0,0,0,0,0,0,0,0,0,0,9,33,0,83,200,44,0,0,0,0,0,0,0,0,2,7,9,6,1,0,0,0,0,0,0,0,2,0,0,0,0,0,0,2,0,0,0,0,0,0,0,0,0,0,53,202,74,0,33,7,0,6,15,29,44,56,82,99,108,134,133,119,114,107,96,84,73,57,46
8,8,7,5,4,3,3,1,0,0,0,0,1,0,0,0,2,3,3,2,1,0,0,0,0,0,0,0,0,0,0,0,0,0,0,0,11,53,4,59,189,56,0,0,0,0,0,0,0,0,0,0,0,10,53,27,0,0,0,0,2,6,13,21,27,31,33,34,32,27,20,13,6,0,0,43,41,0,0,0,0,0,0,0,0,0,0,0,0,0,0,0,0,0,0,0,1,0,0,0,1,0,0,0,0,0,0,0,0,0,0,0,0,0,0,1,0,0,0,0,0,0,0,0,0,0,2,0,0,0,0,0,0,0,0,0,0,19,54,16,0,0,0,0,0,0,0,0,0,0,0,0,0,0,0,0,0,0,0,0,0,0,0,0,0,0,0,0,0,0,0,15,54,20,0,0,0,1,0,0,0,0,0,0,2,4,2,1,1,0,0,0,0,0,0,0,0,0,0,0,0,0,0,0,0,0,0,0,0,0,0,0,0,0,1,0,0,0,23,54,13,0,5,12,25,35,41,71,96,112,138,135,119,117,111,102,89,66,52,51
8,0,26,84,33,0,3,1,0,0,0,0,0,1,140,120,0,0,5,7,4,2,1,0,0,0,0,0,0,0,0,0,0,0,0,0,0,0,3,0,0,0,0,10,80,46,0,0,0,0,0,0,47,80,10,0,1,0,0,0,0,1,5,13,21,28,33,35,34,29,22,15,7,1,0,0,0,0,0,0,0,0,0,0,0,0,40,82,15,0,0,0,0,0,0,0,0,0,0,0,0,0,0,0,0,0,0,0,0,0,0,0,0,0,0,0,0,0,0,0,0,4,75,54,0,0,0,50,166,56,0,0,0,0,0,0,0,0,0,0,0,0,0,0,0,0,0,0,0,0,0,0,0,0,0,0,71,55,2,65,41,0,0,0,0,0,0,1,0,0,0,1,0,1,0,0,0,1,0,0,0,0,0,1,2,3,4,3,0,0,0,0,0,0,0,0,0,0,0,0,0,0,0,0,0,0,0,0,0,0,0,0,0,1,0,0,0,1,0,0,0,0,4,9,20,36,52,68,87,103,116,89,77,114,114,97,97,177,138,47
4,3,7,14,8,3,3,2,0,0,0,0,0,1,2,4,6,7,6,5,3,2,0,0,0,0,0,0,0,0,0,0,0,0,0,0,0,1,1,1,0,0,0,1,9,5,0,0,0,0,0,0,5,10,4,3,2,1,1,1,1,0,3,9,15,22,26,27,28,25,18,11,5,2,1,0,0,1,1,1,1,0,0,0,0,0,4,9,2,0,0,0,0,0,0,0,0,0,0,0,0,0,0,1,0,0,0,1,0,0,0,0,0,1,0,0,0,0,0,0,0,0,8,6,0,0,1,1,1,1,1,0,0,0,0,0,0,0,0,1,1,0,0,0,0,0,0,0,0,0,0,0,0,0,0,0,8,0,21,206,126,0,0,0,0,0,0,0,31,204,109,0,0,0,91,210,46,0,0,0,0,0,0,0,0,1,0,0,0,0,0,0,0,1,0,0,0,1,0,0,0,0,0,0,0,0,0,0,0,0,0,0,0,0,138,187,8,0,0,0,0,0,2,9,19,34,49,65,85,102,110,112,113,116,114,108,99,88,71,61
3,4,4,4,4,3,1,0,0,0,0,0,0,0,2,4,0,0,0,4,0,0,53,138,36,0,0,0,0,2,0,0,0,0,0,0,1,1,1,1,1,1,0,0,0,0,0,0,2,0,0,0,2,1,2,3,4,5,5,5,5,5,6,5,4,112,122,16,15,17,13,9,5,0,0,111,106,0,0,1,1,0,1,1,1,1,0,0,0,0,0,0,0,0,0,0,0,0,0,0,0,0,0,0,9,105,69,0,0,71,133,113,30,0,0,0,0,0,0,0,0,0,0,0,0,1,1,0,1,1,1,1,0,0,0,1,1,1,1,1,1,1,1,1,0,0,90,89,0,0,65,129,5,88,117,0,0,1,0,0,0,2,0,0,0,0,0,2,0,0,0,0,0,3,0,0,0,2,1,1,1,0,1,99,69,0,0,2,0,0,0,0,0,0,62,108,14,0,0,0,114,102,0,0,0,0,0,0,0,0,0,0,0,2,0,0,0,1,0,0,0,0,2,8,18,31,45,67,57,47,98,118,121,130,121,108,101,90,75,65
3,4,4,4,3,2,1,0,0,0,0,0,0,0,0,0,22,192,114,0,0,2,0,0,0,0,32,198,103,0,0,0,0,0,1,1,1,0,0,1,1,1,1,0,0,0,0,0,0,82,204,50,0,0,1,1,1,4,7,9,10,11,12,12,15,3,3,17,18,17,16,13,10,7,4,0,0,2,1,1,1,3,4,3,1,1,1,0,0,0,0,0,0,11,28,7,0,0,0,0,0,0,0,0,0,0,16,26,2,0,9,28,8,0,0,0,0,0,0,0,0,0,0,0,0,1,1,1,1,1,1,1,0,0,0,0,1,1,1,1,1,1,1,1,0,0,23,9,11,185,119,0,0,0,0,0,1,0,0,0,0,0,0,0,0,0,0,0,0,0,138,178,5,0,0,0,0,17,27,4,0,0,0,1,119,197,34,0,0,0,0,0,0,0,0,0,0,0,1,0,0,0,1,0,0,0,0,0,0,0,0,0,0,0,0,0,0,0,0,0,0,0,2,6,14,26,39,56,77,94,105,127,95,7,70,126,106,97,76,59
3,4,4,4,3,3,2,3,0,0,0,2,0,0,0,1,0,0,0,1,0,0,0,0,0,1,0,0,0,1,1,0,1,3,4,0,20,180,86,0,1,1,1,1,0,0,0,0,1,0,0,0,1,0,0,1,1,1,4,8,12,14,17,19,19,19,19,20,20,19,17,16,13,9,7,4,2,1,0,0,1,3,3,3,3,3,2,1,1,0,0,0,0,23,60,16,0,0,0,0,0,0,0,0,0,0,35,55,5,0,20,60,18,0,0,0,0,0,0,3,0,0,0,3,1,1,1,1,1,1,1,1,0,0,0,0,1,1,1,1,1,1,1,1,0,0,48,47,0,0,0,1,0,0,0,0,0,0,0,0,0,0,0,0,0,0,0,0,0,1,0,0,0,0,0,1,0,40,57,0,0,1,0,52,38,0,0,1,0,0,0,0,0,0,0,0,0,0,0,0,0,0,0,0,0,0,0,0,0,0,0,0,0,0,0,0,0,0,0,0,0,1,4,6,14,25,36,60,37,17,90,122,123,128,123,115,108,101,74,50
3,3,4,5,5,5,2,0,98,158,16,0,0,0,0,0,0,0,0,0,0,0,0,0,0,0,0,0,1,1,1,3,4,4,0,100,143,0,0,5,1,1,1,1,0,0,0,0,0,0,0,0,0,0,0,55,67,2,0,6,12,19,24,27,30,30,29,27,25,23,20,17,13,10,8,5,2,1,1,1,1,2,3,3,3,1,0,10,75,37,0,0,1,0,0,0,0,0,0,0,0,0,0,0,0,0,0,0,0,0,0,0,0,0,0,0,0,0,0,0,68,170,42,0,0,1,1,1,1,1,0,0,0,0,0,0,1,1,1,1,1,1,1,1,1,1,1,1,1,0,0,0,0,0,0,0,0,0,0,0,0,0,0,0,0,0,0,0,0,0,0,0,0,0,0,2,6,0,42,170,71,9,79,24,0,0,0,0,0,0,61,57,1,67,51,0,0,0,0,0,0,0,0,0,0,0,0,0,0,0,0,0,0,0,0,0,0,1,0,0,0,5,8,12,6,9,29,49,77,99,106,119,111,77,129,149,108,100,87,76
1,2,4,4,4,4,3,1,0,0,0,0,0,0,0,0,0,0,0,0,0,0,0,0,0,0,1,1,2,4,7,8,8,7,0,128,194,21,0,2,1,1,1,1,1,1,1,1,0,0,0,0,0,0,0,9,11,1,2,8,15,21,29,36,39,42,43,40,27,22,23,18,13,10,7,5,3,3,1,1,1,1,0,1,3,3,2,2,0,140,189,12,0,0,0,0,0,0,0,0,0,0,0,0,0,0,0,0,0,0,0,0,0,0,0,0,0,0,0,0,0,0,0,0,0,0,0,0,0,0,0,0,0,0,0,0,1,1,1,1,1,1,1,1,1,1,1,1,0,0,0,0,0,0,0,0,0,0,0,0,0,0,0,0,0,0,0,0,0,0,0,0,0,0,2,6,10,13,12,8,2,4,13,4,0,0,0,0,0,0,10,10,0,11,9,0,0,0,0,0,0,0,0,0,0,0,0,0,0,0,0,0,0,0,0,0,0,0,85,210,58,0,19,21,8,86,212,111,54,89,102,114,117,113,121,120,108,101,88,78
1,1,1,3,3,3,3,2,0,0,0,0,0,0,0,0,0,0,0,0,0,0,0,0,0,0,1,3,6,9,9,9,9,9,10,0,0,0,0,6,3,0,67,129,22,0,1,1,0,0,0,0,0,0,0,0,1,2,6,12,18,27,19,18,41,52,28,9,118,107,20,20,14,10,7,5,4,3,1,1,1,1,0,44,134,44,0,2,3,0,0,0,1,0,0,0,0,0,0,0,0,0,0,0,0,0,0,0,0,0,0,0,0,0,0,0,0,0,0,0,0,0,0,0,0,0,0,0,1,1,1,1,1,0,0,0,0,0,0,1,1,1,0,1,2,1,1,1,0,0,0,0,0,0,0,0,0,0,0,0,0,0,0,0,0,0,0,0,0,0,0,0,0,0,1,4,6,7,5,1,0,0,0,0,0,0,0,0,0,0,0,0,0,0,0,0,0,0,0,0,0,0,0,0,0,0,0,0,0,0,0,0,0,0,0,0,0,1,0,0,12,26,30,33,37,34,31,51,72,85,98,110,117,119,119,116,111,104,90,80
1,1,1,1,3,2,1,1,1,0,0,0,0,0,0,0,0,0,0,0,0,0,0,0,1,2,4,7,8,8,7,9,9,9,8,0,49,204,96,0,4,5,0,0,20,14,0,1,0,0,0,0,0,0,0,0,1,2,8,15,14,0,14,37,37,23,104,209,92,26,35,27,18,11,7,4,3,3,1,1,1,1,3,0,0,0,3,1,1,0,0,0,0,0,0,0,0,0,0,0,0,0,0,0,0,0,0,0,0,0,0,0,0,0,0,0,0,0,0,0,0,0,0,0,0,0,0,7,24,9,0,1,0,14,21,2,0,0,0,0,1,1,1,2,3,1,1,1,1,0,0,0,0,0,0,0,0,0,0,0,0,0,0,0,0,0,0,0,0,0,0,0,0,0,0,1,1,1,1,0,0,0,0,0,0,0,0,0,0,0,0,0,0,0,0,0,0,0,0,0,0,0,0,0,0,0,0,0,0,0,0,0,0,0,0,0,0,0,2,9,19,29,36,38,40,43,47,54,68,83,96,107,114,117,118,116,110,104,91,80
0,1,1,1,3,3,1,1,1,1,0,0,0,0,1,1,0,0,0,0,2,0,0,4,5,6,7,8,0,61,182,72,0,12,11,12,9,2,7,1,0,0,1,11,63,36,0,1,1,0,0,0,0,0,0,0,56,182,50,72,180,48,7,28,29,149,159,41,46,39,21,28,21,10,5,3,2,1,1,3,0,0,0,3,0,0,0,0,0,0,0,0,0,69,180,48,0,0,0,107,136,3,0,0,0,0,0,0,0,0,0,0,0,0,0,0,0,0,0,0,0,0,0,0,0,0,0,21,66,23,0,1,0,40,61,6,0,65,181,52,0,1,1,1,2,2,0,0,2,2,1,0,0,0,0,0,0,0,18,168,103,0,0,0,0,0,2,0,0,0,2,0,0,0,0,0,0,0,0,0,0,0,0,0,0,0,0,0,0,0,0,0,0,0,0,0,0,0,0,0,0,0,0,0,0,0,0,0,0,0,0,0,23,171,97,0,0,0,2,8,16,25,31,34,36,39,44,53,67,81,93,106,114,115,125,122,106,100,88,77
0,0,1,1,1,2,3,1,1,1,0,0,1,1,1,3,6,8,9,10,9,10,8,6,10,0,13,76,49,0,0,4,15,14,14,14,13,11,0,66,176,55,0,3,3,3,3,1,1,1,1,0,0,1,2,0,0,0,4,7,0,20,31,36,43,34,38,56,40,115,183,112,41,3,5,1,0,1,1,0,33,171,82,0,0,0,0,0,0,0,17,72,33,0,0,0,2,0,0,103,131,3,0,0,0,0,0,0,0,53,60,0,0,0,0,0,0,0,0,0,0,0,0,0,0,0,0,22,73,26,0,1,1,1,1,1,4,0,0,0,3,1,1,1,0,0,139,134,0,0,1,0,0,0,0,0,0,2,0,0,0,3,1,0,0,1,0,92,167,24,0,0,0,58,55,0,0,0,0,0,1,0,0,0,0,0,0,0,0,0,0,0,0,0,0,0,0,0,0,0,0,0,0,0,0,0,0,0,0,0,0,2,0,0,0,2,0,0,1,3,8,12,16,19,22,28,38,50,66,81,93,104,112,116,43,38,111,101,83,75
0,0,0,1,1,1,1,1,2,0,0,0,0,0,0,7,8,9,11,12,12,12,12,11,0,117,202,55,7,13,14,3,3,13,12,10,9,9,3,0,2,3,3,3,3,3,4,4,3,3,3,1,1,0,0,146,179,7,0,6,20,25,33,40,45,50,54,53,50,41,35,40,25,6,3,1,1,1,1,1,1,0,0,0,0,0,0,0,0,0,4,17,7,0,0,0,0,0,0,0,0,0,0,0,0,0,0,0,0,13,14,0,0,0,0,0,0,0,0,0,0,0,0,0,0,0,0,5,18,6,0,1,1,1,1,1,1,1,1,1,1,0,1,1,1,1,0,0,1,1,1,1,0,0,0,0,0,0,0,0,0,0,0,159,167,0,0,0,0,0,1,0,0,15,0,13,169,249,174,18,0,0,0,0,0,0,0,0,0,0,0,0,0,0,0,0,0,0,0,0,0,0,0,0,0,0,0,0,0,0,0,0,0,0,0,0,0,0,0,1,1,3,2,0,7,23,34,48,65,81,93,103,108,112,123,71,2,67,92,73
0,0,1,1,0,0,2,2,0,25,124,46,28,127,41,0,8,9,10,11,11,11,4,16,119,81,0,10,16,10,12,109,98,2,5,8,7,5,4,3,3,3,3,4,4,6,7,7,7,7,6,6,5,4,5,0,0,5,9,8,8,22,32,38,44,47,49,47,44,37,29,23,13,5,3,1,1,1,1,1,0,0,0,0,0,0,0,0,0,0,0,0,0,0,0,0,0,0,0,0,0,0,0,0,0,0,0,0,0,0,0,0,0,0,0,0,0,0,0,0,0,0,0,0,0,0,88,108,1,0,0,1,1,1,1,1,1,1,0,1,1,0,0,0,1,0,0,0,0,0,3,0,0,0,0,1,0,0,0,0,0,1,2,0,0,2,3,1,1,2,1,3,5,5,3,0,0,0,0,0,1,0,0,0,0,0,0,0,0,0,0,0,0,0,0,0,0,0,1,0,0,0,1,0,0,0,0,0,0,0,0,0,0,0,0,0,0,0,0,0,0,0,22,123,67,5,34,51,69,84,96,105,110,112,111,112,112,97,80,70
0,1,0,0,168,158,0,0,1,1,1,1,1,1,2,5,8,9,10,11,11,11,12,12,2,5,16,17,6,2,14,14,11,9,8,8,8,8,6,13,25,11,3,5,7,1,6,25,15,6,8,8,8,7,5,4,3,5,21,23,14,20,27,33,38,42,43,43,38,43,43,22,11,6,3,1,0,2,18,11,0,0,0,0,0,0,0,0,0,0,0,0,0,0,0,0,0,0,0,0,0,0,0,0,0,0,0,0,0,0,0,0,0,0,0,0,0,0,0,0,0,0,0,0,0,1,0,0,0,1,0,0,0,0,1,1,1,1,1,1,1,0,0,0,0,0,142,246,198,43,0,0,0,0,0,0,0,0,0,0,0,0,0,158,167,0,0,2,4,9,4,3,11,8,2,0,0,0,0,0,0,0,0,0,0,0,0,0,0,0,0,0,0,0,0,0,0,0,0,0,171,154,0,0,0,0,0,0,0,0,0,9,18,3,0,0,0,0,0,0,0,0,1,2,10,23,38,66,82,86,98,106,110,111,119,117,103,95,80,68
0,0,1,1,0,0,2,1,1,1,1,0,1,2,5,9,9,2,7,14,13,13,14,13,10,12,16,17,18,17,15,14,13,12,13,0,0,7,3,33,77,29,0,5,4,0,22,73,33,0,7,7,6,4,3,3,0,3,63,56,3,14,22,26,31,38,26,8,22,68,86,30,9,8,4,3,0,5,48,145,158,17,0,0,0,3,0,0,0,2,0,0,134,139,0,0,0,0,0,0,0,0,0,0,0,0,0,0,1,1,0,0,0,0,0,0,0,0,0,0,0,0,0,0,0,0,0,0,0,0,0,0,0,0,0,0,0,0,0,0,0,0,0,0,0,0,0,0,0,0,1,0,0,0,0,0,0,0,0,0,0,0,0,0,0,3,5,8,11,13,15,14,10,3,0,0,0,0,34,173,81,0,0,0,0,0,0,112,157,9,0,0,0,0,0,0,0,0,0,0,0,0,1,0,0,0,0,0,0,0,0,36,69,13,0,0,0,1,0,0,0,0,2,4,14,27,44,102,113,87,98,98,128,194,173,125,100,80,132,197
0,0,0,0,0,0,1,2,0,0,0,3,5,8,9,12,16,19,19,17,17,15,14,14,14,14,14,15,16,16,16,14,13,9,0,149,226,27,0,6,4,2,2,2,1,2,4,6,8,10,9,0,0,5,3,1,1,2,3,4,5,0,8,19,23,27,33,37,33,30,28,24,17,11,8,0,0,2,4,0,0,0,2,0,0,0,85,175,32,0,1,1,0,7,67,18,0,0,0,0,0,1,1,1,1,1,1,1,1,1,1,1,1,0,0,0,0,0,0,0,0,0,0,0,0,0,0,0,0,0,0,0,0,0,0,0,0,0,0,0,0,0,0,0,0,0,0,0,0,0,0,0,0,0,0,0,0,0,0,0,0,0,1,1,3,6,10,14,15,14,5,26,69,25,0,0,1,0,0,0,0,3,0,0,0,0,2,0,0,0,1,0,0,0,0,0,0,0,0,0,0,0,0,0,0,0,0,0,0,0,0,0,0,0,117,159,7,0,0,0,0,37,64,13,13,35,50,65,78,97,133,127,102,97,103,105,97,90,68,48
0,0,0,0,1,1,0,0,120,193,22,0,5,8,11,14,18,20,20,19,18,17,9,0,8,12,12,12,14,8,0,5,10,8,8,11,12,5,2,1,1,1,1,1,1,3,6,9,14,0,9,172,128,0,3,0,0,1,2,1,1,3,6,11,16,21,25,28,34,18,0,0,12,13,8,168,158,0,0,2,1,1,1,1,0,0,0,0,0,0,0,0,0,8,22,7,0,1,1,1,1,1,1,1,1,1,1,1,1,1,1,1,1,1,0,0,0,0,0,0,0,0,0,0,0,1,0,0,0,1,0,0,0,0,0,0,0,0,0,0,0,0,0,0,0,0,0,0,0,0,0,0,0,0,0,0,0,0,0,0,0,0,1,2,5,8,9,9,9,7,1,7,22,8,0,0,0,121,192,19,0,0,0,0,0,0,0,0,0,0,0,0,0,0,0,0,0,0,0,0,0,0,0,0,0,0,0,0,0,0,0,0,0,0,0,0,0,0,0,0,0,12,23,12,20,38,53,67,81,94,111,112,105,106,106,102,96,86,71,61
0,0,0,0,0,0,1,3,0,0,1,5,5,8,10,13,16,18,12,5,5,11,13,9,8,7,6,6,0,43,133,34,0,3,0,79,121,12,0,1,1,0,0,0,0,80,111,12,0,2,18,105,75,0,0,93,112,1,0,0,1,0,2,6,10,1,0,7,12,87,134,48,20,25,20,0,0,10,8,5,3,2,2,1,0,0,0,0,0,0,0,0,0,0,5,107,80,0,0,1,1,1,1,1,1,1,1,1,1,1,1,2,1,1,1,0,0,0,0,0,0,0,0,0,0,0,92,112,1,0,0,0,0,0,0,0,0,1,0,0,0,0,0,0,2,0,0,0,0,0,0,0,0,0,0,0,2,0,0,0,2,0,1,0,0,2,2,2,1,0,0,0,0,0,0,0,2,0,0,0,1,0,0,0,0,0,0,0,0,0,0,0,0,0,0,0,0,0,0,0,0,0,0,0,0,0,0,0,0,0,0,0,0,0,0,0,0,0,1,0,0,0,6,12,24,41,57,71,86,96,101,106,106,105,154,151,91,80,69,61
0,0,0,0,0,0,1,1,1,1,3,3,5,8,10,12,14,16,16,16,14,12,10,8,7,6,4,3,2,0,0,172,156,0,0,0,0,0,0,0,0,0,0,0,2,0,0,0,3,3,3,3,2,1,1,0,0,0,0,0,0,1,0,1,4,0,84,211,78,2,20,28,30,27,26,23,19,16,14,10,8,8,6,4,3,2,1,1,1,1,1,1,1,2,1,0,0,2,1,1,1,1,1,1,1,1,2,3,3,3,3,3,3,2,1,1,0,0,0,0,0,0,0,0,0,0,0,0,0,0,0,0,0,0,0,0,0,0,4,159,233,214,229,94,0,0,0,0,0,0,0,0,0,0,0,0,0,99,206,39,0,0,0,0,0,0,0,0,0,0,0,0,0,0,0,0,0,0,0,0,0,5,14,4,0,0,0,0,0,0,11,11,0,0,0,0,0,0,0,0,0,0,0,0,0,0,0,0,0,0,0,0,0,0,0,0,0,0,0,12,189,134,0,17,32,48,63,78,91,99,104,108,108,107,100,94,90,85,40,0
0,0,0,0,0,0,0,0,1,1,1,2,4,6,7,10,13,14,15,14,13,11,9,8,6,6,0,0,0,4,0,0,0,1,0,0,0,0,0,0,0,0,0,0,1,1,1,1,1,1,1,1,1,1,1,3,0,0,0,3,0,1,1,1,3,7,5,2,13,23,19,4,14,28,26,25,24,22,20,17,15,13,10,8,7,7,5,3,3,3,3,3,3,3,2,1,1,1,1,1,1,2,2,3,3,4,2,1,2,2,2,2,2,2,1,0,0,0,0,133,133,0,0,0,0,0,0,0,0,0,78,168,34,0,0,0,0,3,0,0,0,0,0,0,2,1,0,0,1,1,0,0,0,3,0,0,0,0,0,0,1,1,1,0,0,1,1,0,0,0,0,0,0,0,0,0,0,0,0,0,0,26,77,24,0,0,0,0,0,0,60,60,0,0,0,0,0,0,0,0,3,0,0,0,2,0,0,0,0,0,0,0,0,0,0,1,1,1,2,0,0,0,14,26,41,58,73,94,110,113,107,106,107,106,102,88,88,176,138,42
0,0,0,0,0,0,0,0,1,1,1,2,3,4,6,3,14,65,43,4,9,8,7,4,3,0,29,178,93,0,0,0,0,0,0,0,0,0,0,0,0,0,1,2,2,3,4,4,4,3,1,1,1,0,0,23,108,185,59,0,0,1,1,1,2,3,4,7,9,0,36,177,107,3,22,23,20,17,20,20,17,14,13,11,8,8,7,5,4,4,4,5,4,3,3,4,4,4,4,4,3,3,3,2,1,1,1,1,1,1,1,0,0,0,0,0,0,1,1,0,0,1,1,0,0,0,0,0,0,3,0,0,0,0,39,182,80,0,0,0,0,0,0,0,0,0,146,140,0,0,0,0,0,0,59,184,60,0,0,0,0,0,0,140,146,0,0,0,0,0,0,0,0,0,0,0,0,0,0,0,0,0,0,0,0,0,0,0,0,0,0,0,0,0,0,0,0,0,0,0,0,82,181,37,0,0,0,0,0,0,0,0,0,0,1,1,1,0,26,61,18,5,23,35,51,72,82,34,0,22,91,115,105,102,98,93,84,58,45,46
0,0,0,0,0,0,1,1,1,1,1,1,2,3,4,4,10,32,24,4,1,3,4,1,1,1,1,0,0,1,1,1,1,1,1,1,1,0,0,1,3,0,3,7,0,5,12,8,8,6,4,3,2,0,0,20,23,0,0,1,1,1,1,1,1,1,2,3,4,6,7,6,10,15,16,18,18,18,18,18,16,15,5,1,8,8,8,7,7,7,5,0,5,9,8,8,8,8,7,6,4,3,1,1,1,1,1,0,0,0,1,0,0,0,1,0,0,0,0,0,0,0,0,0,0,0,0,0,0,0,0,0,0,0,0,0,0,0,0,0,0,0,0,0,0,0,0,0,0,0,0,0,0,0,0,0,0,0,0,0,0,0,0,0,0,0,1,0,0,0,0,0,0,0,0,0,0,0,0,0,0,0,0,0,0,0,1,0,0,0,1,0,0,0,0,0,0,0,0,0,0,0,0,0,0,0,0,0,0,0,0,0,0,0,0,1,3,0,14,31,14,13,28,41,57,72,84,94,100,103,104,105,104,102,106,62,3,48,61,42
0,0,0,0,0,0,1,1,0,1,1,1,1,1,2,4,5,8,5,4,8,5,2,1,0,0,0,0,0,0,1,1,2,4,5,6,8,10,11,13,17,20,21,22,24,23,19,16,11,7,5,4,3,3,2,2,2,1,1,1,1,1,1,1,1,1,1,1,1,1,2,3,1,3,11,14,16,18,18,17,16,14,13,11,9,8,8,8,8,8,9,9,9,8,8,8,7,7,6,5,4,3,2,1,1,1,1,0,0,0,0,3,216,176,0,0,0,0,0,90,90,0,0,0,0,0,80,98,1,0,0,0,0,0,0,0,0,0,0,0,0,0,0,0,0,0,0,0,0,1,0,0,0,0,0,0,0,46,124,129,55,0,0,1,3,3,5,4,3,2,0,0,0,0,0,0,2,0,0,0,1,0,0,0,0,0,0,88,123,7,0,0,0,0,0,0,0,0,1,0,0,0,1,0,0,0,0,0,0,0,0,0,0,0,0,2,3,3,3,6,9,18,31,43,59,76,84,50,62,105,105,105,104,102,96,91,85,68,49,40
0,0,0,0,0,0,0,0,0,0,0,1,1,1,1,1,3,6,8,8,7,5,3,1,0,0,0,0,0,0,0,0,3,9,13,18,22,23,25,31,36,32,30,30,28,24,19,14,9,10,13,3,0,3,3,2,1,1,1,1,1,1,0,3,11,5,0,0,0,0,0,1,2,4,8,10,14,16,17,24,26,18,15,14,14,13,12,12,11,18,19,10,7,6,4,3,3,3,3,2,1,1,0,5,11,3,0,0,0,0,0,0,0,0,1,0,0,0,0,0,0,0,0,0,0,1,0,0,0,0,0,0,0,0,0,0,0,0,0,0,0,0,0,7,9,0,0,1,1,1,1,1,0,0,0,0,1,0,0,0,0,1,1,0,4,15,20,22,22,19,13,6,1,0,0,0,0,123,197,19,0,0,0,0,0,0,0,0,0,0,7,12,10,2,0,0,0,0,0,0,173,156,0,0,0,2,10,4,0,0,0,0,0,1,1,1,1,2,3,4,11,20,32,46,61,77,88,99,104,105,111,109,104,102,95,85,74,62,46,36
0,0,0,0,0,0,0,0,0,0,0,1,1,1,1,2,3,3,4,3,2,2,2,1,0,0,0,0,0,0,0,0,4,11,17,23,27,31,23,54,101,50,19,24,21,17,12,9,0,35,83,22,0,2,1,1,1,0,1,1,1,1,0,20,84,21,0,0,0,2,0,0,0,1,3,6,11,15,10,65,88,9,5,22,20,19,18,15,7,62,81,12,0,2,1,0,0,0,0,0,1,1,0,37,83,19,0,1,0,0,0,0,0,0,0,0,0,1,1,0,0,0,0,0,0,0,0,0,0,0,0,0,0,0,0,0,0,0,0,0,0,0,0,55,73,3,0,0,1,1,1,1,1,0,0,0,0,0,0,0,0,1,5,9,16,25,31,40,35,7,21,26,0,0,0,0,1,0,0,0,1,0,0,0,0,0,0,0,0,0,55,98,80,18,0,0,0,0,1,0,0,0,1,0,0,17,82,37,0,0,0,0,0,1,2,3,2,1,0,1,9,22,36,49,64,79,90,99,101,109,145,136,81,24,59,88,67,58,32,9
0,0,0,0,0,0,0,0,0,0,0,0,0,1,1,2,3,3,1,0,1,0,0,1,0,1,2,2,2,3,5,10,10,9,18,25,19,2,11,20,17,14,12,9,7,4,0,0,44,43,0,0,1,1,0,0,0,0,0,0,1,1,1,0,0,120,219,184,46,0,0,0,1,1,2,5,8,11,15,4,51,184,133,42,24,21,21,20,18,14,9,5,2,0,1,0,0,0,0,0,0,1,1,1,1,0,0,1,1,0,0,0,1,1,1,1,1,1,1,0,0,1,0,0,0,0,0,0,0,0,0,0,0,0,0,0,0,0,0,0,0,0,0,0,0,0,0,0,1,0,32,52,7,0,0,0,0,0,0,0,1,6,11,18,27,34,40,48,56,63,58,50,47,34,14,0,0,0,0,0,0,0,0,0,0,0,0,0,0,0,0,0,0,0,0,0,0,0,0,0,0,0,0,0,33,51,4,0,0,0,0,0,0,1,3,3,3,3,3,5,12,23,37,52,66,80,90,95,100,102,102,100,100,103,90,73,63,32,106,203
0,0,0,0,0,0,0,0,0,0,0,0,0,1,1,1,1,1,1,1,1,1,1,1,2,4,8,12,15,19,20,0,87,202,57,0,14,11,9,7,4,2,1,1,1,1,0,0,25,25,0,0,0,0,0,0,0,0,0,0,1,1,1,1,1,0,0,0,0,1,1,1,1,1,1,2,4,6,9,13,11,1,171,200,21,13,23,21,19,15,10,7,4,2,1,0,0,0,0,2,0,0,0,3,1,1,1,1,0,0,0,1,1,1,1,1,2,3,3,1,1,1,1,1,1,0,0,0,0,0,0,0,0,0,0,0,0,0,0,0,0,0,0,0,0,1,0,1,3,0,20,32,6,0,0,0,0,0,1,2,7,13,19,30,19,2,35,57,60,58,162,187,69,47,37,18,3,0,0,0,0,0,0,0,0,0,0,0,0,0,0,0,0,0,0,0,0,0,0,0,0,0,0,0,19,29,2,0,0,0,0,1,3,6,8,7,5,3,3,5,12,23,38,52,66,78,86,94,98,98,99,98,94,88,80,69,58,45,29,19
0,0,0,0,0,0,0,0,0,0,0,0,0,0,0,1,1,1,1,1,1,1,1,3,6,11,16,18,20,20,18,20,6,0,3,8,5,2,2,1,1,1,1,1,0,0,0,0,0,0,0,0,0,0,0,0,0,0,1,1,1,1,1,1,1,1,1,1,1,1,1,1,1,1,1,1,1,2,0,66,107,20,0,0,15,18,19,20,19,17,14,11,0,46,109,15,0,2,1,0,42,144,52,0,1,1,1,1,1,0,0,1,1,1,0,0,71,99,8,0,3,3,2,0,18,106,54,0,0,0,0,0,0,0,0,0,0,0,0,0,0,0,1,1,2,5,5,6,7,8,10,8,3,2,2,1,0,0,3,8,16,23,28,35,37,37,49,61,69,76,72,71,80,74,57,37,16,3,0,0,0,0,0,0,0,0,0,0,0,0,0,0,0,0,0,0,0,0,0,0,0,0,0,0,0,0,0,0,0,0,1,1,3,8,9,8,8,6,5,9,15,26,40,53,67,83,96,97,97,98,98,96,92,86,77,65,53,42,28,18
0,0,0,0,0,0,0,0,0,0,0,0,0,0,0,0,0,0,0,0,1,1,2,4,7,11,14,14,14,12,8,6,3,1,1,1,1,1,0,0,1,1,1,1,1,1,1,0,0,0,0,0,0,0,1,1,1,1,1,1,1,1,1,1,1,6,6,1,1,1,1,1,1,1,1,1,1,1,7,2,0,0,2,3,5,7,11,14,16,18,12,0,8,0,10,187,141,0,0,0,1,1,1,1,1,1,1,1,1,1,1,1,1,1,1,1,0,0,3,3,3,3,1,1,0,0,0,1,0,0,0,0,0,0,0,0,0,0,0,0,0,1,2,5,8,9,11,13,14,16,17,16,15,11,7,5,4,5,9,15,23,31,37,26,109,214,101,48,72,77,82,85,82,76,62,44,25,6,0,0,0,0,0,0,0,0,0,0,0,0,0,0,0,0,3,6,1,0,0,0,0,0,0,0,0,0,0,0,0,0,0,7,14,10,9,9,8,7,9,15,23,34,48,60,83,56,0,65,107,97,97,94,88,82,73,61,50,39,24,14
0,0,0,0,0,0,0,0,0,0,0,0,0,0,0,78,156,16,73,124,8,0,4,5,7,7,6,6,5,4,2,1,1,1,0,0,0,0,1,1,1,1,1,1,1,0,0,0,0,65,161,39,0,1,1,1,2,1,0,0,2,1,0,0,0,67,73,0,0,1,1,0,1,1,1,1,0,7,81,56,0,0,0,0,1,1,3,5,8,11,13,16,16,17,14,1,0,7,6,5,3,2,2,2,1,1,1,1,1,1,1,1,3,0,0,0,0,0,2,4,3,3,1,1,1,1,1,0,0,0,0,0,0,0,0,0,0,0,0,0,0,1,2,5,10,13,16,18,20,26,1,0,16,20,13,11,9,12,14,3,18,41,46,54,54,51,63,71,73,77,79,78,74,68,55,38,23,7,0,0,0,0,0,0,0,0,0,0,0,0,0,0,0,0,48,84,11,0,0,0,0,0,0,0,0,0,0,0,0,0,0,47,91,22,2,10,10,11,15,23,31,45,60,70,80,91,100,98,96,96,95,91,85,78,75,64,46,34,20,11
0,0,0,0,0,0,0,0,0,0,0,0,0,0,2,0,0,0,105,166,62,14,0,4,0,29,49,7,0,1,1,1,1,1,0,0,0,0,1,0,0,0,2,1,1,0,0,0,2,0,0,0,3,1,1,0,8,49,175,134,0,0,0,0,0,0,0,0,0,0,0,1,1,1,1,1,1,1,0,0,0,0,0,0,0,1,0,6,48,32,4,13,16,18,19,19,17,14,7,7,7,4,3,2,1,1,1,1,1,1,2,3,0,120,232,26,104,172,13,0,5,5,4,3,1,1,1,1,0,0,0,0,0,30,45,4,0,0,0,0,0,1,2,5,10,14,18,22,24,8,123,185,40,6,16,15,16,19,24,34,41,48,56,63,69,72,74,72,70,73,72,68,63,53,41,28,14,3,0,0,0,0,0,0,0,0,0,0,0,0,0,0,0,0,0,0,0,0,0,0,0,0,0,0,0,0,0,0,0,1,44,39,5,10,12,13,15,18,25,32,32,48,69,77,85,91,93,94,95,96,91,88,79,61,18,9,44,73,46,2
0,0,0,0,0,0,0,0,0,0,0,0,0,0,0,0,0,1,0,9,40,19,0,3,0,21,36,6,0,1,1,1,1,1,1,1,1,1,0,69,200,60,0,1,0,0,0,0,0,0,0,0,0,1,1,0,12,38,10,0,1,0,0,0,0,0,0,0,0,0,0,1,1,1,1,1,1,0,0,0,0,0,0,0,0,0,0,4,35,22,1,8,13,16,18,19,18,15,11,9,8,7,5,3,3,1,0,1,2,3,5,6,4,23,38,12,2,5,10,12,13,13,13,12,10,8,6,5,3,2,2,2,0,23,34,3,0,0,0,0,0,0,0,4,9,12,16,21,24,26,24,20,21,21,21,22,24,29,36,42,52,62,68,74,79,80,67,146,198,90,62,47,5,26,39,23,11,2,0,0,0,0,0,0,0,0,0,0,0,0,0,0,0,0,0,0,0,0,0,0,0,0,0,0,0,0,0,0,0,1,33,32,9,13,15,16,17,21,29,36,39,53,70,77,83,87,89,99,56,15,73,91,74,57,54,48,36,38,21,1
0,0,0,0,0,44,103,23,0,0,0,0,0,0,0,0,0,0,66,94,8,0,2,1,2,2,1,1,1,1,1,1,1,1,1,1,1,1,4,0,0,0,3,0,0,0,0,0,0,0,0,0,0,1,1,1,1,1,1,1,1,0,0,0,0,0,0,0,0,1,1,1,1,1,1,1,1,0,0,0,0,0,0,0,0,0,0,0,0,1,3,4,6,9,12,12,12,11,10,9,7,6,5,4,3,3,3,3,3,5,7,9,11,13,14,15,16,16,18,19,21,21,21,21,20,18,16,13,12,11,10,8,6,5,3,1,0,0,0,0,0,0,1,2,6,10,13,16,18,19,19,20,21,23,27,31,36,44,49,47,59,74,79,82,84,85,83,69,58,66,63,57,54,42,30,22,15,6,0,0,0,0,0,0,0,0,0,0,0,0,0,0,0,0,0,16,100,52,0,0,0,0,0,0,0,0,0,0,0,1,3,8,12,13,16,18,20,24,31,40,49,60,68,74,81,86,88,95,66,37,75,83,69,60,49,37,27,18,6,0
0,1,1,1,1,0,0,0,0,0,0,0,0,0,0,0,0,0,0,0,1,1,1,1,3,2,1,1,1,1,1,0,0,1,1,1,1,1,1,1,1,1,1,0,0,0,0,0,0,0,0,0,0,0,0,1,1,0,0,0,0,0,0,0,0,1,1,1,1,1,1,1,1,1,1,1,1,1,0,0,0,0,0,0,0,0,0,0,0,1,1,1,2,3,3,4,4,4,4,4,4,4,3,3,3,3,3,3,3,4,6,8,8,10,12,14,14,15,17,17,17,18,18,17,17,16,15,14,14,14,14,14,13,10,7,4,2,0,0,0,0,0,1,2,3,4,6,8,8,7,9,13,19,24,31,38,45,43,76,202,156,66,83,85,83,80,76,71,66,61,56,49,42,36,27,20,14,5,0,0,2,2,0,0,0,0,0,0,0,0,0,0,0,0,0,0,0,0,0,0,0,0,0,0,0,0,0,0,0,1,5,9,12,13,15,17,21,26,35,44,54,64,72,77,83,88,91,93,92,88,83,76,65,55,44,32,20,9,1,0
1,1,1,1,0,0,0,0,0,0,0,0,0,0,0,0,0,0,0,0,0,1,1,1,3,0,26,151,79,0,1,1,0,0,0,0,1,1,1,1,1,0,0,0,0,0,0,0,0,0,0,0,0,0,1,1,0,0,0,0,0,0,0,0,1,1,1,1,1,1,1,0,1,1,1,0,66,155,37,0,0,0,0,0,0,0,0,0,0,0,0,0,1,1,0,1,2,2,2,1,1,1,1,1,1,1,1,1,0,1,2,1,2,3,5,5,5,6,7,7,7,6,5,5,5,5,2,2,5,8,10,10,11,10,8,7,3,0,0,0,0,0,0,0,0,0,0,0,0,1,3,7,13,22,32,40,34,47,67,63,73,84,83,81,77,72,69,63,57,53,46,38,32,27,7,0,0,3,0,0,69,79,0,0,0,0,0,0,0,0,0,0,7,139,101,0,0,0,0,0,0,0,0,0,93,143,12,0,0,2,6,9,11,12,13,16,20,32,24,14,52,74,79,84,97,71,25,72,101,89,83,74,63,52,40,26,15,5,0,0
1,1,1,1,0,0,0,0,0,0,0,0,0,0,0,0,0,0,0,0,1,1,1,1,3,5,0,0,0,3,1,0,19,44,9,0,0,0,1,1,0,0,0,0,0,0,0,0,0,0,0,0,1,1,1,1,0,1,38,33,0,0,1,1,1,1,1,1,1,1,0,0,0,1,1,3,0,0,0,2,0,0,0,0,0,0,0,0,0,0,0,0,1,1,1,1,1,1,1,1,1,0,0,0,0,0,0,0,0,33,37,0,0,1,1,1,1,1,2,2,0,0,0,1,0,0,0,1,1,1,0,0,2,4,3,2,1,0,0,0,0,0,0,0,0,0,0,0,0,0,0,4,10,18,22,39,171,164,58,69,78,80,80,77,72,68,62,53,56,79,55,24,19,0,86,192,42,0,0,0,0,0,0,0,0,0,0,1,0,0,0,2,0,0,11,44,6,0,0,0,0,0,0,2,0,0,0,2,2,5,8,11,13,14,15,18,23,29,44,60,64,75,85,90,92,99,108,98,89,84,79,69,57,46,34,21,9,0,0,0
1,1,1,0,0,0,0,0,0,0,0,0,0,0,0,0,0,0,0,0,1,1,1,1,3,3,3,3,2,1,1,0,19,42,9,0,0,1,0,0,1,0,0,0,0,0,0,0,0,0,0,0,0,1,1,1,0,1,36,31,0,2,0,0,0,2,1,1,1,0,27,188,104,0,0,0,0,0,0,0,0,0,0,0,0,165,140,0,0,0,0,0,1,1,1,1,1,0,0,0,0,0,0,0,0,0,0,0,0,31,36,0,0,0,0,1,1,1,1,0,79,196,49,0,0,0,0,0,0,0,89,193,39,0,0,0,0,0,0,0,0,0,0,0,0,0,0,0,0,0,0,2,7,15,26,35,42,53,65,71,76,78,77,74,69,66,61,51,50,72,34,0,6,3,0,0,0,0,0,0,0,0,0,0,0,0,0,0,48,196,79,0,0,0,23,40,5,0,0,0,0,0,0,0,0,0,1,2,4,8,12,15,16,15,16,19,24,33,38,66,185,162,78,92,105,69,8,63,96,80,73,65,54,39,27,3,9,172,131,0
1,0,0,0,0,0,0,0,0,0,0,0,0,0,0,0,0,0,0,0,0,1,1,1,4,0,0,0,0,29,98,35,0,0,0,1,1,1,1,1,1,1,1,0,0,0,0,0,0,0,0,0,1,0,0,69,83,2,0,2,0,0,87,143,12,0,1,1,0,2,0,0,0,2,0,0,0,0,0,0,0,0,0,1,0,0,0,0,0,0,2,0,0,0,0,0,52,93,13,0,0,0,0,0,0,0,0,0,0,0,0,0,0,0,0,1,1,1,1,3,0,0,0,0,16,95,48,0,0,3,0,0,0,2,0,0,0,0,0,0,0,0,0,0,0,0,0,0,0,0,0,1,2,7,17,29,40,52,63,71,77,79,78,74,69,65,57,48,38,28,18,9,0,0,0,0,0,0,0,0,0,0,0,0,0,0,0,2,0,0,0,3,0,0,0,0,0,0,0,0,0,0,0,0,0,0,0,4,8,12,16,20,17,6,13,25,28,36,49,60,58,73,92,96,89,91,103,92,81,74,62,81,81,33,15,7,0,0,0,2
0,0,0,0,0,0,0,0,0,0,1,1,1,0,0,0,0,0,0,0,0,0,0,1,0,115,203,28,0,1,1,0,0,0,0,0,0,1,1,1,1,1,1,1,0,0,0,0,0,0,0,0,0,0,1,2,2,1,1,0,20,198,125,0,0,1,1,0,0,0,0,0,0,0,0,0,0,0,0,0,0,0,0,0,0,0,0,22,200,121,0,0,0,0,0,0,1,1,0,0,0,0,0,0,0,0,0,0,0,0,0,0,0,0,0,0,0,0,0,1,1,1,0,0,0,1,0,0,0,0,0,0,0,0,0,0,0,0,0,0,0,0,0,0,0,0,0,0,0,0,0,0,0,3,12,24,36,50,61,69,75,77,75,72,66,57,48,37,27,17,5,0,0,0,0,0,0,0,0,0,0,0,0,0,0,0,0,0,0,0,0,0,0,0,0,0,0,0,0,0,0,0,0,0,0,0,2,7,14,20,23,11,51,204,129,13,37,44,55,67,75,84,88,84,179,194,89,78,77,67,59,47,34,22,10,2,0,0,0,0
0,0,0,0,0,0,0,0,0,0,0,109,126,0,0,0,0,0,0,0,0,0,0,0,2,0,0,0,2,1,1,1,1,1,1,1,1,1,1,2,1,0,0,2,0,0,0,0,0,0,0,0,0,0,0,0,0,0,0,2,0,0,0,25,101,44,0,1,1,1,1,1,1,1,1,0,0,2,1,0,14,77,37,0,0,0,73,146,12,0,2,0,0,0,0,0,0,0,0,69,87,2,0,0,0,0,0,0,0,0,0,0,0,50,98,17,0,1,1,0,0,1,1,0,0,0,0,0,0,0,0,0,0,0,0,0,0,0,0,0,0,0,0,0,0,0,0,0,0,0,0,0,0,179,212,7,0,28,57,63,68,70,67,33,23,43,19,98,149,22,0,0,0,81,76,0,0,0,0,0,2,0,0,0,51,96,0,0,2,0,0,0,0,0,0,0,0,0,0,0,0,0,0,0,1,2,5,86,100,28,29,36,35,29,34,44,48,56,65,74,81,88,92,93,84,80,83,78,69,60,49,30,41,86,36,0,0,0,0,0
0,0,0,0,0,0,0,0,0,0,1,0,0,0,1,0,0,0,0,0,0,0,0,0,0,1,1,1,1,1,1,1,0,0,0,1,1,1,1,0,4,170,137,0,0,0,0,0,0,0,0,0,0,0,0,0,0,0,0,0,0,0,0,0,0,0,0,1,0,0,1,1,1,0,0,158,151,0,0,0,36,194,93,0,0,2,0,0,0,2,0,0,0,0,0,0,0,0,0,0,0,0,0,0,0,0,0,0,0,0,0,0,0,0,0,0,1,0,0,155,154,0,0,0,0,0,0,0,0,0,0,0,0,0,0,0,0,0,0,0,0,0,0,0,0,0,0,0,0,0,0,3,9,0,0,26,36,41,45,50,53,51,46,43,33,18,6,12,18,3,0,0,0,0,0,0,0,116,184,18,0,0,0,0,0,22,187,110,0,0,0,0,0,0,0,0,0,0,0,0,1,0,0,2,7,13,21,29,35,39,40,45,39,5,25,57,59,66,75,82,87,90,91,90,87,82,77,72,63,52,43,14,63,199,79,0,0,0,0,0
0,0,0,0,155,146,0,0,0,0,0,0,0,0,0,0,0,0,0,0,0,0,0,0,0,0,1,1,1,1,1,0,86,191,40,0,0,0,0,0,0,0,0,24,183,105,0,0,1,1,1,1,1,0,0,0,0,0,0,0,0,0,0,0,0,0,0,0,0,0,0,1,1,1,1,0,0,0,0,1,0,0,0,1,0,0,0,0,0,0,0,0,0,0,0,0,0,0,0,0,0,0,0,0,0,0,0,0,0,1,1,1,1,1,1,3,0,0,0,0,0,0,0,0,0,0,0,0,0,0,0,0,0,0,0,0,0,0,0,0,0,0,0,0,0,0,0,0,0,0,0,2,5,11,18,22,26,31,35,35,34,29,21,11,3,0,0,25,45,6,0,0,0,0,0,0,1,0,0,0,0,0,0,0,0,0,0,0,1,0,0,0,0,0,0,0,0,0,0,1,0,76,171,46,3,26,32,36,40,43,43,42,43,48,53,59,65,73,80,84,88,88,86,86,82,77,72,67,58,48,39,29,10,0,144,155,0,0,0,0
0,1,2,2,0,0,1,1,0,0,0,0,0,0,0,0,0,0,0,0,0,0,0,0,0,1,1,1,1,1,1,3,0,0,0,2,0,0,0,32,92,27,0,0,0,0,2,0,0,1,1,1,0,0,0,0,0,0,0,0,0,0,0,0,0,0,33,92,27,0,1,1,1,1,1,0,0,0,1,0,0,0,1,1,0,0,0,1,0,0,0,0,2,0,0,0,1,0,0,0,0,0,0,0,0,0,0,0,1,1,1,2,1,1,0,0,102,142,7,0,0,0,1,0,0,0,1,0,0,0,0,0,0,0,0,0,0,0,0,0,0,0,0,0,24,91,36,0,0,0,1,0,0,3,8,13,17,20,19,16,10,3,0,0,0,0,0,0,0,0,0,0,0,0,0,0,0,0,0,0,0,0,0,0,0,0,0,0,0,0,0,0,0,0,0,0,0,63,79,5,0,68,142,49,20,32,22,34,45,43,43,45,50,56,63,71,77,82,86,87,85,88,88,82,79,71,58,58,53,42,34,22,12,4,0,0,1,1,0,0
0,0,0,1,1,1,0,0,0,0,0,0,0,0,0,0,0,0,0,0,0,0,0,0,0,0,0,0,0,0,0,0,0,0,0,0,0,0,0,2,5,1,0,0,0,0,0,0,0,0,0,0,0,0,0,0,0,0,0,0,0,0,0,0,0,0,2,5,2,1,1,1,1,1,0,0,0,0,0,122,199,21,0,0,0,179,151,0,0,0,0,0,0,81,213,56,0,0,0,0,0,0,0,0,0,0,0,0,1,1,2,3,3,2,1,1,0,0,0,0,0,0,0,117,201,25,0,0,0,0,0,0,0,0,0,0,0,0,0,0,0,0,0,0,0,4,0,88,211,50,0,0,0,0,2,4,7,7,5,2,0,0,0,0,0,0,0,0,0,0,0,0,0,0,0,0,0,0,0,0,0,0,0,0,0,0,0,0,0,0,0,0,0,0,0,0,0,4,8,8,11,17,24,29,35,39,38,40,42,43,49,55,61,68,77,84,88,89,89,88,94,38,5,72,68,118,214,105,29,34,25,13,4,0,0,0,0,0,0,0
0,0,2,0,0,0,0,0,0,0,0,0,0,0,0,1,1,1,1,1,2,0,0,1,1,1,1,2,0,0,0,1,0,0,0,0,1,1,1,1,1,1,0,0,0,0,0,0,0,0,0,0,0,0,0,0,1,0,0,0,1,1,0,0,0,0,0,0,0,1,0,0,0,0,0,0,0,0,2,0,0,0,1,1,0,0,0,1,0,0,0,0,2,0,0,0,2,0,0,0,0,0,0,0,0,0,0,0,0,3,0,0,0,4,1,1,1,0,0,0,0,0,2,0,0,0,1,0,0,0,0,0,0,0,0,0,0,0,0,0,0,0,0,70,94,4,0,0,0,0,2,0,0,0,0,0,1,1,0,0,0,0,0,2,0,0,0,2,0,0,0,0,0,0,0,0,0,0,0,0,0,0,0,0,0,0,0,0,0,0,0,0,0,0,0,1,2,4,7,8,12,17,21,26,30,34,38,18,22,50,34,46,75,80,84,88,90,90,88,86,85,88,89,82,50,33,46,47,39,27,17,6,0,0,0,0,0,0,47,116
218,88,0,0,0,0,0,0,0,0,0,0,0,0,1,1,1,0,0,0,0,155,159,0,0,1,0,0,138,174,5,0,1,1,1,1,1,1,0,0,1,1,0,0,0,0,0,0,0,0,0,0,0,0,0,0,0,0,167,146,0,0,0,0,0,0,0,0,0,0,0,0,0,0,0,0,0,0,0,0,0,0,0,0,0,0,0,0,0,0,0,0,0,0,0,0,0,0,0,0,10,34,12,0,0,0,0,0,0,0,69,202,58,0,34,6,0,0,0,0,0,0,0,0,0,0,0,0,0,0,0,0,0,0,0,0,0,0,0,0,0,0,0,0,0,0,0,0,0,0,0,0,0,0,0,0,0,0,0,0,0,8,34,0,72,201,55,0,0,0,0,10,34,12,0,0,0,0,0,0,0,0,0,0,0,0,0,0,0,0,0,0,0,0,0,2,5,7,7,8,9,12,17,21,26,32,38,47,55,61,67,74,79,81,83,84,84,84,83,81,80,79,76,71,66,58,50,42,29,17,9,2,0,0,0,0,0,0,0,0
0,0,0,0,0,2,0,2,0,0,0,2,0,0,1,1,1,1,1,2,2,0,0,2,2,1,1,1,0,0,1,1,1,1,1,1,0,0,139,155,0,0,0,0,0,0,0,0,0,0,0,0,0,0,0,0,0,0,0,0,0,0,0,0,0,0,0,0,0,0,0,0,0,0,0,0,0,0,0,0,0,0,0,0,0,0,0,0,0,0,0,0,2,0,0,0,2,0,0,0,15,53,19,0,0,0,111,175,16,0,0,0,0,27,51,9,0,0,0,0,0,0,0,0,0,0,0,0,0,0,0,0,0,0,0,0,0,0,0,0,0,0,0,0,0,0,0,0,0,0,0,0,0,0,0,0,0,0,0,0,0,12,53,23,0,0,0,0,0,0,0,15,53,19,0,0,0,110,176,17,0,1,0,0,0,2,0,0,0,0,0,0,0,0,1,4,5,7,8,8,8,11,16,21,31,27,2,35,67,69,74,78,80,80,80,80,80,80,80,78,76,74,69,64,59,50,41,13,105,187,37,0,0,0,0,0,0,0,0,0
0,0,45,165,61,0,0,0,95,151,10,50,71,0,0,0,1,0,1,0,0,127,130,0,0,1,1,1,1,1,1,1,1,1,1,0,1,1,0,0,0,1,0,0,0,0,0,0,0,0,0,0,0,0,1,0,0,0,1,0,0,0,0,0,0,1,1,1,0,0,0,0,0,0,0,0,36,85,20,0,0,0,0,0,0,0,0,0,0,0,0,0,0,62,164,44,0,13,82,44,0,0,0,0,0,2,0,0,0,2,0,0,0,0,0,0,0,0,0,0,0,0,0,0,0,0,0,0,0,0,0,0,0,0,0,0,0,0,0,0,0,0,0,0,0,0,0,0,0,0,0,0,0,0,0,0,0,0,0,0,0,0,0,0,0,0,0,87,157,22,0,0,0,1,0,0,0,0,0,0,2,0,1,140,115,0,0,54,77,4,0,0,0,1,2,3,3,4,5,7,8,12,19,26,33,44,58,65,71,76,78,80,80,81,75,73,80,81,80,78,75,71,66,61,53,44,36,29,5,0,0,1,0,0,0,0,0,0,0,0
0,0,1,0,0,0,0,0,0,0,0,6,7,0,0,0,0,1,1,1,1,1,1,1,1,1,0,0,0,0,0,0,0,0,0,0,0,0,0,0,0,0,0,0,0,0,0,0,0,0,0,0,0,0,0,148,180,2,0,0,0,0,0,1,1,1,1,1,0,0,0,0,0,0,0,0,4,8,3,0,0,0,1,0,0,0,0,0,0,0,0,0,1,1,1,1,0,2,8,4,0,0,1,0,0,0,1,0,0,0,0,0,0,0,0,0,0,0,0,0,0,0,0,0,0,0,0,0,0,0,0,0,0,0,0,0,0,0,0,0,0,0,0,0,0,0,0,0,0,0,0,0,0,0,0,0,0,0,0,0,0,0,0,0,0,0,0,0,0,0,0,0,0,0,91,210,46,0,0,0,0,0,0,0,0,0,0,6,7,0,0,0,0,1,1,1,3,4,5,7,10,15,22,29,39,50,58,67,74,78,80,80,78,69,167,198,85,71,77,75,72,67,61,55,46,36,28,17,7,0,0,0,0,0,0,0,0,0,0,0
123,50,0,0,0,0,0,0,0,0,0,2,0,0,0,2,0,0,89,126,9,0,2,0,0,0,2,0,0,0,0,0,0,0,0,0,0,0,0,0,0,0,0,0,0,0,0,0,0,0,0,0,0,0,1,0,0,0,3,0,0,0,3,1,1,1,1,0,0,0,0,0,0,0,0,0,0,0,0,65,106,11,0,0,0,0,0,0,0,0,0,1,1,0,5,123,93,0,0,0,0,0,0,49,112,24,0,1,1,0,0,0,1,0,0,0,0,0,0,0,0,0,0,0,0,0,0,0,0,0,63,137,28,0,0,0,0,0,0,0,0,0,0,0,0,0,0,58,139,33,0,0,0,0,0,0,0,0,0,0,0,0,0,0,0,0,0,0,0,0,0,0,0,2,0,0,0,2,0,0,0,0,0,0,55,110,19,0,0,0,0,0,0,1,3,0,0,0,5,8,12,19,26,34,44,54,61,68,74,77,78,71,89,164,119,59,76,62,60,67,51,37,35,40,34,24,15,6,0,13,130,81,0,0,106,112,0,0,0,0
0,0,0,0,0,0,0,0,0,0,0,0,67,205,64,0,0,1,0,0,0,2,0,8,180,133,0,0,0,0,0,0,0,0,0,0,0,0,0,0,0,0,0,0,0,0,0,0,0,0,0,0,0,0,0,0,0,0,0,94,200,40,0,0,0,0,0,0,0,0,0,0,0,0,0,0,0,0,0,0,0,0,0,0,0,0,0,0,0,0,0,0,1,2,0,0,0,2,0,0,0,0,0,0,0,0,0,0,0,149,168,0,0,0,0,0,0,0,0,0,0,0,0,0,0,0,0,0,0,2,0,0,0,0,6,28,13,0,0,0,0,0,0,0,0,0,2,0,0,0,2,0,0,0,0,0,0,0,0,0,0,0,0,0,0,0,0,0,0,0,0,8,29,10,0,0,0,0,0,0,0,0,0,0,0,0,0,0,0,0,0,0,0,1,0,33,197,103,0,8,10,32,53,40,43,56,64,69,73,75,75,88,92,58,61,69,65,178,162,59,170,236,178,45,7,9,3,24,22,0,0,0,2,1,0,0,0,1,0,0
0,0,0,0,0,0,0,0,0,0,0,1,0,0,0,1,0,1,1,1,1,1,2,1,0,0,0,0,127,160,3,0,0,0,0,0,0,0,0,0,0,0,0,0,0,0,0,0,0,0,0,0,0,31,180,90,0,0,1,0,0,0,114,169,13,0,0,0,0,0,0,0,0,0,0,0,0,0,0,0,0,0,0,0,0,0,0,0,0,0,0,0,0,0,0,2,0,0,0,2,0,0,0,0,0,0,0,0,0,0,0,0,0,0,0,0,0,0,0,0,0,0,0,0,0,0,0,0,0,0,0,0,0,0,13,58,26,0,0,0,0,0,0,0,0,0,0,0,0,0,0,0,0,0,0,0,0,0,0,0,0,0,0,0,0,0,0,0,0,0,0,16,59,21,0,0,0,0,0,0,0,0,0,0,0,0,0,0,0,0,0,0,0,0,1,0,0,0,5,8,7,43,79,48,44,58,66,72,76,78,74,98,109,61,59,72,67,58,53,50,38,28,15,0,0,2,0,49,42,0,0,0,0,0,0,0,0,0,0,0
0,0,0,0,0,0,0,0,0,0,0,0,0,0,1,0,0,0,1,1,1,1,1,1,1,0,0,2,0,0,0,1,0,0,0,0,0,0,0,0,0,0,0,0,0,0,0,0,0,0,0,0,2,0,0,0,3,0,0,0,0,2,0,0,0,2,0,0,0,0,0,0,0,0,0,0,0,0,0,0,0,0,0,0,0,1,0,0,0,1,0,0,0,0,0,0,90,161,22,0,0,0,66,54,0,0,1,0,0,0,0,0,0,0,0,0,0,0,0,0,0,0,0,0,0,0,0,0,0,0,0,0,0,0,0,0,0,0,0,0,0,0,0,0,0,0,0,0,1,0,0,0,0,1,0,0,0,1,0,0,0,0,0,0,1,0,0,0,1,0,0,0,0,0,34,79,17,0,0,0,0,0,0,0,0,0,1,0,0,0,62,62,0,0,0,0,1,2,5,8,13,21,30,39,50,59,66,71,76,78,78,76,74,73,71,68,63,43,35,40,32,9,43,166,80,0,0,0,0,0,0,0,0,0,0,0,0,0,0,0
0,0,0,0,0,0,0,0,0,0,0,0,0,0,0,102,206,37,0,0,0,0,0,0,0,0,0,0,0,0,0,0,0,0,0,0,0,0,0,0,0,0,0,0,0,0,0,0,0,0,0,0,0,0,0,0,0,0,0,0,0,0,0,0,0,0,0,0,0,0,0,0,0,0,0,0,0,0,0,0,0,0,0,0,0,0,100,206,38,0,0,0,0,0,0,0,0,0,0,0,0,0,0,101,208,45,0,0,0,0,0,0,0,0,0,0,0,0,0,0,0,0,0,0,0,0,0,0,0,0,0,0,0,0,0,0,0,0,0,0,0,0,0,0,0,0,167,161,0,0,0,0,0,0,67,212,69,0,0,0,0,0,0,0,0,7,185,140,0,0,0,0,0,0,6,12,0,0,1,0,0,0,0,0,0,0,0,134,188,10,0,10,0,0,0,0,1,0,0,8,14,21,29,37,47,57,64,69,73,74,74,74,73,70,66,60,54,43,34,28,20,12,6,1,0,0,0,0,0,0,0,0,0,0,0,0,0,0,0,0
0,0,0,0,2,0,0,0,2,0,0,0,0,0,2,0,0,0,2,0,0,0,0,0,0,0,0,0,0,0,0,0,0,0,0,0,0,0,0,0,0,0,0,0,0,0,0,0,0,0,0,0,74,126,15,0,0,0,0,0,0,0,0,0,0,0,0,0,0,0,0,0,0,0,0,0,0,0,0,0,0,0,0,0,0,2,0,0,0,2,0,0,0,0,0,0,0,0,0,0,0,0,2,0,0,0,0,2,0,0,0,0,0,0,0,0,0,0,0,0,0,0,0,0,0,0,0,0,0,0,0,0,0,0,29,133,59,0,0,0,0,1,0,0,0,0,0,0,1,1,0,0,0,0,37,116,37,0,0,0,0,0,0,0,1,0,0,0,2,0,0,0,0,0,0,8,109,73,0,0,0,0,0,0,0,0,2,0,0,0,1,0,0,0,0,0,0,81,105,13,10,24,27,13,29,54,58,66,72,73,74,73,70,66,58,49,41,33,19,5,6,3,0,0,0,0,0,112,97,0,0,0,0,0,0,0,0,0,0,0
0,0,0,0,0,88,205,46,0,0,0,0,0,0,0,0,0,0,0,0,0,0,0,0,0,0,0,0,0,0,0,0,0,0,0,0,0,0,0,0,0,0,0,0,0,0,0,0,0,0,0,2,0,0,0,1,0,0,0,0,0,0,15,22,2,0,9,24,7,0,0,0,0,0,0,0,0,0,0,0,0,0,0,0,0,0,0,0,0,0,0,0,0,0,0,0,0,0,0,0,0,0,0,0,15,189,125,0,0,0,0,0,0,0,0,0,0,0,0,0,0,0,0,0,0,0,0,0,0,0,0,0,0,1,0,0,0,0,4,176,152,9,6,7,7,2,0,0,0,0,0,0,0,2,0,0,15,19,0,0,0,0,0,0,0,0,0,0,0,0,0,0,0,0,0,0,0,0,0,0,0,0,0,0,0,0,0,0,0,0,0,0,0,0,0,0,0,4,13,22,29,34,38,45,50,54,58,66,72,74,77,76,69,62,53,42,32,24,14,6,2,0,0,0,0,1,0,0,0,1,0,0,0,0,0,0,0,0,0,0
0,0,0,0,1,0,0,0,1,0,0,0,0,0,0,0,0,0,114,163,10,0,0,0,0,2,0,0,0,0,0,0,0,0,0,0,0,0,0,0,0,0,0,0,0,0,46,181,71,0,0,0,0,0,2,0,0,0,1,0,0,0,39,59,5,0,23,64,18,0,0,0,0,0,0,0,0,0,0,0,0,0,0,0,0,152,129,0,0,0,0,0,0,0,0,0,0,0,0,0,0,0,0,1,0,0,0,1,0,0,0,0,0,0,0,0,0,0,0,0,0,0,2,0,0,0,2,0,0,3,0,0,0,2,0,0,0,0,0,0,32,75,30,17,16,5,1,0,0,0,102,170,19,0,0,0,54,46,0,0,0,0,0,0,0,0,0,0,0,0,0,0,0,0,0,0,0,0,0,0,0,0,0,0,0,0,0,0,0,0,0,0,0,0,0,0,0,9,22,32,40,47,51,54,45,86,189,112,101,194,111,61,67,61,51,39,31,22,11,3,0,0,0,0,0,0,0,0,0,0,0,0,0,0,0,0,0,0,0,0
0,0,0,0,0,0,0,0,0,0,0,0,0,0,0,0,0,2,0,0,0,0,67,174,45,0,0,0,50,63,1,0,0,0,0,0,0,0,0,0,0,0,0,0,0,2,0,0,0,3,0,0,0,0,0,122,148,1,0,0,0,0,0,0,0,0,0,0,0,0,0,0,0,0,0,0,0,0,0,0,0,0,0,1,0,0,0,2,0,0,0,0,0,0,0,0,0,0,0,0,0,0,0,0,0,0,0,0,0,0,0,0,0,0,0,0,0,18,73,29,0,0,0,89,177,92,23,0,0,0,79,171,34,0,0,0,0,0,0,1,5,8,10,7,0,0,58,56,0,0,0,0,0,3,0,0,0,1,0,0,46,67,5,0,0,0,0,0,0,0,0,0,0,0,0,0,0,0,0,0,0,0,0,0,0,0,0,0,0,0,0,0,0,0,0,0,0,11,26,34,42,52,54,40,52,61,42,59,67,54,64,67,60,56,48,36,22,18,13,5,1,0,0,0,0,0,0,0,1,0,0,0,1,0,0,0,0,0,0,0
0,0,0,0,0,0,0,0,0,0,0,0,0,0,0,0,0,0,0,0,0,0,0,0,0,0,0,0,11,14,0,0,0,0,0,0,0,0,0,0,0,0,0,0,0,0,0,0,0,0,0,0,0,0,0,0,0,0,0,0,0,0,0,0,0,0,0,0,0,0,0,0,0,0,0,0,0,0,0,0,0,0,0,0,0,0,0,0,0,0,0,0,0,0,0,0,0,0,0,0,0,0,0,0,0,0,0,0,0,0,0,0,0,0,0,0,0,4,17,7,0,0,0,0,2,16,8,0,0,0,0,0,0,0,0,0,0,0,0,0,0,0,0,0,0,0,13,13,0,0,0,0,0,0,67,210,68,0,0,0,10,15,1,0,0,0,0,0,0,0,0,0,0,0,0,0,0,0,0,0,0,0,0,0,0,0,0,0,0,0,0,0,0,0,0,0,2,12,26,35,43,51,55,55,38,84,209,128,44,61,60,57,53,48,24,83,211,92,0,7,1,0,0,0,0,0,0,0,0,20,195,121,0,0,0,0,0,0,0,0
0,0,0,0,0,0,0,0,0,0,0,0,1,0,0,0,1,0,0,0,0,99,101,0,0,0,0,0,0,0,0,0,0,0,0,0,0,0,0,0,0,0,0,0,0,0,0,0,0,0,0,0,0,0,0,0,0,0,0,0,0,0,0,0,0,0,0,0,0,0,0,0,0,0,0,0,0,0,0,0,0,0,0,0,0,0,0,0,0,0,0,0,0,0,5,113,84,0,0,0,0,0,0,0,0,0,0,0,0,0,0,0,0,0,0,0,0,0,0,0,0,0,0,0,0,0,0,0,0,106,94,0,0,0,0,0,96,104,0,0,0,0,0,0,0,0,0,0,0,0,0,0,0,2,0,0,0,2,0,0,0,0,0,0,0,0,0,0,0,0,0,0,0,0,0,9,117,78,0,0,0,0,0,0,0,0,0,0,0,0,0,0,0,0,0,4,15,26,38,46,51,55,57,51,115,138,50,44,56,52,50,46,43,41,37,24,6,12,14,7,2,0,0,0,0,0,0,0,1,0,0,0,2,0,0,0,0,0,0,0
0,0,0,0,0,0,0,0,0,0,0,0,0,1,176,147,0,0,0,0,1,0,0,0,0,0,0,0,0,0,0,0,0,0,0,0,0,0,0,0,0,0,0,0,0,0,0,0,0,0,0,0,0,0,0,0,0,0,0,0,0,0,0,0,0,0,0,0,0,0,0,0,0,0,0,0,0,0,0,0,0,0,0,0,0,0,0,0,0,0,0,0,0,1,0,0,0,1,0,0,0,0,0,0,0,0,0,0,0,0,0,0,0,0,0,0,0,0,0,0,0,0,0,0,0,0,0,0,0,5,5,0,0,0,0,1,0,0,0,1,0,0,0,0,0,0,15,15,0,0,0,0,0,0,0,0,0,0,0,0,0,0,0,0,0,0,0,0,0,0,0,0,0,0,1,0,0,0,1,0,0,0,0,0,0,0,0,0,0,0,0,0,0,1,12,27,37,48,57,61,63,62,60,59,57,54,53,50,45,42,39,36,32,28,24,20,17,10,17,25,7,0,0,0,0,0,0,0,0,0,0,0,0,0,0,0,0,0,0,0
166,67,0,0,0,0,0,0,0,1,2,0,0,0,0,0,1,0,0,0,0,3,0,0,0,2,0,0,0,0,0,144,131,0,0,0,0,0,0,0,0,0,0,0,0,0,0,0,0,0,0,0,0,0,0,0,0,0,0,0,0,0,0,0,0,0,0,0,0,0,0,2,0,0,0,0,3,0,0,0,0,0,0,0,0,0,0,0,0,0,0,0,0,0,0,0,0,0,0,0,0,0,0,0,0,0,104,164,15,0,60,177,54,0,0,0,0,0,0,138,138,0,0,0,0,0,0,0,0,58,51,0,0,0,0,0,0,0,0,0,0,0,0,0,0,0,56,54,0,0,0,32,173,84,0,0,0,0,18,165,101,0,0,0,0,0,0,0,0,0,0,0,0,0,0,0,0,0,0,0,0,0,0,0,0,0,0,0,0,0,0,0,8,20,33,46,55,64,69,70,69,67,63,60,57,50,43,151,156,34,26,26,21,16,10,6,5,0,30,70,20,0,0,0,2,0,0,0,0,0,0,0,0,0,0,0,0,0,0,0
168,68,0,0,0,0,0,0,0,0,0,129,149,0,0,0,0,0,43,61,4,0,69,178,46,0,0,0,0,1,0,0,0,1,0,40,63,6,0,0,0,0,0,0,0,0,0,0,0,0,0,0,0,0,0,0,0,0,0,0,0,0,0,0,0,0,0,0,0,0,0,0,100,205,184,57,0,0,0,39,63,7,0,0,0,0,0,0,0,0,0,0,0,0,0,0,0,0,0,0,0,0,0,0,0,2,0,0,0,0,0,0,0,2,0,0,0,1,1,0,0,1,1,0,0,0,0,0,0,0,0,0,0,0,0,0,0,0,0,0,0,0,0,0,0,0,0,0,0,0,2,0,0,0,3,0,0,2,0,0,0,2,0,0,0,0,0,0,0,0,0,0,0,0,0,0,0,0,0,0,0,0,0,0,0,0,0,0,2,5,12,23,34,44,54,62,68,55,53,73,74,71,69,68,65,60,54,69,64,34,27,19,10,3,0,0,0,0,0,0,0,100,168,19,0,21,68,22,0,0,0,0,0,0,52,51,0,0,1,0
0,0,0,0,0,0,0,0,0,0,0,0,0,0,0,0,0,0,13,19,1,0,0,0,0,0,0,0,0,0,0,0,0,0,0,13,20,2,0,0,0,0,0,0,0,0,0,0,0,0,0,0,0,0,0,0,0,0,0,0,0,1,0,0,0,1,0,0,0,0,0,0,0,0,0,0,0,0,0,13,17,0,0,2,0,0,0,0,0,0,0,0,0,0,0,0,0,0,0,0,0,0,0,0,0,0,0,0,0,152,171,0,0,0,0,0,0,0,0,0,0,0,0,0,0,0,0,0,0,0,0,0,0,0,0,0,0,0,0,0,0,0,0,0,0,0,0,0,0,0,0,0,1,0,0,0,1,0,0,0,0,0,0,0,0,0,0,0,0,0,0,0,0,0,0,0,0,1,0,0,0,1,0,0,0,4,9,17,28,39,46,53,59,63,67,70,71,67,67,74,75,77,78,73,69,61,51,184,189,34,22,18,8,2,0,0,0,0,0,0,0,0,0,0,0,7,21,7,0,0,0,0,0,0,0,89,193,40,0,1
0,0,34,123,45,0,0,0,0,0,0,0,0,0,0,0,0,0,0,0,0,0,0,0,0,1,0,0,0,2,0,0,0,0,0,0,0,0,0,0,0,0,0,0,0,0,0,0,0,0,0,0,0,0,0,0,1,0,0,0,0,0,80,119,9,0,0,0,0,0,0,0,0,0,0,2,0,0,0,0,24,128,61,0,0,0,0,0,0,77,110,7,0,1,0,0,0,2,0,0,0,0,0,0,0,0,0,0,1,0,0,0,1,0,0,0,0,0,0,0,0,0,0,0,0,0,0,37,123,42,0,0,0,0,0,0,0,0,0,0,0,0,0,0,0,0,0,0,0,0,0,0,0,93,110,0,0,0,0,0,0,0,0,0,0,0,0,0,0,0,0,0,0,0,0,0,1,0,30,134,66,0,10,13,20,30,42,54,48,29,57,79,75,67,118,148,76,122,142,75,77,49,18,63,78,69,64,46,37,43,34,23,13,4,0,0,0,0,0,0,0,0,0,0,0,0,0,0,0,0,0,0,0,0,0,34,113,127,63,0
0,1,0,0,0,1,0,0,0,0,0,0,0,0,0,0,0,0,0,0,0,0,1,4,8,0,41,205,110,0,4,2,1,1,2,2,2,2,1,0,0,0,0,0,0,0,0,0,0,0,0,0,0,0,0,0,0,0,174,151,0,9,9,0,0,0,0,0,0,0,0,0,0,0,0,0,88,209,48,0,0,0,0,0,0,0,0,0,1,0,0,0,1,0,8,185,138,0,0,0,0,0,0,0,0,0,0,0,0,0,0,0,0,0,0,0,0,0,0,0,0,0,0,0,0,0,1,0,0,0,1,0,0,0,0,0,0,0,0,0,0,0,0,0,0,0,0,0,0,0,0,0,0,0,0,0,0,0,0,0,0,0,0,0,0,0,0,0,0,0,0,0,0,1,7,17,33,33,25,26,25,25,28,32,44,43,3,35,80,78,81,80,78,78,72,67,73,69,68,75,60,136,209,99,54,63,59,54,47,39,33,24,15,9,3,1,1,1,1,0,0,0,0,0,0,0,0,0,0,1,14,9,0,0,0,0,6,183,141,0
0,0,0,0,0,0,0,0,0,0,0,0,0,0,0,0,0,0,0,0,0,132,140,8,14,26,27,18,22,27,23,7,79,152,52,13,24,20,14,6,1,0,0,0,0,0,0,0,0,1,0,0,0,2,0,0,0,0,0,0,8,73,32,0,0,0,3,0,0,0,0,0,0,0,0,1,0,0,0,1,0,0,0,0,0,0,0,0,0,0,0,0,0,1,0,0,0,1,0,0,49,173,62,0,0,0,0,0,0,3,0,0,0,3,0,0,0,0,0,0,0,0,0,0,0,0,0,0,0,0,0,0,2,0,0,0,2,0,0,0,0,0,0,0,0,0,0,0,0,0,0,0,0,0,0,0,0,0,0,0,0,0,0,0,0,0,0,0,0,0,0,1,6,17,11,15,89,77,28,33,33,34,38,44,53,63,72,77,79,80,80,78,77,75,74,75,74,74,73,72,70,63,57,58,56,51,47,41,35,30,25,17,11,8,5,3,4,3,2,0,0,0,0,0,0,0,0,0,0,7,71,44,0,0,0,1,0,0,0,1
0,0,0,0,0,0,0,0,0,0,0,0,0,0,0,0,0,0,0,1,1,0,0,11,19,27,33,36,37,36,35,18,92,168,69,22,28,33,71,65,9,1,0,0,0,0,0,0,0,0,9,164,116,0,0,0,0,0,0,0,0,0,94,207,194,67,0,0,0,0,0,0,0,0,0,0,0,0,0,0,0,0,44,52,0,0,0,0,0,0,0,0,0,0,0,0,0,0,0,3,0,0,0,3,0,0,0,0,0,0,59,175,53,0,0,0,0,0,0,0,0,0,0,0,0,0,0,0,0,0,0,0,0,111,168,14,0,0,0,0,0,0,1,0,0,0,0,0,0,0,0,0,0,0,0,0,1,0,0,0,1,0,0,0,0,0,0,33,59,8,0,8,15,6,93,179,66,19,33,34,36,42,49,57,66,73,77,82,75,57,69,80,77,77,77,75,74,72,68,64,60,55,49,44,38,33,29,18,40,74,28,0,14,63,37,0,4,2,0,0,0,0,0,0,0,0,0,0,0,0,0,0,0,0,0,0,0,0,0,0
0,0,0,0,0,0,0,0,0,0,0,0,0,0,0,0,0,0,0,0,0,0,0,2,6,15,24,28,30,29,29,28,26,26,30,30,29,31,44,37,9,1,0,0,0,0,0,0,0,0,0,0,0,0,0,0,0,0,0,0,0,0,0,0,0,0,0,0,0,0,0,0,0,0,0,0,0,0,0,0,0,0,19,22,0,0,0,0,0,0,0,0,0,0,0,0,0,0,0,0,59,206,74,0,0,0,0,0,0,0,69,204,62,0,0,0,0,0,0,0,0,0,0,0,0,0,0,0,0,0,0,0,0,0,0,0,153,167,0,0,1,0,0,127,183,7,0,0,0,0,0,0,0,0,1,0,0,85,202,38,0,0,0,0,0,0,0,14,26,7,7,16,20,6,104,203,70,16,34,37,43,52,61,67,74,78,80,80,76,69,74,78,77,76,74,71,68,64,59,53,49,41,33,30,13,2,10,6,15,28,0,0,6,26,15,0,1,0,0,0,0,0,0,0,0,0,0,0,0,0,0,0,0,0,0,0,0,0,0,0
0,0,0,0,0,0,0,0,0,0,0,0,0,0,0,0,0,0,0,0,0,0,0,0,0,2,7,12,16,7,0,0,6,3,4,5,6,8,7,5,2,0,0,0,0,0,0,0,0,0,0,0,0,0,0,0,0,0,0,0,0,0,0,0,0,87,94,0,0,0,0,0,0,0,0,0,0,0,0,0,0,0,0,38,117,37,0,0,0,0,0,0,0,0,0,0,0,0,0,2,0,0,0,2,0,0,0,0,0,2,0,0,93,83,0,0,0,29,116,46,0,0,0,0,0,0,0,0,0,0,0,0,0,0,1,1,0,0,0,1,0,18,132,59,0,0,1,0,0,0,0,0,0,0,0,0,116,88,0,0,2,0,0,0,0,0,1,2,4,8,11,11,17,109,98,7,27,40,44,50,58,66,72,79,76,68,66,65,96,152,106,65,72,70,67,62,58,38,29,36,14,7,16,10,6,3,0,0,0,2,117,93,0,0,0,0,0,1,0,0,0,0,0,0,0,0,0,0,0,11,110,56,0,0,1,0,0,0,0,0
0,0,0,0,0,0,0,0,0,0,0,0,0,0,0,5,10,2,0,0,0,8,8,0,0,0,0,1,0,62,212,74,0,0,0,0,0,0,0,0,0,0,0,0,0,7,10,0,0,0,0,0,0,0,0,0,0,0,0,0,0,0,0,0,0,0,0,0,0,0,0,0,0,0,0,0,0,0,0,0,0,0,1,0,0,0,1,0,0,0,0,0,0,0,0,0,0,0,0,0,0,0,0,0,0,0,0,0,0,0,0,0,0,0,1,0,1,0,0,0,1,0,0,6,10,1,0,0,0,0,0,0,0,0,0,0,0,0,0,0,0,0,0,7,9,0,0,0,0,0,0,0,0,0,0,0,0,0,0,0,0,0,0,0,0,1,1,2,3,3,6,9,12,9,15,28,35,45,54,61,68,74,78,63,133,224,228,139,57,65,68,69,65,62,57,48,31,160,183,25,6,7,2,0,6,10,1,0,0,0,0,0,0,0,138,187,8,0,0,0,0,0,0,0,0,0,0,0,1,0,0,125,193,14,0,0,0,9,7,0
0,0,0,0,0,0,0,0,0,0,0,0,0,0,0,39,80,14,0,0,0,63,65,0,0,0,0,0,1,0,0,0,1,0,0,0,0,0,0,0,0,0,0,0,0,53,73,4,0,0,0,0,0,0,0,0,0,0,0,0,0,0,0,37,166,72,0,0,0,0,0,0,0,0,0,0,0,0,0,0,0,0,0,0,0,0,0,17,157,95,0,0,0,0,0,0,0,0,2,0,0,0,0,3,0,0,0,0,0,0,0,0,0,0,0,0,0,0,0,0,0,0,0,45,77,10,0,0,0,0,0,0,0,0,0,0,0,0,4,145,114,0,0,54,72,3,0,0,0,0,0,0,0,0,0,0,0,0,0,0,0,0,1,2,2,2,2,3,3,1,1,3,6,10,19,30,38,49,60,67,72,75,76,83,43,9,53,72,72,71,69,65,62,59,54,43,22,16,17,15,8,1,0,0,49,75,6,0,0,0,3,0,0,0,0,0,0,1,0,0,0,0,0,0,0,0,0,0,0,0,1,0,0,0,1,0,7,218,167,0
1,0,0,0,0,0,0,0,0,0,0,0,0,0,0,0,1,1,2,2,1,1,0,0,0,1,0,0,0,0,0,0,0,0,0,0,0,0,0,0,0,0,0,0,0,0,0,0,0,0,0,0,0,0,0,0,0,0,0,0,0,0,2,0,0,0,3,0,0,0,0,0,0,0,0,0,0,0,0,0,0,0,0,0,0,0,2,0,0,0,2,0,0,0,0,1,0,0,0,108,215,191,57,0,0,0,0,11,55,26,0,0,0,0,0,0,0,0,0,0,0,0,0,0,0,0,0,0,0,0,0,0,0,0,0,0,0,1,0,0,0,2,0,0,0,0,0,0,0,0,0,0,0,0,0,0,0,1,3,5,8,10,10,9,8,6,5,4,4,5,8,12,17,24,33,42,52,49,50,69,75,74,74,72,77,80,73,71,71,70,68,64,61,57,38,69,188,107,3,11,5,1,0,0,1,0,0,0,1,0,0,94,181,29,0,0,0,0,0,0,0,0,0,0,0,0,0,0,0,0,0,0,0,0,0,1,0,0,0,2
0,136,177,6,0,0,0,0,0,0,0,0,1,2,4,7,6,0,0,9,5,0,79,203,53,0,0,0,0,0,0,0,0,0,0,0,0,0,0,0,0,0,0,0,0,0,0,0,0,0,0,0,0,0,0,0,0,0,0,0,0,0,0,0,0,0,0,0,0,0,0,0,0,0,0,0,0,0,0,0,0,0,0,0,0,0,0,0,0,0,0,0,0,0,0,0,108,194,27,0,0,0,0,0,0,0,0,6,30,14,0,0,0,0,0,0,0,0,0,0,0,0,0,0,0,0,0,0,0,0,0,0,0,0,0,0,0,0,0,0,0,0,0,0,0,0,0,0,0,0,0,0,0,0,1,5,10,15,19,20,21,19,16,13,9,7,6,7,11,17,24,32,39,46,54,61,68,67,63,64,72,78,77,77,77,76,75,75,69,59,63,64,58,53,46,39,30,22,14,8,3,0,0,0,0,42,200,90,0,0,0,0,0,0,0,0,0,0,0,0,0,0,0,0,2,0,0,0,2,0,0,0,0,0,0,0,0,0,0,0
2,0,0,0,0,47,110,25,0,2,3,4,5,5,6,0,21,134,70,15,110,47,0,0,0,2,0,0,0,0,0,90,82,0,0,0,0,0,0,0,0,0,0,0,0,0,0,0,0,0,0,0,0,0,0,0,0,0,0,0,0,0,0,0,0,0,1,0,0,0,1,0,0,0,0,0,0,0,0,0,0,0,0,0,0,0,0,0,0,0,0,0,0,0,0,2,0,0,0,2,0,0,0,0,0,0,65,102,10,0,0,0,0,0,0,0,0,0,0,0,0,0,0,0,0,0,0,0,0,0,0,0,0,0,0,0,0,0,0,0,0,0,0,0,0,0,0,0,0,0,0,1,0,83,102,22,21,26,26,26,23,19,16,11,7,8,11,7,9,29,43,53,61,68,73,75,76,69,95,167,118,66,76,76,76,76,75,66,92,152,98,48,52,45,38,31,24,15,2,0,91,81,0,0,2,0,0,0,2,0,0,0,0,0,0,0,0,0,0,0,0,0,0,0,0,45,143,47,0,0,0,0,0,0,0,0,0,0,0,0
1,2,3,1,2,0,0,0,2,1,1,1,1,0,0,0,0,0,1,0,0,0,1,0,0,0,0,0,0,0,0,0,0,0,0,0,0,0,0,0,0,0,0,0,0,0,0,0,0,0,0,0,0,0,0,0,0,0,0,0,0,0,0,0,0,0,0,5,185,143,0,0,0,0,0,0,0,0,0,0,0,0,0,0,0,0,0,0,0,0,0,0,0,0,0,0,0,0,0,0,0,0,0,0,0,1,0,0,0,0,0,0,0,0,1,6,4,0,0,0,0,0,0,0,0,0,0,0,0,0,0,0,0,0,0,0,0,0,0,0,0,0,0,0,0,0,0,3,8,12,23,31,28,24,24,27,24,21,19,17,15,13,11,9,10,12,0,121,208,68,40,64,71,76,82,84,79,77,76,74,74,74,74,74,74,73,71,54,102,212,119,35,45,40,33,25,18,12,5,1,0,0,1,6,4,0,0,0,0,0,0,0,0,0,0,0,0,0,0,0,0,0,0,0,0,0,0,0,0,0,0,0,0,0,0,0,0,6,5,0
0,0,0,0,0,0,0,0,0,0,0,0,0,0,0,0,0,0,0,0,0,0,0,0,0,0,0,0,0,0,0,0,0,0,0,0,0,0,0,0,0,0,0,0,0,0,0,0,0,0,0,0,0,0,0,0,0,0,0,0,0,0,0,0,0,0,1,0,0,0,1,0,0,0,0,0,0,0,0,0,0,0,0,0,0,136,115,0,0,0,0,0,0,62,162,43,0,0,0,0,1,0,0,0,1,1,0,0,0,0,0,0,0,0,10,83,48,0,0,0,0,0,0,0,0,0,0,0,0,0,0,0,0,0,0,0,0,0,0,0,2,3,4,0,0,11,18,27,35,32,62,79,42,30,27,22,0,0,10,5,7,12,15,18,23,27,33,32,36,53,70,77,74,71,103,133,90,71,74,74,73,73,72,71,70,67,64,66,60,44,45,45,39,34,17,5,12,10,4,1,0,0,7,81,52,0,0,0,0,0,0,0,0,0,0,0,0,0,0,0,0,0,0,0,0,0,0,0,0,0,0,0,0,0,0,0,3,77,59,0
0,34,44,1,0,0,0,0,0,0,0,0,0,0,0,0,0,0,0,0,0,0,0,0,0,0,0,0,0,0,0,0,0,0,0,0,1,5,6,7,5,3,1,0,0,0,0,0,1,0,0,0,1,0,0,0,0,0,0,0,0,0,0,0,0,0,0,0,0,0,0,0,0,0,0,1,0,0,0,1,0,0,0,1,0,0,0,1,0,0,0,0,2,0,0,0,2,0,0,0,0,0,155,142,0,0,0,0,0,0,0,0,0,0,0,0,0,0,0,0,0,0,0,0,0,0,0,0,0,0,0,0,0,0,1,2,5,11,17,20,23,25,26,28,31,34,42,27,7,38,54,48,39,31,14,15,163,138,0,5,14,23,29,35,43,49,55,60,65,72,27,17,71,76,74,74,75,75,75,75,74,72,71,67,63,60,60,23,7,42,43,32,24,23,21,15,8,4,1,0,0,0,0,0,0,0,0,0,0,0,1,0,0,0,1,0,0,0,0,0,0,0,9,49,24,0,0,0,0,0,0,0,0,0,0,0,0,0,0,0
0,24,31,1,0,0,0,0,0,0,0,0,0,0,0,0,0,0,0,0,0,0,0,0,0,0,0,0,0,0,0,0,1,2,4,5,7,11,13,14,13,10,6,3,1,0,0,0,0,81,199,49,0,0,0,0,0,0,0,0,0,0,0,0,0,0,0,0,0,0,0,0,0,0,0,0,84,199,46,0,0,0,0,0,0,0,0,0,0,0,0,0,0,0,0,0,0,0,0,0,0,0,0,0,0,0,0,0,0,0,0,0,0,0,0,0,0,1,1,0,0,1,1,0,0,0,0,0,0,0,0,0,7,5,8,28,35,39,42,43,44,44,43,44,44,44,46,47,48,47,32,21,29,26,18,12,8,8,13,21,6,6,40,53,60,65,68,71,74,80,77,72,71,70,74,78,75,66,63,73,73,69,66,62,56,51,48,44,40,36,31,24,17,16,12,7,4,1,0,0,0,0,0,0,0,0,0,0,0,0,0,101,193,31,0,0,0,0,0,0,0,0,6,35,17,0,0,0,0,0,0,0,0,0,0,0,0,0,0,0
0,0,0,0,0,0,7,95,64,0,0,0,0,0,0,0,0,0,0,0,0,0,0,0,0,0,1,3,2,4,8,9,8,8,9,11,14,15,3,1,14,14,11,8,6,3,0,0,84,72,0,0,2,0,1,0,0,0,1,0,0,0,0,0,0,0,0,0,0,0,0,0,0,0,0,3,0,0,0,2,0,0,75,88,0,0,0,0,0,0,0,0,0,0,0,0,0,0,0,0,0,0,0,0,0,0,0,0,0,0,0,0,0,0,0,0,0,0,0,115,115,0,0,0,0,0,0,0,1,5,14,25,22,114,159,63,49,58,58,57,56,54,53,41,68,129,73,27,33,17,99,142,32,6,15,15,8,15,31,38,49,59,63,68,73,77,78,83,71,27,50,81,74,78,51,23,52,134,162,78,59,61,56,51,47,42,38,35,31,27,9,4,11,8,4,2,1,0,31,105,36,0,9,96,62,0,0,0,0,0,2,0,0,0,2,1,1,0,0,1,1,0,0,0,0,0,0,0,0,0,0,2,0,0,0,2,0,0,0,0
0,0,0,0,0,0,0,0,0,0,0,0,0,0,0,0,0,0,0,0,0,0,0,0,0,1,3,4,7,8,8,9,9,9,11,11,6,0,159,176,5,0,6,5,6,3,0,0,0,0,0,0,0,0,0,149,181,2,0,0,0,0,0,0,0,0,0,0,0,0,0,0,0,0,0,0,0,0,0,0,0,0,0,0,0,0,0,0,0,0,0,0,0,0,0,0,0,0,0,0,0,0,0,0,0,0,0,0,0,0,0,0,0,0,0,0,0,0,0,0,0,0,0,0,0,0,0,3,14,26,37,45,53,59,61,60,60,59,58,56,54,51,48,45,39,32,29,24,19,15,12,11,11,16,22,25,32,42,51,58,66,72,74,77,78,78,78,78,78,77,77,77,75,74,74,73,71,68,65,61,57,52,47,44,39,35,32,28,17,10,170,167,0,0,2,1,0,0,0,0,0,1,0,0,0,0,0,0,0,0,0,0,0,0,0,0,0,168,164,0,0,0,0,0,0,0,0,0,0,0,0,0,48,211,91,0,0,0,0,0
0,0,0,0,0,0,0,0,0,0,0,0,0,0,0,0,0,0,0,0,0,0,0,0,0,85,150,20,0,1,1,1,2,3,3,3,3,2,0,0,0,0,0,12,89,51,0,0,0,0,0,0,0,0,1,0,0,0,1,0,0,0,0,0,0,0,57,157,44,0,0,0,0,0,0,0,0,0,0,0,0,0,0,0,0,0,0,0,0,0,0,0,0,0,0,0,0,0,0,0,0,0,0,0,0,0,0,1,1,0,0,0,1,0,0,0,0,0,0,0,0,0,0,0,0,0,6,16,26,35,46,53,56,58,58,56,53,51,50,48,47,45,41,38,32,26,20,6,21,143,104,1,14,88,100,27,41,61,65,62,141,161,50,57,82,77,76,75,76,75,75,74,72,71,69,67,63,60,56,52,48,43,40,36,32,28,25,13,6,11,0,0,4,2,0,0,0,0,0,0,0,0,0,0,0,0,0,0,0,0,0,0,0,0,0,1,0,0,0,1,0,0,0,0,0,0,0,0,0,0,0,1,0,0,0,2,0,0,0,0
0,0,13,45,17,0,0,0,0,0,0,0,0,0,0,0,0,0,0,0,0,0,0,0,2,0,0,0,2,0,0,0,0,0,0,0,0,0,0,0,0,0,0,0,0,0,0,0,0,0,0,1,0,0,0,0,0,0,0,0,0,0,28,41,3,0,0,0,0,2,0,0,0,0,0,0,0,0,0,0,0,0,0,0,0,0,0,0,0,0,0,0,0,0,0,0,0,0,0,0,0,0,0,0,0,0,0,0,0,142,158,0,30,31,0,0,0,0,0,0,0,0,1,2,6,12,19,26,31,36,42,45,47,46,43,41,39,37,36,36,35,32,31,28,25,24,22,23,23,9,19,40,44,37,103,203,112,55,73,78,70,66,77,80,80,78,75,92,103,78,70,70,68,64,60,56,52,47,43,41,38,35,31,27,23,18,14,10,7,5,3,2,1,0,0,7,44,23,0,0,0,0,0,0,0,0,0,0,0,0,0,0,0,0,0,0,0,0,0,0,0,0,0,0,0,0,0,0,0,0,0,0,0,0,0,0,0,0,0,0
0,0,11,41,15,0,0,0,0,0,0,0,0,0,0,0,0,0,0,0,0,0,0,0,0,0,0,0,0,0,0,0,0,0,0,0,0,0,0,0,0,0,0,0,0,0,0,0,0,0,0,0,109,186,22,0,0,0,0,0,0,0,25,37,3,0,0,0,0,0,0,0,2,0,0,0,2,0,0,0,0,1,0,0,0,1,0,0,0,0,0,0,0,0,0,0,0,0,0,0,0,0,2,0,0,0,2,0,0,0,0,0,29,31,0,0,0,0,0,0,4,9,16,21,24,27,30,32,34,36,36,36,34,33,31,29,27,25,23,23,22,22,24,27,30,32,35,39,44,49,55,61,66,69,70,70,73,74,74,74,75,78,81,23,21,80,78,90,99,75,67,66,61,58,53,47,43,38,35,32,29,25,22,18,15,7,0,0,5,2,0,0,0,0,0,7,40,23,0,0,0,2,0,0,0,0,0,0,0,0,0,0,0,0,0,0,0,0,0,0,0,0,0,0,0,0,0,0,0,0,0,0,0,0,0,0,0,0,0,0
0,0,0,0,0,0,0,0,0,0,0,0,0,0,0,0,0,0,0,0,0,0,0,4,87,64,0,0,68,85,2,0,0,0,0,0,0,0,0,0,0,0,0,0,0,0,0,0,0,0,0,2,0,0,0,2,0,0,0,0,0,0,0,0,0,0,0,0,0,0,0,0,0,41,153,57,0,0,0,0,0,0,109,128,0,0,1,0,0,0,2,0,0,0,0,0,0,0,0,0,28,99,18,56,151,33,0,0,0,0,52,153,46,0,0,0,0,2,6,12,21,24,11,20,37,36,37,36,34,32,30,27,23,20,16,10,10,11,12,13,18,23,28,35,39,38,51,62,65,68,71,74,75,77,78,75,75,73,74,78,76,73,74,81,81,73,72,70,65,57,110,120,54,44,44,40,29,83,108,30,11,14,11,7,0,21,145,84,0,0,0,0,0,0,0,0,1,0,32,153,54,0,0,0,0,0,0,0,0,0,0,0,0,0,0,0,0,0,0,0,0,0,0,0,0,0,0,0,0,0,0,0,0,0,0,0,0,0,0,0
0,0,0,0,0,0,0,0,0,0,0,0,0,0,0,0,0,0,0,0,0,0,0,0,0,0,0,0,0,0,0,0,0,0,0,0,0,0,0,0,0,0,0,0,0,0,0,0,0,0,0,0,0,0,0,0,0,0,0,0,0,0,0,0,0,0,0,0,0,0,0,0,0,0,0,0,0,0,0,0,0,0,0,0,0,0,0,22,200,121,0,0,0,0,0,0,0,0,0,0,0,0,0,0,0,0,0,0,0,0,0,0,0,0,1,5,1,4,20,26,29,30,32,32,32,32,31,29,27,23,19,17,15,12,10,9,10,13,16,20,27,34,41,33,96,213,125,55,73,74,74,73,73,73,73,74,75,81,68,5,31,80,71,71,69,66,63,60,57,52,48,44,40,38,34,30,26,23,19,15,10,6,4,3,2,1,0,0,0,0,0,0,0,0,0,0,0,147,183,3,0,0,0,0,0,0,0,0,0,0,0,0,0,0,0,0,0,0,0,0,0,0,0,0,0,0,0,0,0,0,0,0,0,0,0,0,0,0,0,0
0,0,0,0,0,65,151,34,0,0,0,0,0,0,0,0,0,2,0,0,0,1,0,0,0,0,0,0,0,0,0,0,0,0,0,0,0,0,0,0,2,130,105,0,0,0,0,0,0,0,0,0,0,0,0,0,0,0,0,0,0,0,0,0,0,0,0,0,0,0,0,0,0,0,0,0,0,0,0,0,0,0,0,0,0,0,1,0,0,0,2,0,0,0,5,134,100,0,0,0,0,0,0,0,0,0,0,20,98,45,0,0,2,8,16,20,25,28,28,27,26,25,24,22,21,18,17,16,14,14,14,13,16,18,20,22,26,31,36,28,104,161,77,57,69,65,29,36,76,60,61,70,68,67,68,70,71,65,84,173,133,59,67,64,61,57,56,41,24,21,29,35,29,26,21,17,13,11,7,2,2,3,2,1,0,0,0,0,0,0,0,0,7,135,98,0,0,0,0,0,1,0,0,2,0,0,0,2,0,0,0,0,0,0,0,0,0,0,0,0,0,0,0,0,0,0,0,0,0,0,0,0,0,0,0,0,0,0,0,0
0,0,0,0,2,0,0,0,2,0,0,0,0,0,0,0,0,0,125,178,11,0,0,0,0,0,0,0,0,0,0,0,0,0,0,0,0,0,0,1,0,0,0,1,0,0,0,0,0,0,0,0,0,0,0,0,0,0,0,0,0,0,0,0,0,0,0,0,0,0,0,0,0,0,0,0,0,0,0,0,0,0,0,0,0,0,0,0,0,0,0,0,0,1,0,0,0,2,0,0,0,0,0,0,0,0,0,0,0,0,1,6,14,21,24,26,27,25,22,15,32,52,21,5,7,7,7,8,11,16,17,18,27,35,40,44,49,54,58,64,60,58,71,78,79,80,85,75,84,192,153,58,67,67,68,69,70,70,67,53,56,58,46,47,48,44,23,106,210,215,99,2,19,16,7,1,4,4,2,1,1,0,0,0,0,0,0,0,0,0,0,1,0,0,9,40,5,0,0,0,0,0,0,0,118,182,16,0,0,0,0,0,0,0,0,0,0,0,0,0,0,0,0,0,0,0,0,0,0,0,0,0,0,0,0,0,0,0,0,0
0,0,0,0,0,0,0,0,0,0,0,0,0,0,0,0,0,1,0,0,0,0,0,0,0,0,0,0,0,0,0,0,0,0,0,115,179,16,0,0,0,0,0,0,0,0,0,0,0,0,0,0,107,183,22,0,0,0,0,0,0,0,0,0,0,0,0,0,0,0,0,0,0,0,0,0,0,0,0,0,0,0,139,162,0,0,0,0,0,0,0,0,0,0,7,171,128,0,0,0,0,0,0,1,0,0,0,2,0,1,5,10,14,17,18,16,16,15,11,4,26,51,18,2,5,0,7,18,24,30,32,34,45,52,55,59,63,66,70,72,73,75,77,79,74,65,73,80,77,72,72,73,71,71,72,70,55,54,62,57,53,44,32,33,36,34,30,20,11,13,11,9,10,0,86,191,43,0,0,0,0,0,0,0,0,22,183,107,0,0,0,0,0,0,25,44,6,0,0,0,0,0,0,1,0,0,0,0,0,0,0,0,0,0,0,0,0,0,0,0,0,0,0,0,0,0,0,0,0,0,0,0,0,0,0,0,0,0,0,0
0,62,81,3,0,0,0,0,0,0,0,0,0,0,2,0,0,0,1,0,0,0,0,0,0,0,0,0,0,0,0,0,0,0,2,0,0,0,0,32,93,28,0,0,0,0,0,0,0,0,0,2,0,0,0,2,0,0,0,0,0,0,0,0,0,0,0,0,0,0,0,0,0,0,0,0,0,0,0,0,0,2,0,0,0,1,0,0,0,0,0,0,0,1,0,0,0,1,0,63,80,2,0,0,12,145,96,0,0,1,3,4,5,6,5,6,5,5,6,7,8,10,11,14,19,24,29,36,43,49,58,58,35,49,73,71,72,74,76,76,76,75,75,64,101,177,113,62,73,72,71,69,68,66,58,61,153,134,40,41,39,34,30,30,11,0,8,15,9,6,4,2,2,4,0,0,0,56,86,8,0,0,0,0,2,0,0,0,2,0,0,0,0,0,0,0,0,0,0,0,0,0,0,0,0,0,0,0,0,0,0,0,0,0,0,0,0,0,0,0,0,0,0,0,0,0,0,0,0,0,0,0,0,0,0,0,0,0,0,0
0,3,3,0,0,0,0,0,0,0,0,0,0,0,0,103,207,37,0,0,0,0,0,0,0,0,0,0,0,0,0,0,0,0,0,0,0,0,0,1,4,1,0,0,0,0,0,0,0,0,0,0,0,0,0,0,0,0,0,0,0,0,0,0,0,0,0,0,0,0,0,0,0,0,0,0,0,0,0,0,0,0,0,0,0,0,0,0,0,0,0,0,0,0,0,0,0,0,0,3,3,0,0,0,0,0,0,1,1,1,1,1,1,1,1,2,5,9,11,15,20,24,28,32,37,43,50,57,62,65,69,71,70,71,73,74,74,74,74,74,74,73,73,72,71,71,72,70,66,64,61,58,56,53,50,46,42,38,35,31,28,24,22,0,90,213,63,0,3,1,1,1,0,0,0,0,0,2,4,0,0,0,0,0,0,0,0,0,0,0,0,0,0,0,0,0,0,0,0,0,0,0,0,0,0,0,0,0,0,0,0,0,0,0,0,0,0,0,0,0,0,0,0,0,0,0,0,0,0,0,0,0,0,0,0,0,0,0,0,0
0,0,0,0,0,0,0,0,0,0,0,0,0,0,2,0,0,0,1,0,0,0,0,0,0,0,16,102,53,0,0,0,0,0,0,0,0,0,2,0,0,0,2,0,0,0,0,0,83,82,0,0,59,100,12,0,0,0,0,0,0,0,0,0,0,0,0,0,0,0,0,0,0,0,0,0,0,0,0,0,0,0,0,0,0,0,0,0,0,0,0,0,0,0,0,0,0,0,0,0,1,2,2,2,2,1,1,1,1,1,1,1,2,5,10,13,18,24,28,33,39,44,48,53,57,62,67,70,72,80,80,74,74,73,72,72,71,70,70,69,68,69,69,69,69,68,27,81,167,81,40,47,46,41,36,34,31,27,24,21,17,13,11,11,0,0,0,5,1,1,0,0,0,0,0,0,0,0,0,0,0,0,0,0,0,0,0,0,0,0,0,0,0,0,0,0,0,0,0,0,0,0,12,135,87,0,0,0,0,0,0,0,32,240,136,0,0,0,0,0,0,0,0,0,103,124,1,0,0,0,2,0,0,0,1,0,0,0,0,0
0,0,10,35,13,0,0,0,0,7,34,16,0,0,0,0,0,0,0,0,0,0,0,0,0,0,0,0,0,0,0,0,0,0,0,21,32,3,0,70,201,60,0,0,0,0,0,0,0,0,0,0,0,0,0,0,0,0,0,0,0,0,0,0,0,0,0,0,0,0,0,0,0,0,0,0,0,0,0,0,0,0,0,0,0,0,0,0,0,0,0,0,0,0,0,0,0,0,1,3,3,5,33,30,2,3,2,1,2,3,8,14,18,25,31,36,41,46,49,53,56,59,65,69,71,71,72,76,73,16,22,74,70,85,92,72,68,68,67,66,65,64,61,60,59,58,57,46,33,40,43,30,2,16,32,26,22,18,15,11,8,5,3,0,75,201,55,0,0,0,0,10,35,13,0,0,0,20,32,3,0,0,0,0,0,0,0,0,0,0,0,0,0,0,0,0,0,0,0,0,0,1,0,0,0,1,0,26,28,0,0,1,0,0,0,2,0,0,0,0,0,0,0,1,0,0,0,1,0,0,0,124,183,13,0,0,0,0,0,0
1,0,15,52,19,0,0,0,0,6,29,14,0,0,0,0,0,0,0,0,0,0,0,0,2,0,0,0,2,0,0,0,0,0,0,31,48,4,0,0,0,0,1,0,0,0,0,0,0,0,0,0,0,0,0,0,0,0,0,0,0,0,0,0,0,0,0,0,0,0,0,0,0,0,0,0,0,0,0,0,0,0,0,0,0,0,0,0,0,0,0,0,0,0,1,0,1,3,4,6,6,6,48,46,7,8,13,17,20,24,30,34,40,50,45,10,0,18,62,54,118,197,103,58,71,71,71,69,67,68,68,66,64,90,103,73,68,69,66,63,59,56,53,50,48,47,44,40,37,34,31,28,25,21,18,16,12,11,5,0,0,3,1,1,0,0,1,0,7,180,94,0,52,19,0,0,0,30,48,5,0,0,0,0,0,0,0,0,0,0,0,0,0,0,103,180,23,0,0,0,0,2,0,0,0,0,0,38,43,0,0,0,2,0,0,0,0,0,0,0,0,0,0,0,0,0,0,0,0,0,1,0,0,0,0,0,0,0,0,0
96,41,0,2,2,2,2,1,0,31,160,67,11,87,16,0,1,0,0,0,0,0,0,0,0,88,155,21,0,0,0,0,0,0,0,0,0,0,1,0,0,0,1,0,0,0,0,0,0,0,0,0,0,0,0,0,0,0,0,0,0,0,0,0,0,0,0,0,0,0,0,0,0,0,0,0,36,86,20,0,0,0,0,0,0,0,0,0,0,0,0,1,2,2,4,4,5,7,10,13,16,19,23,26,30,34,39,43,46,50,55,58,61,63,66,73,76,74,70,72,65,55,67,67,79,126,96,59,66,65,65,65,66,66,67,67,66,63,60,56,52,48,45,42,39,36,34,31,27,23,18,14,12,8,6,6,4,0,18,153,94,0,0,0,0,0,0,88,153,1,0,0,0,1,1,0,0,0,1,0,0,0,0,0,0,0,0,0,0,0,0,0,0,2,0,0,0,0,49,164,57,0,0,0,0,0,0,0,0,3,141,112,0,0,0,0,0,0,35,86,21,0,0,0,1,0,0,0,1,0,0,0,0,0,0,0,0,0,0,0
15,10,6,7,7,6,5,3,2,1,0,0,0,9,182,149,0,0,0,0,0,0,0,0,0,0,0,0,0,0,0,0,0,0,0,0,0,0,0,74,213,63,0,0,0,0,0,0,0,0,0,0,0,0,0,1,0,0,0,1,0,0,0,0,0,0,0,0,0,0,0,1,0,0,0,0,3,8,2,0,0,0,0,0,1,1,2,3,4,4,5,8,4,5,13,14,17,22,26,28,33,42,48,52,55,58,61,63,65,66,67,69,70,70,70,70,71,71,71,71,70,69,68,66,67,71,69,65,65,64,62,60,60,60,58,56,53,50,47,45,41,38,36,33,30,28,24,19,16,11,7,3,1,1,1,1,1,1,0,0,0,0,0,0,0,0,0,0,0,0,144,183,0,0,0,15,194,129,0,0,0,0,0,0,0,0,0,0,0,0,0,0,0,0,0,0,0,0,0,0,1,0,0,0,1,0,0,0,0,0,0,0,0,0,0,0,0,0,3,8,2,0,0,0,0,67,213,70,0,0,0,0,0,0,0,0,0,0,0,0
4,5,6,5,6,5,4,3,2,1,0,0,1,0,0,0,1,0,0,0,0,0,0,0,0,0,0,2,0,0,0,1,0,0,0,0,0,0,2,0,0,0,2,0,0,0,0,0,0,0,0,0,0,0,2,0,16,112,39,0,0,0,0,0,0,0,0,0,0,0,0,0,74,98,4,0,0,0,0,2,0,0,0,7,6,9,12,14,16,19,18,19,105,104,16,27,40,43,43,113,135,66,36,45,72,71,70,71,71,71,71,71,70,70,70,69,68,68,67,67,67,66,66,66,66,65,64,62,60,59,56,52,50,35,68,156,88,21,32,29,26,25,24,14,9,15,13,8,4,2,1,1,1,0,0,0,0,0,0,0,0,0,0,0,0,0,0,0,0,1,0,16,112,42,0,0,0,0,2,0,0,0,0,0,0,0,0,0,0,0,0,55,141,36,0,0,0,0,0,0,0,50,109,9,74,129,11,0,1,0,0,0,19,134,76,0,0,0,0,0,2,0,0,0,4,0,0,0,2,0,0,0,0,0,0,0,0,0,0,0
1,1,1,3,3,3,3,3,2,1,1,1,0,0,0,0,0,0,0,0,0,0,0,0,0,0,0,0,139,175,4,0,0,0,0,0,0,0,0,0,0,0,0,0,0,0,0,0,23,23,0,0,0,0,0,163,198,2,0,0,0,0,0,0,0,0,0,0,0,0,0,0,0,0,0,0,1,2,2,0,44,202,107,0,24,28,32,36,40,44,47,48,50,52,53,54,57,61,65,68,70,71,71,71,70,70,69,68,68,69,68,67,67,66,66,66,66,65,63,64,65,65,63,62,61,59,56,52,50,44,41,40,35,34,29,16,21,26,22,18,15,12,8,7,6,2,1,0,1,1,0,0,0,0,0,0,0,0,0,0,0,0,0,0,0,0,0,0,0,0,0,0,0,0,0,0,0,0,0,0,0,0,0,0,0,0,0,0,0,0,2,0,0,0,2,0,0,0,0,0,0,0,0,2,0,0,0,1,0,4,175,141,0,0,0,2,0,0,0,0,0,114,191,22,0,0,0,0,0,0,0,0,7,30,13,0,0,0,0,0
1,2,2,2,2,2,1,1,1,1,1,1,1,1,0,0,0,0,0,0,0,0,0,0,0,0,0,1,0,0,0,0,0,0,0,0,0,0,2,0,0,0,0,0,0,2,0,0,45,44,0,0,0,0,0,35,42,0,0,0,0,0,0,0,2,2,1,1,2,2,3,5,6,9,10,0,2,18,25,31,21,0,18,46,45,50,54,57,59,61,62,64,63,55,67,178,150,54,64,67,67,67,67,67,65,65,65,65,65,65,65,65,64,63,63,63,48,94,195,114,46,59,58,56,52,48,44,33,35,165,136,33,176,122,6,20,18,14,11,8,4,2,2,1,0,0,0,0,0,0,0,0,0,0,0,0,0,0,0,0,0,0,0,0,0,0,0,0,0,0,0,0,0,0,0,0,0,0,0,0,0,0,0,0,0,0,0,0,0,0,0,0,0,0,0,0,0,0,0,0,0,0,0,0,0,0,0,0,0,0,0,0,1,0,0,0,0,0,0,0,1,0,0,0,1,0,0,0,0,0,0,0,13,58,10,0,0,0,2,0
19,17,14,12,0,0,5,3,2,1,1,1,1,1,1,1,0,0,1,0,0,0,1,0,0,0,0,0,0,0,0,0,0,0,0,0,0,0,0,58,169,32,66,163,27,0,0,0,0,0,0,0,0,0,0,0,1,2,3,4,7,8,3,27,84,46,9,18,18,20,24,26,28,31,33,37,42,39,15,27,53,54,100,107,61,61,65,66,66,66,65,64,63,64,62,48,51,64,64,67,67,64,63,62,62,62,63,63,64,65,63,62,62,61,59,60,48,36,37,48,53,48,45,41,38,36,32,28,25,0,41,92,11,0,12,7,5,3,1,0,0,0,0,0,0,0,0,0,0,0,0,0,0,0,0,0,0,0,0,0,0,0,0,0,0,0,0,0,0,0,0,0,0,0,0,0,0,0,0,0,0,0,1,69,57,0,0,0,0,0,0,0,0,0,44,77,10,0,0,0,0,0,0,0,0,0,0,0,0,0,0,0,0,0,0,0,0,0,0,0,0,0,0,0,0,0,0,0,0,0,0,0,0,0,108,197,164,40,0,0
38,36,26,25,175,162,10,12,15,13,8,6,5,3,3,3,3,3,0,54,210,90,0,6,6,7,6,5,4,0,3,173,157,0,0,2,2,1,1,0,0,0,1,0,0,1,1,1,1,0,1,2,5,7,7,11,14,16,19,21,23,25,25,31,42,15,0,0,28,43,43,47,48,49,51,52,53,55,57,58,59,59,67,69,62,62,62,62,62,61,60,60,60,60,60,60,61,63,67,20,9,61,65,62,62,62,61,60,60,61,58,51,54,55,54,55,17,3,42,44,34,28,31,30,27,24,22,19,15,11,15,18,6,1,1,0,0,0,0,0,0,0,0,0,0,0,0,0,0,0,0,0,0,0,0,0,0,0,0,0,0,0,0,0,0,0,0,0,0,1,0,0,0,0,0,0,0,0,0,0,0,0,0,10,8,0,0,0,0,0,0,0,0,0,6,11,1,0,0,0,0,0,0,0,0,0,0,0,0,0,0,0,0,0,0,0,0,0,0,0,0,0,0,0,0,0,0,0,0,1,0,1,0,0,0,0,0,0,0,0
56,54,52,49,33,30,41,40,27,18,26,25,20,17,14,11,11,11,13,8,0,9,13,5,14,19,17,18,18,19,18,3,5,19,18,16,16,16,5,5,15,17,14,12,16,18,17,17,18,20,21,15,19,28,30,32,34,35,37,39,41,42,44,46,48,51,54,55,53,56,51,28,42,61,58,58,59,60,60,60,60,60,60,60,60,60,63,56,24,38,64,60,60,60,60,60,60,60,63,39,33,61,62,60,59,58,57,56,53,41,79,137,72,33,41,38,39,37,32,17,68,127,47,0,38,139,74,0,4,2,1,0,0,0,0,0,0,0,0,0,0,0,0,0,0,0,0,0,0,0,0,0,0,0,0,0,0,0,0,0,0,0,0,0,0,0,0,0,0,0,79,102,3,0,0,0,0,0,0,0,0,0,0,2,0,0,0,2,0,0,0,0,0,0,0,0,2,0,0,0,1,0,0,0,0,0,0,0,0,0,0,0,0,0,0,0,0,0,0,0,0,0,0,0,0,0,0,98,85,0,0,0,26,117,50,0,0,0,0,0
62,59,65,78,64,53,53,49,59,64,46,39,35,31,27,23,22,21,22,22,22,24,26,26,25,24,25,25,25,26,28,28,28,28,28,28,28,29,29,30,31,32,33,33,33,33,34,36,35,37,40,41,43,45,47,49,51,51,52,53,58,73,66,54,56,58,59,58,58,58,58,56,56,56,56,56,57,58,59,60,60,60,60,60,60,60,60,60,64,62,60,60,60,60,60,60,60,59,58,59,66,74,61,50,48,48,45,40,38,35,32,30,30,28,26,26,25,23,20,20,10,0,6,9,3,0,0,2,0,0,0,0,0,0,0,0,0,0,0,0,0,0,0,0,0,0,0,0,0,0,0,0,0,0,0,0,0,0,0,0,0,0,0,0,0,0,0,0,0,0,0,0,0,0,0,0,0,0,0,0,18,21,0,0,100,200,35,0,0,0,0,0,0,0,14,20,0,140,177,3,0,0,0,0,0,0,0,0,0,0,0,0,0,0,0,0,0,0,0,1,22,16,0,0,0,0,0,0,0,0,0,0,0,0,0,0,0,0,0,0
61,56,74,106,36,17,56,34,74,91,13,25,51,42,40,25,13,27,35,24,3,20,34,30,30,31,32,32,33,35,36,36,36,36,37,38,35,31,148,160,39,35,42,43,44,44,40,41,157,156,42,46,52,54,54,42,99,191,104,42,64,108,90,54,59,59,58,58,57,56,56,56,56,56,56,56,57,58,58,59,60,60,60,60,60,60,60,60,60,60,60,59,59,59,57,56,54,51,49,42,59,92,42,101,188,68,18,28,26,23,21,19,19,17,16,17,15,12,11,8,6,5,2,0,0,0,0,0,0,0,0,0,0,0,0,0,0,0,0,0,0,0,0,0,0,0,0,0,0,0,0,0,0,0,0,0,0,0,0,0,0,0,0,0,0,0,0,0,0,0,0,0,0,147,137,0,0,106,168,13,33,52,0,0,0,0,0,3,0,0,0,3,0,0,34,60,8,0,0,0,0,0,0,0,0,0,0,0,0,0,0,0,0,0,0,0,0,0,0,3,57,40,0,0,0,0,0,0,0,0,0,0,0,0,0,0,0,0,80,197
46,51,55,54,57,47,60,171,133,42,58,55,50,48,30,110,177,62,23,37,40,38,37,39,40,40,40,38,83,95,46,41,46,47,45,45,47,48,28,53,108,68,44,50,50,50,50,50,37,38,53,54,54,56,59,55,47,43,55,65,54,14,30,62,58,58,57,56,56,56,56,59,58,57,57,40,42,59,58,57,57,57,57,57,56,49,81,109,64,48,52,51,49,48,45,41,38,36,35,32,30,29,30,17,5,18,22,18,15,13,11,9,7,6,4,0,50,69,5,0,0,0,0,0,0,0,0,0,0,0,0,0,0,0,0,0,0,0,0,0,0,0,0,0,0,0,0,0,0,0,0,0,0,0,0,0,0,0,0,0,0,0,0,0,0,0,0,0,0,0,0,1,1,0,0,1,3,0,0,0,2,0,0,0,0,0,0,0,42,172,70,0,0,0,0,0,0,0,0,0,0,0,0,0,0,0,0,0,0,0,0,0,0,0,0,0,0,0,0,0,0,0,0,0,0,0,0,0,1,0,0,0,1,0,0,0,0,3,0,0
224,122,36,52,52,52,52,51,52,52,52,51,48,46,44,42,39,36,34,34,35,37,40,42,44,46,47,47,59,61,49,53,28,1,39,53,49,51,50,56,64,56,52,53,53,53,53,52,52,52,53,54,55,53,47,165,188,59,49,56,56,56,55,55,55,55,55,56,56,61,49,4,27,62,57,53,51,54,54,47,43,49,49,47,46,43,49,55,43,39,36,27,32,35,32,29,26,23,22,20,18,18,16,14,13,11,9,7,5,4,3,1,1,1,0,0,10,14,1,0,0,0,0,0,0,0,0,0,0,0,0,0,0,0,0,0,0,0,0,0,0,0,0,0,0,0,0,0,0,0,0,0,0,0,0,0,0,0,0,0,0,0,0,0,0,0,0,0,0,0,0,0,0,0,0,0,0,0,0,0,0,1,0,0,0,1,0,0,0,0,0,0,0,0,0,0,0,0,0,0,0,0,0,0,0,0,0,0,0,0,0,0,0,0,0,0,0,165,161,0,0,0,0,0,0,0,0,0,0,20,195,121,0,0,0,0,0,0,0,0
42,51,58,56,56,55,54,54,55,49,36,31,82,147,75,16,13,18,102,130,37,26,37,40,47,32,22,47,54,52,51,49,51,53,50,50,52,52,52,53,54,43,102,148,70,51,60,55,55,55,56,55,57,59,59,48,47,57,31,24,42,53,57,55,54,57,58,54,53,53,54,59,44,36,49,49,47,45,33,97,131,48,29,35,34,33,31,29,28,15,49,130,66,8,19,18,5,31,131,72,0,5,4,3,2,1,2,0,0,0,2,0,0,0,0,0,0,0,0,0,0,0,0,0,0,0,0,0,0,0,0,0,0,0,0,0,0,0,0,0,0,0,0,0,0,0,0,0,0,0,0,0,0,0,0,0,0,0,0,0,0,0,0,0,0,0,0,0,19,124,67,0,0,0,0,0,0,0,0,0,0,0,1,105,87,0,0,0,0,0,0,0,0,0,2,0,0,0,2,0,0,0,0,0,0,0,0,0,0,0,0,0,0,0,85,115,6,0,0,1,1,0,0,0,0,0,0,0,1,0,0,0,2,0,0,0,0,0,0,0
59,58,58,58,58,57,56,55,40,82,207,125,28,36,40,42,38,34,23,19,29,31,34,38,41,47,50,49,49,49,49,47,57,67,55,51,54,55,55,55,55,70,61,46,61,23,8,54,59,56,56,58,58,57,56,56,55,55,39,127,206,82,36,50,51,13,9,46,45,42,39,27,152,187,42,26,35,34,32,30,29,27,27,26,24,23,21,20,17,14,12,10,9,7,5,6,6,1,0,0,2,1,0,0,0,0,0,41,205,94,0,0,0,0,0,0,0,0,0,0,0,0,0,0,0,0,0,0,0,0,0,0,0,0,0,0,0,0,0,0,0,0,0,0,0,0,0,0,0,0,0,0,0,0,0,0,0,0,0,0,0,0,0,0,0,0,0,1,0,0,0,1,0,0,0,0,0,0,0,0,0,0,0,0,0,0,0,0,0,0,0,0,0,0,0,33,201,104,0,0,0,0,0,0,0,0,0,0,0,0,0,0,0,1,0,0,0,0,0,0,0,0,0,0,0,0,0,0,0,0,0,0,0,0,0,0,0,0,0,0
50,51,51,51,51,51,50,49,49,48,43,20,20,48,48,44,42,40,38,36,35,36,38,39,42,44,46,47,49,49,49,43,73,104,64,49,55,56,57,56,59,101,92,53,56,58,58,55,55,55,54,53,53,52,51,53,38,14,35,44,35,30,119,155,49,32,32,39,148,120,18,26,20,17,23,24,23,21,21,19,17,16,15,14,13,11,10,8,6,4,2,2,0,59,154,41,0,0,0,0,0,0,0,0,0,0,1,0,0,0,1,0,0,0,0,0,0,0,0,0,0,0,0,0,25,150,76,0,0,0,0,0,0,0,0,0,0,0,0,0,66,169,170,69,0,0,0,0,0,0,0,0,0,0,0,0,0,0,0,0,0,0,0,0,0,0,0,0,0,0,0,0,0,0,0,0,0,0,0,0,0,0,0,0,0,0,0,0,0,0,0,0,0,0,1,0,0,0,1,0,0,0,0,0,0,0,0,0,0,0,0,0,0,0,0,0,0,121,119,0,0,0,0,0,0,0,0,0,0,0,0,0,0,0,0,0,0,0,0,0
