0,0,0,0,0,0,0,0,0,0,0,0,0,0,0,0,0,0,0,0,0,0,0,1,1,2,2,3,4,5,5,6,7,8,8,9,10,11,12,13,14,15,16,17,19,20,22,24,25,27,28,29,30,31,32,33,34,35,37,38,39,40,42,44,45,47,49,51,52,53,54,56,57,58,59,60,61,62,63,64,65,66,68,69,70,70,70,69,68,66,65,64,63,62,62,62,63,65,67,71,76,82,90,98,108,118,129,140,152,163,175,186,196,206,215,222,229,234,237,238,238,235,231,225,218,209,200,189,178,166,154,142,130,118,106,95,85,75,67,59,54,49,46,43,42,41,40,41,41,42,43,44,44,45,44,44,42,40,38,36,35,33,31,30,28,27,26,24,23,22,21,19,18,16,15,13,11,10,9,8,7,6,5,5,4,4,3,3,2,2,2,1,1,0,0,0,0,0,0,0,0,0,0,0,0,0,0,0,0,0,0,0,0,0,0,0,0,0,0,0,0,0,0,0,0,0,0,0,0,0,0,0,0,0,0,0,0,0,0,0
0,0,0,0,0,0,0,0,0,0,0,0,0,0,0,0,0,0,0,0,0,0,0,0,1,1,2,3,3,4,5,6,6,7,8,8,9,10,11,12,13,14,15,16,18,19,21,22,24,25,26,28,29,30,31,32,33,34,35,36,38,39,40,42,44,46,47,49,50,52,53,54,55,56,57,58,59,60,61,62,64,65,66,68,69,69,69,69,68,67,67,66,65,65,65,65,66,68,70,73,77,81,87,94,101,109,117,126,135,144,152,161,168,176,182,188,193,197,199,200,199,197,194,189,184,177,170,162,153,144,135,126,116,107,98,89,81,74,67,61,56,53,50,48,47,46,45,45,46,46,46,47,47,47,46,45,44,41,39,37,35,33,32,30,28,27,25,23,22,20,19,17,16,14,12,11,9,8,6,5,5,4,3,3,2,2,2,2,1,1,1,1,0,0,0,0,0,0,0,0,0,0,0,0,0,0,0,0,0,0,0,0,0,0,0,0,0,0,0,0,0,0,0,0,0,0,0,0,0,0,0,0,0,0,0,0,0,0,0,0
0,0,0,0,0,0,0,0,0,0,0,0,0,0,0,0,0,0,0,0,0,0,0,0,1,1,2,2,3,4,4,5,5,6,7,7,8,9,9,10,11,12,13,14,15,17,18,20,21,23,24,25,26,27,28,29,30,31,32,34,35,36,38,40,41,43,45,46,48,49,50,51,52,53,54,55,56,57,59,60,61,62,64,65,66,67,68,69,69,70,70,70,70,70,71,71,72,73,74,76,78,80,83,86,89,93,97,100,104,107,111,114,118,120,123,125,127,128,129,129,129,127,126,124,121,118,115,112,108,104,100,95,91,87,83,79,75,71,67,64,62,60,58,57,56,56,55,55,55,54,54,54,53,52,50,48,46,43,40,37,34,31,29,26,23,20,17,14,12,9,7,4,2,0,0,0,0,0,0,0,0,0,0,0,0,0,0,0,0,0,0,0,0,0,0,0,0,0,0,0,0,0,0,0,0,0,0,0,0,0,0,0,0,0,0,0,0,0,0,0,0,0,0,0,0,0,0,0,0,0,0,0,0,0,0,0,0,0,0,0
0,0,0,0,0,0,0,0,0,0,0,0,0,0,0,0,0,0,0,0,0,0,0,0,0,1,1,2,2,3,4,4,4,5,5,6,7,7,8,8,9,10,11,12,13,15,16,17,19,20,21,22,23,24,25,26,27,28,29,31,32,33,35,36,38,40,41,43,44,45,46,47,48,49,50,51,52,53,54,55,56,58,59,61,62,64,65,66,68,69,70,71,72,73,74,75,75,76,77,77,78,79,79,79,79,79,79,79,78,78,78,77,76,76,75,75,74,73,73,72,72,72,71,71,71,71,71,71,71,72,72,71,71,71,71,70,70,69,68,67,66,65,64,63,62,61,60,58,57,56,55,54,53,52,50,49,48,47,46,46,45,45,45,45,45,46,46,46,46,46,45,45,44,43,42,40,38,36,34,31,29,27,24,22,20,17,15,13,10,8,6,4,2,1,0,0,0,0,0,0,0,0,0,0,0,0,0,0,0,0,0,0,0,0,0,0,0,0,0,0,0,0,0,0,0,0,0,0,0,0,0,0,0,0,0,0,0,0,0,0
0,0,0,0,0,0,0,0,1,1,1,1,1,0,0,0,0,0,0,0,0,0,0,0,0,1,1,2,2,3,3,4,4,5,5,6,6,7,7,8,9,9,10,11,12,14,15,16,18,19,20,21,23,24,25,26,27,28,29,31,32,33,34,35,36,37,38,38,38,38,38,38,38,38,37,37,37,37,37,38,38,39,41,42,44,46,48,50,52,54,57,59,61,63,65,67,69,71,73,74,76,77,78,79,79,79,79,79,79,78,77,76,75,75,74,73,72,71,71,70,70,70,69,69,70,70,70,70,71,71,71,71,71,71,71,71,70,70,69,68,66,65,62,60,57,55,52,50,47,45,44,43,42,43,44,45,48,52,57,62,69,77,85,93,102,110,119,127,134,141,147,152,155,157,158,157,154,149,143,136,129,120,110,100,90,79,68,57,47,37,27,18,10,2,0,0,0,0,0,0,0,0,0,0,0,0,0,0,0,0,0,0,0,0,0,0,0,0,0,0,0,0,0,0,0,0,0,0,0,0,0,0,0,0,0,0,0,0,0,0
1,1,1,1,1,1,1,1,1,1,1,1,1,1,1,1,1,0,0,0,0,0,0,1,1,1,1,2,2,3,3,4,4,5,5,6,6,7,7,8,8,9,10,11,12,13,14,16,17,18,19,19,20,21,22,23,24,24,25,26,28,29,30,32,34,35,37,39,40,42,43,44,46,47,48,49,50,52,53,54,56,57,59,60,62,63,64,65,66,67,68,69,69,70,70,71,71,72,73,73,74,75,76,76,77,78,78,79,79,80,80,81,81,81,81,81,81,81,81,81,81,81,80,80,80,79,79,79,78,78,77,76,76,75,74,73,72,71,70,68,66,63,60,57,54,50,47,44,41,39,38,37,37,38,40,44,49,55,63,73,84,95,108,121,134,148,160,173,185,195,204,212,218,222,224,223,219,213,206,196,185,173,159,145,130,115,99,84,68,54,40,27,15,4,0,0,0,0,0,0,0,0,0,0,0,0,0,0,0,0,0,0,0,0,0,0,0,0,0,0,0,0,0,0,0,0,0,0,0,0,0,0,0,0,0,0,0,0,0,0
1,1,1,1,1,1,1,1,1,1,1,1,1,1,1,1,1,1,1,1,1,1,1,1,1,1,2,2,3,3,4,4,4,5,5,6,6,6,7,8,8,9,10,11,11,13,14,14,15,15,15,14,14,13,13,12,12,13,13,15,16,19,22,26,31,37,44,51,58,66,74,82,90,98,106,114,121,127,134,139,144,147,150,152,152,151,149,146,142,138,132,127,121,114,108,102,95,89,84,79,75,71,69,67,66,65,65,66,66,67,69,70,72,73,75,76,78,79,79,80,80,80,79,79,79,79,79,78,78,77,77,76,75,75,74,73,72,71,70,69,67,65,63,61,58,56,54,52,50,48,47,46,46,46,47,49,51,55,59,65,71,78,85,93,101,109,116,124,130,136,142,146,149,151,151,150,147,143,138,131,124,115,107,97,88,78,67,57,48,38,29,20,13,6,0,0,0,0,0,0,0,0,0,0,0,0,0,0,0,0,0,0,0,0,0,0,0,0,0,0,0,0,0,0,0,0,0,0,0,0,0,0,0,0,0,0,0,0,0,0
1,1,1,1,1,1,1,1,1,1,1,1,1,1,1,1,1,1,1,1,1,1,1,1,2,2,2,3,3,4,4,4,5,5,6,6,6,7,7,8,8,9,10,10,11,12,13,14,14,13,12,10,9,7,6,5,4,4,4,6,8,11,16,22,29,38,49,60,72,84,98,111,124,138,151,163,175,186,196,204,211,217,221,222,222,219,215,208,201,192,182,171,160,148,137,125,114,103,93,83,75,69,63,60,57,55,55,55,56,57,59,61,64,67,69,72,74,76,77,78,78,78,78,78,78,78,78,77,77,76,76,75,75,74,73,73,72,71,70,69,68,67,66,66,65,64,63,63,62,61,60,59,58,57,56,55,54,53,52,51,51,50,50,49,49,49,49,48,48,47,46,46,44,43,42,40,38,36,34,32,30,28,26,24,22,20,18,16,14,12,11,9,7,6,4,3,2,1,0,0,0,0,0,0,0,0,0,0,0,0,0,0,0,0,0,0,0,0,0,0,0,0,0,0,0,0,0,0,0,0,0,0,0,0,0,0,0,0,0,0
1,1,1,1,1,1,1,1,1,1,1,1,1,1,1,1,1,1,2,2,2,2,2,2,3,3,3,4,4,5,5,5,6,6,6,7,7,7,8,8,9,9,10,11,12,12,13,14,14,13,13,12,11,10,9,8,8,8,8,9,11,14,17,22,28,35,42,51,60,70,79,89,99,109,119,129,137,146,153,160,165,170,173,175,175,173,170,166,161,154,147,140,132,124,115,107,99,91,84,77,72,67,64,61,59,58,58,58,59,61,62,64,66,68,70,72,73,75,76,77,77,77,77,77,77,77,76,76,76,76,75,75,74,74,73,72,72,71,70,69,68,68,68,67,67,67,66,66,66,65,64,64,63,61,60,58,56,53,51,49,46,44,41,38,36,33,31,28,26,23,21,19,16,14,12,10,8,6,5,4,3,3,2,2,2,2,2,2,3,3,3,3,3,2,2,2,2,2,2,2,2,2,2,2,2,2,2,2,2,1,1,1,0,0,0,0,0,0,0,0,0,0,0,0,0,0,0,0,0,0,0,0,0,0,0,0,0,0,0,0
1,1,0,0,1,1,1,1,1,1,1,1,1,1,2,2,2,2,2,2,2,3,3,3,3,4,4,5,5,6,6,6,7,7,7,8,8,8,9,9,9,10,10,11,12,13,13,14,15,15,16,16,16,16,17,17,17,18,18,19,20,22,23,25,27,30,32,35,37,40,43,45,48,51,53,56,58,61,63,65,67,69,71,73,74,75,75,75,75,75,74,74,73,72,71,70,69,69,68,68,67,67,67,68,68,69,69,70,70,71,72,72,73,73,74,75,75,75,76,76,76,76,76,76,76,76,76,76,76,75,75,75,74,74,73,72,72,71,70,70,69,68,68,67,67,66,66,65,65,64,63,63,62,61,59,58,57,55,54,52,51,50,49,48,46,45,44,43,42,41,39,38,36,34,32,30,28,25,23,21,19,18,16,14,12,11,9,8,6,5,4,2,1,0,0,0,0,0,0,0,0,0,0,0,0,0,0,1,1,1,1,0,0,0,0,0,0,0,0,0,0,0,0,0,0,0,0,0,0,0,0,0,0,0,0,0,0,0,0,0
1,1,1,1,1,1,1,1,1,1,1,2,2,2,2,2,2,2,3,3,3,3,3,4,4,4,5,5,5,6,6,6,7,7,7,7,8,8,8,9,9,9,10,10,11,12,13,14,14,15,16,17,18,18,19,20,21,21,22,23,23,24,25,25,26,27,27,27,27,27,26,26,25,25,24,24,24,24,24,24,25,26,27,29,30,32,34,36,38,40,42,44,47,49,51,53,55,58,60,62,64,66,68,69,71,72,73,74,74,75,75,75,75,75,76,76,76,76,76,76,76,77,77,77,77,77,77,77,77,77,77,76,76,76,75,75,74,73,73,72,72,71,70,70,69,69,68,68,67,67,66,65,64,63,62,61,60,58,57,56,55,54,53,52,51,50,49,48,47,46,45,44,42,40,38,36,34,32,30,28,26,24,22,20,19,17,15,14,12,11,9,7,6,4,3,1,0,0,0,0,0,0,0,0,0,0,0,0,0,0,0,0,1,4,7,11,15,19,24,28,33,38,42,47,52,56,60,65,69,72,76,79,81,83,84,85,85,85,85,84
1,1,1,1,1,1,2,2,2,2,2,2,2,2,2,2,2,3,3,3,3,3,3,4,4,4,4,5,5,5,6,6,6,6,7,7,7,7,7,8,8,9,9,10,10,11,12,12,13,14,15,15,16,16,17,18,18,19,20,20,21,22,23,24,25,26,27,28,29,30,30,31,31,32,32,33,34,34,35,36,37,38,40,41,43,44,46,47,48,49,51,52,53,54,55,57,58,59,60,62,63,65,66,67,68,69,70,71,72,73,73,74,74,75,75,75,76,76,77,77,77,78,78,78,79,79,79,79,79,79,79,79,79,78,78,78,77,77,76,75,75,74,74,73,73,72,72,71,71,70,69,69,68,67,66,64,63,62,60,59,58,57,56,55,54,53,52,51,50,49,48,47,45,44,42,40,38,36,34,33,31,30,28,27,25,24,23,21,20,19,17,16,14,13,11,9,6,3,0,0,0,0,0,0,0,0,0,0,0,0,0,0,1,10,19,29,39,50,62,74,86,98,111,123,135,147,158,169,179,189,198,205,212,216,219,221,222,222,221,220
2,2,2,2,2,2,2,2,2,2,2,2,2,3,3,3,3,3,3,3,4,4,4,4,4,5,5,5,6,6,6,6,7,7,7,7,7,7,7,8,8,8,9,9,10,10,11,12,12,13,14,14,15,15,16,16,17,18,18,19,20,21,22,23,24,26,27,28,29,30,31,32,33,34,34,35,36,37,38,39,41,42,43,45,46,48,49,50,51,52,53,54,55,55,56,57,58,59,60,61,62,64,65,66,67,68,69,70,71,72,73,73,74,75,75,76,77,77,78,78,79,80,80,81,81,81,81,82,82,82,82,82,82,81,81,81,80,80,80,79,79,78,78,78,77,77,76,76,75,74,74,73,72,71,70,69,68,67,66,65,64,63,62,61,60,60,59,58,57,56,55,54,53,51,49,48,46,44,42,41,40,38,37,36,34,33,32,31,29,28,26,25,23,21,19,16,13,10,6,2,0,0,0,0,0,0,0,0,0,0,0,0,1,9,18,28,39,50,61,73,85,98,110,122,135,146,158,169,179,189,198,205,212,216,219,221,222,222,221,220
1,1,1,1,1,2,2,2,2,2,2,2,3,3,3,3,3,4,4,4,4,5,5,5,5,6,6,6,7,7,7,7,7,7,8,8,8,8,8,8,8,8,9,9,10,10,11,12,12,13,13,14,14,15,16,16,17,17,18,19,20,21,22,23,24,25,26,28,29,30,30,31,32,33,34,35,35,36,37,39,40,41,43,44,46,47,48,49,50,51,52,53,54,55,56,57,58,59,60,61,62,64,65,66,68,69,70,71,72,73,73,74,75,76,76,77,77,78,79,80,80,81,81,82,82,83,83,83,83,83,83,83,83,83,83,82,82,82,82,81,81,81,80,80,79,79,79,78,78,77,76,76,75,74,74,73,72,71,70,69,69,68,68,67,67,67,66,66,65,65,64,63,62,60,59,57,55,53,52,50,48,47,45,43,42,40,38,37,35,33,31,29,27,25,22,20,17,15,12,10,7,5,3,1,0,0,0,0,0,0,0,0,0,3,6,9,13,17,22,26,31,36,41,46,51,55,60,64,68,72,76,79,81,83,84,85,85,85,85,84
2,2,2,2,2,2,2,2,2,2,2,3,3,3,3,3,4,4,4,5,5,5,5,6,6,6,7,7,7,8,8,8,8,8,8,8,8,9,9,9,9,9,9,10,10,11,11,12,13,13,14,14,15,15,16,16,17,18,18,19,20,21,22,23,24,25,26,27,28,28,29,30,30,31,32,32,33,34,35,36,37,38,39,41,43,44,45,47,48,49,50,51,52,53,55,56,57,58,60,61,62,64,66,67,68,70,71,72,73,74,74,75,76,77,77,78,79,80,80,81,82,83,83,84,85,85,85,86,86,86,86,86,86,86,86,86,86,86,85,85,85,85,85,85,85,85,85,84,84,84,83,83,82,81,80,79,78,76,74,73,71,70,68,67,65,64,62,61,59,58,56,54,53,51,49,47,45,44,42,41,40,40,39,38,38,37,37,36,35,35,34,33,31,30,28,26,24,23,21,20,19,17,16,15,14,12,11,10,8,7,5,3,1,0,0,0,0,0,0,0,0,0,0,0,0,0,0,0,0,0,0,0,0,0,0,0,0,0,0,0
2,2,2,2,2,2,2,2,2,2,3,3,3,3,3,4,4,4,4,4,5,5,5,5,6,6,6,7,7,7,8,8,8,8,8,9,9,9,9,9,10,10,10,11,11,12,12,13,14,14,15,16,17,17,18,19,19,20,21,21,22,22,23,23,24,24,24,24,24,23,23,22,22,21,20,20,20,20,20,20,20,21,22,24,26,28,30,32,34,36,38,40,43,45,47,50,52,54,57,59,62,64,66,68,70,72,73,74,75,76,76,77,78,78,79,79,80,80,81,82,83,84,85,86,86,87,87,88,88,88,89,89,89,89,89,89,89,89,89,89,89,90,90,91,91,91,92,92,92,92,92,91,90,89,87,85,82,79,76,72,68,64,60,56,52,47,43,39,35,31,27,24,21,18,15,13,12,11,11,11,12,14,15,17,19,22,24,26,28,30,31,32,33,33,33,32,31,30,29,28,26,25,23,22,20,18,16,14,12,10,8,6,4,2,0,0,0,0,0,0,0,0,0,0,0,0,0,0,0,0,0,0,0,0,0,0,0,0,0,0
3,3,3,3,3,3,3,3,3,3,3,3,4,4,4,4,4,4,5,5,5,5,5,6,6,6,7,7,7,8,8,8,9,9,9,9,9,10,10,10,10,11,11,12,12,13,13,14,14,15,15,15,16,16,16,17,17,17,18,18,19,20,21,22,24,25,27,29,30,32,33,35,36,38,39,41,42,44,45,47,48,50,51,53,55,56,57,58,58,59,59,59,60,60,60,61,61,62,62,63,64,65,66,68,69,70,71,72,73,74,75,76,77,78,79,80,81,82,83,84,85,86,87,88,89,89,90,91,91,92,92,92,93,93,93,93,94,94,94,94,94,95,95,96,97,98,98,98,99,99,98,98,97,95,93,91,87,84,79,75,70,65,60,54,49,43,38,32,27,22,18,13,10,6,3,1,0,0,0,1,3,5,8,11,14,18,21,24,28,31,33,35,37,38,38,38,37,36,35,34,32,30,28,26,24,21,19,17,15,13,11,9,7,6,5,4,3,2,2,1,1,1,1,1,1,1,1,1,0,0,0,0,0,0,0,0,0,0,0,0
3,3,3,3,3,3,4,4,4,4,4,4,5,5,5,5,5,6,6,6,6,7,7,7,7,8,8,8,9,9,9,10,10,10,10,10,10,11,11,11,11,11,12,12,13,13,14,14,14,13,12,11,10,9,8,7,7,6,7,8,9,11,15,19,24,30,37,44,52,60,69,78,87,96,104,113,121,128,135,141,146,150,153,155,155,154,152,148,144,139,133,126,120,113,106,99,92,85,80,74,70,67,64,63,62,61,62,62,64,65,67,69,71,73,76,78,80,82,84,86,87,88,89,90,91,92,93,93,94,94,95,95,96,96,96,96,97,97,97,97,97,98,98,99,99,99,100,100,100,99,99,98,98,96,95,93,91,88,86,83,79,76,73,70,66,63,59,56,53,49,46,43,41,38,36,34,32,31,31,31,31,32,33,34,35,36,38,39,40,41,42,42,42,42,41,40,38,37,35,34,32,30,28,27,25,23,21,19,17,15,13,11,10,8,7,6,5,4,3,3,2,2,2,2,1,1,1,1,1,0,0,0,0,0,0,0,0,0,0,0
4,4,4,4,4,4,5,5,5,5,5,5,6,6,6,6,7,7,7,7,8,8,8,9,9,9,10,10,10,11,11,11,11,11,11,11,11,11,12,12,12,12,12,13,13,14,14,14,13,12,10,9,6,4,3,1,0,0,0,1,3,6,11,17,24,33,43,55,67,80,93,107,121,135,148,161,173,185,195,204,212,217,221,223,223,220,216,209,201,192,182,171,160,148,136,124,112,102,91,82,74,68,63,60,58,56,56,57,58,60,62,65,68,71,75,78,81,84,86,88,90,91,92,93,94,94,95,96,96,97,97,98,98,99,99,99,99,100,100,100,100,100,100,100,100,100,100,100,99,99,99,98,97,97,96,95,94,93,92,91,90,90,89,88,87,86,86,85,84,83,81,80,79,77,75,73,72,70,68,67,65,64,63,62,60,59,58,57,55,54,52,50,48,46,43,41,39,37,35,33,31,30,28,27,25,24,22,21,19,18,16,14,12,11,9,8,7,6,5,5,4,3,3,3,2,2,2,1,1,1,0,0,0,0,0,0,0,0,0,0
6,6,6,6,6,6,6,6,6,6,6,6,7,7,7,7,7,7,8,8,8,8,9,9,9,9,10,10,10,11,11,11,11,11,11,12,12,12,12,12,12,13,13,13,14,14,15,15,15,14,13,12,11,10,8,8,7,7,7,8,10,12,15,20,25,32,39,47,55,64,74,83,93,102,112,121,129,137,144,151,156,161,164,166,166,165,162,158,153,147,141,134,126,119,111,103,96,89,82,77,72,68,66,64,63,63,63,64,65,67,69,71,73,76,79,81,84,86,88,90,91,93,94,95,96,97,98,98,99,99,100,100,101,101,101,102,102,102,103,103,103,103,103,103,103,103,103,103,103,102,102,101,101,100,100,99,98,98,97,97,96,96,96,95,95,95,94,94,93,93,92,91,90,88,87,85,83,81,79,78,76,74,73,71,69,67,66,64,62,60,57,55,53,50,47,45,42,40,38,36,35,33,31,30,28,27,26,24,23,21,19,18,16,14,12,11,9,8,7,6,6,5,4,4,3,3,2,2,1,1,0,0,0,0,0,0,0,0,0,0
6,6,6,6,6,6,7,7,7,7,7,7,7,7,7,7,8,8,8,8,8,8,8,9,9,9,9,10,10,10,11,11,11,11,12,12,12,12,12,13,13,13,14,14,15,15,16,16,17,17,17,18,18,18,18,19,19,19,20,20,21,22,23,25,27,28,30,32,34,36,38,40,42,44,46,48,50,52,53,55,57,59,61,62,64,65,65,66,66,66,66,66,66,66,65,65,65,65,66,66,67,68,69,70,72,73,74,75,76,78,79,80,81,83,84,85,87,88,90,91,92,94,95,96,97,98,99,100,100,101,101,102,102,103,103,103,104,104,105,105,105,105,106,106,106,106,106,106,106,106,105,105,104,104,103,102,102,101,100,99,98,97,96,96,95,94,93,92,91,90,89,87,86,84,83,81,79,77,75,74,73,71,70,69,68,67,65,64,63,61,59,57,55,53,51,48,46,44,42,40,38,37,35,34,32,30,29,27,26,24,22,20,18,16,14,13,11,10,9,8,7,6,5,5,4,3,3,2,2,1,0,0,0,0,0,0,0,0,0,0
7,7,7,7,7,7,7,7,7,7,8,8,8,8,8,8,8,8,9,9,9,9,9,10,10,10,11,11,11,12,12,12,12,13,13,13,13,14,14,14,15,15,15,16,16,17,17,18,19,19,20,21,21,22,23,23,24,24,25,25,26,26,27,27,27,28,28,27,27,26,26,25,24,23,23,22,22,22,22,22,22,23,24,26,28,29,31,33,35,38,40,42,44,47,49,52,54,57,60,62,65,68,70,73,75,76,78,79,81,82,83,84,85,85,86,87,88,89,90,92,93,95,96,97,98,99,100,101,101,102,103,103,104,104,104,105,105,106,106,107,107,107,108,108,108,108,108,108,108,108,108,107,107,106,106,105,104,103,102,101,101,100,99,98,97,96,95,94,93,92,90,89,88,86,84,82,80,79,77,76,75,73,72,71,70,69,68,67,65,64,62,60,58,56,54,51,49,47,45,43,41,40,38,36,35,33,31,30,28,26,24,22,20,18,16,14,13,11,10,9,8,7,6,5,5,4,3,2,2,1,0,0,0,0,0,0,0,0,0,0
7,7,7,7,7,7,7,7,8,8,8,8,8,9,9,9,9,9,10,10,10,10,11,11,11,12,12,12,13,13,14,14,14,14,15,15,15,15,15,16,16,16,17,17,18,18,19,19,20,20,21,21,21,22,22,22,23,23,24,24,25,25,26,27,28,28,29,30,30,31,31,32,32,33,33,33,34,35,36,36,37,39,40,42,43,45,46,47,49,50,51,52,54,55,56,57,59,60,62,64,66,68,70,72,73,75,76,78,79,80,81,82,83,85,86,87,88,89,91,92,94,95,96,97,99,100,100,101,102,102,103,104,104,104,105,105,106,106,107,107,108,108,108,108,109,109,109,109,109,109,108,108,108,107,106,106,105,104,103,102,101,100,100,99,98,97,96,95,94,93,91,90,88,87,85,83,81,80,78,77,76,74,73,72,71,70,69,68,66,65,63,62,59,57,55,52,50,48,46,44,43,41,39,38,36,34,33,31,29,27,25,23,21,19,17,15,13,12,11,9,8,7,6,6,5,4,3,3,2,1,0,0,0,0,0,0,0,0,0,0
8,8,8,8,8,8,8,8,8,9,9,9,9,9,10,10,10,10,10,11,11,11,11,12,12,12,13,13,14,14,14,15,15,15,15,16,16,16,16,16,17,17,17,18,18,19,19,20,20,21,21,22,22,22,23,23,23,24,24,25,25,26,27,27,28,30,30,31,32,33,34,34,35,36,36,37,38,39,40,41,42,43,45,46,48,49,50,51,52,53,54,55,56,57,58,60,61,62,63,65,67,68,70,72,74,75,76,78,79,80,81,83,84,85,86,87,88,90,91,92,94,95,97,98,99,100,101,102,102,103,104,104,105,105,106,106,106,107,107,108,108,109,109,109,110,110,110,110,110,110,109,109,109,108,108,107,106,105,104,104,103,102,101,100,99,98,97,96,95,94,93,91,90,88,87,85,83,81,80,78,77,76,75,74,73,72,71,69,68,66,65,63,61,59,56,54,52,50,48,46,44,43,41,40,38,36,35,33,31,29,27,25,23,21,19,17,15,14,12,11,10,8,7,6,6,5,4,3,2,1,0,0,0,0,0,0,0,0,0,0
9,9,9,9,9,9,9,9,9,10,10,10,10,10,10,10,10,11,11,11,11,11,11,12,12,12,13,13,13,14,14,14,14,15,15,15,15,15,16,16,16,17,17,17,18,18,19,20,20,21,21,22,22,22,23,23,24,24,25,25,26,27,27,28,29,30,31,32,33,34,35,35,36,37,37,38,39,40,41,42,43,44,46,47,49,50,51,52,53,55,56,56,57,58,59,61,62,63,64,66,68,69,71,73,74,76,77,79,80,81,82,83,84,85,86,88,89,90,91,93,94,96,97,98,99,100,101,102,102,103,104,104,105,105,106,106,107,107,108,108,109,109,109,110,110,110,110,110,110,110,110,110,109,109,108,108,107,106,105,104,104,103,102,101,100,99,98,97,96,95,94,93,91,89,88,86,84,82,81,79,78,77,76,75,73,72,71,70,68,67,65,63,61,59,57,55,52,51,49,47,46,44,43,41,40,38,37,35,33,31,29,27,25,23,21,19,17,15,14,12,11,10,8,7,6,5,4,3,2,1,0,0,0,0,0,0,0,0,0,0
10,10,10,10,10,10,10,10,10,10,10,10,11,11,11,11,11,11,11,11,11,12,12,12,12,12,13,13,13,14,14,14,15,15,15,15,15,16,16,16,17,17,17,18,18,19,20,20,21,21,22,22,23,23,23,24,24,25,25,26,27,27,28,29,30,31,32,33,34,35,35,36,37,37,38,39,40,40,41,42,44,45,46,48,49,51,52,53,54,55,56,57,58,59,60,61,63,64,65,67,68,70,72,74,75,77,78,79,81,82,83,84,85,86,87,88,90,91,92,94,95,97,98,99,100,101,102,103,103,104,105,105,106,106,106,107,107,108,108,109,109,110,110,110,111,111,111,111,111,111,111,110,110,110,109,108,108,107,106,105,105,104,103,102,101,101,100,99,98,97,95,94,93,91,89,87,86,84,82,81,80,78,77,76,75,74,72,71,70,68,67,65,63,60,58,56,54,52,50,49,47,46,45,43,42,40,39,37,36,34,32,30,28,25,23,21,19,17,16,14,13,11,10,8,7,6,5,4,3,1,0,0,0,0,0,0,0,0,0,0
10,10,10,10,10,10,10,10,10,10,10,10,11,11,11,11,11,11,11,11,12,12,12,12,13,13,13,14,14,14,15,15,15,16,16,16,16,17,17,17,18,18,18,19,20,20,21,21,22,22,23,23,24,24,24,25,25,25,26,26,27,28,28,29,30,31,32,33,34,35,35,36,37,37,38,39,39,40,41,42,43,45,46,48,49,51,52,53,54,55,56,57,58,59,61,62,63,64,66,67,69,71,73,74,76,77,79,80,81,83,84,85,86,87,88,89,91,92,93,95,96,98,99,100,101,102,103,104,104,105,106,106,107,107,107,108,108,109,109,110,110,111,111,111,111,111,111,111,111,111,111,111,110,110,109,109,108,107,106,106,105,104,103,103,102,101,100,99,99,97,96,95,94,92,90,89,87,85,84,82,81,80,79,77,76,75,74,72,71,69,68,66,64,62,59,57,55,53,52,50,49,47,46,45,43,42,40,39,37,35,33,31,29,27,24,22,20,18,17,15,13,12,10,9,8,6,5,4,3,2,0,0,0,0,0,0,0,0,0,0
10,10,10,10,10,10,10,10,10,10,10,10,10,11,11,11,11,11,11,12,12,12,12,13,13,13,14,14,14,15,15,15,16,16,16,17,17,17,18,18,18,19,19,19,20,21,21,22,22,23,23,23,24,24,24,25,25,25,26,26,27,27,28,29,30,31,32,33,33,34,35,36,36,37,38,38,39,40,41,42,43,45,46,48,49,51,52,53,54,55,56,57,58,59,60,61,62,63,65,66,68,70,72,74,75,77,78,80,81,82,84,85,86,87,88,90,91,92,94,95,97,98,100,101,102,103,104,105,105,106,107,107,108,108,108,109,109,110,110,111,111,111,112,112,112,112,112,112,112,112,112,111,111,110,110,109,109,108,107,106,106,105,104,104,103,102,101,101,100,99,98,96,95,94,92,90,88,87,85,84,83,82,80,79,78,77,76,74,73,71,70,68,66,64,61,59,57,56,54,52,51,50,48,47,46,44,43,41,40,38,36,34,31,29,26,24,22,20,19,17,15,14,12,11,9,8,7,6,4,3,2,1,0,0,0,0,0,0,0,0
10,10,10,10,10,10,10,10,10,10,10,10,11,11,11,11,11,11,12,12,12,12,12,13,13,13,14,14,15,15,15,15,16,16,16,16,16,17,17,17,17,18,18,19,19,20,20,21,22,22,23,23,24,24,25,25,26,26,27,27,28,29,30,31,32,33,34,35,36,36,37,38,39,40,40,41,42,43,43,44,45,46,47,48,48,49,49,49,49,49,49,49,49,49,49,49,49,50,51,52,53,55,57,59,61,63,66,68,70,72,75,77,79,81,84,86,88,91,93,95,97,99,101,102,104,105,106,106,107,107,108,108,109,109,109,109,110,110,111,111,111,112,112,112,113,113,113,113,113,112,112,112,112,111,111,110,109,108,108,107,106,106,105,104,103,103,102,101,100,99,98,97,96,94,93,91,90,89,88,87,86,85,84,84,83,82,82,81,80,78,77,75,74,71,69,67,65,63,61,59,57,56,54,52,50,49,47,45,43,40,38,36,33,30,28,26,24,22,20,18,17,15,14,13,11,10,9,8,7,6,4,3,2,2,1,1,1,1,1,1
10,10,10,10,10,10,10,10,10,10,10,10,11,11,11,11,11,11,12,12,12,12,12,13,13,13,14,14,14,15,15,15,15,15,16,16,16,16,16,17,17,17,17,18,18,19,19,20,20,20,21,21,21,21,22,22,22,23,23,23,24,25,25,26,27,28,29,30,31,32,33,34,34,35,36,37,38,39,40,41,43,44,46,48,49,51,53,54,55,57,58,59,60,61,63,64,65,67,68,70,71,73,75,77,79,80,81,82,84,85,86,87,87,88,89,90,91,93,94,95,97,98,99,101,102,103,104,104,105,106,107,107,108,108,109,109,110,111,111,112,112,112,113,113,113,113,114,114,114,113,113,113,113,112,112,111,110,110,109,108,108,107,107,106,105,105,104,103,102,101,100,99,98,96,95,93,91,89,88,86,85,84,82,81,80,78,77,76,74,72,71,69,67,65,63,60,59,57,56,54,53,52,51,50,48,47,46,45,43,42,40,38,36,33,31,29,27,26,24,22,21,19,18,16,15,14,12,11,10,9,7,6,5,5,4,4,4,4,4,4
10,10,10,10,10,10,10,10,10,10,10,10,10,11,11,11,11,11,11,11,12,12,12,12,12,13,13,13,14,14,15,15,16,16,16,17,17,18,18,18,19,19,19,19,19,19,19,19,19,18,17,17,16,15,14,13,12,12,11,11,10,10,11,11,12,13,14,14,15,15,16,16,17,18,19,20,22,24,27,30,33,38,43,49,55,62,68,76,83,90,98,105,112,119,125,132,137,143,147,151,155,157,159,159,158,156,154,150,146,142,137,132,127,122,117,112,107,103,100,97,95,94,93,93,93,94,95,96,97,99,101,102,104,106,107,109,110,111,112,113,113,114,114,114,115,115,115,115,115,115,114,114,114,113,113,112,112,111,111,110,110,110,110,110,110,110,109,109,108,107,106,105,103,100,98,95,91,87,83,80,75,71,67,63,59,55,51,47,44,40,37,34,31,28,26,25,24,24,24,25,26,27,29,30,32,34,35,37,38,39,39,39,39,38,37,35,34,32,31,29,27,25,23,21,19,17,16,14,12,11,9,8,7,7,6,6,6,6,6,6
10,10,10,10,10,10,10,10,10,10,10,10,10,10,11,11,11,11,11,11,11,12,12,12,12,12,13,13,13,14,14,15,15,16,16,17,17,18,18,18,19,19,19,19,18,18,18,17,16,15,13,12,10,8,7,5,4,2,1,0,0,0,0,0,0,1,2,2,2,2,3,3,3,4,5,7,9,12,16,20,26,32,40,49,59,69,80,92,104,116,128,140,152,163,174,184,193,201,208,214,219,222,223,222,219,215,209,202,195,186,177,167,157,147,137,128,119,111,104,98,94,91,88,87,87,87,88,89,91,93,96,98,101,104,106,109,110,112,113,114,114,115,115,115,116,116,116,116,116,116,116,115,115,115,114,114,113,112,112,112,112,112,113,113,114,114,114,114,113,112,111,109,107,104,100,96,91,86,80,75,69,62,56,50,44,38,32,26,21,16,11,7,4,1,0,0,0,0,0,3,6,9,12,16,20,24,28,31,35,37,39,41,42,42,41,41,39,38,36,34,32,30,28,25,23,21,18,16,14,12,11,10,9,8,8,7,7,7,7,8
10,10,10,10,10,10,10,10,10,10,10,10,11,11,11,11,11,12,12,12,12,12,13,13,13,13,13,13,13,13,13,13,13,12,12,12,12,12,11,11,11,11,10,10,10,9,9,9,8,8,7,6,6,5,4,4,3,3,3,3,3,4,4,5,6,8,9,9,10,10,11,11,12,13,14,15,17,19,22,26,30,35,41,48,56,64,72,81,90,99,108,117,126,134,142,150,157,163,169,174,178,180,181,181,180,177,173,169,163,157,151,144,137,130,123,117,111,105,101,97,94,92,91,90,90,91,92,93,95,97,99,101,103,106,108,110,111,113,113,114,115,115,116,116,116,117,117,117,117,117,117,116,116,116,115,115,114,114,113,113,113,113,113,114,114,114,113,113,112,112,110,109,107,104,101,98,94,90,85,81,76,71,67,62,57,52,48,43,39,35,31,28,25,23,20,19,19,19,20,21,23,25,27,30,32,35,37,39,41,43,44,44,44,44,43,42,40,39,37,35,33,31,29,27,25,22,20,19,17,15,14,13,12,11,10,10,10,10,10,10
10,10,10,10,10,10,10,10,10,10,10,10,11,11,11,12,12,12,13,13,13,14,14,14,14,14,14,13,13,12,12,11,10,9,8,7,6,5,4,3,2,2,1,1,1,1,1,2,2,3,3,4,5,6,7,8,9,11,12,13,15,16,18,20,21,23,25,26,27,28,29,29,30,31,32,33,34,35,36,37,39,41,44,46,49,52,54,57,60,62,65,67,70,72,74,77,79,81,83,85,87,89,91,93,94,94,95,95,95,95,94,94,94,93,93,93,93,93,93,94,95,96,97,98,99,100,101,102,103,104,106,107,108,109,110,111,112,112,113,114,115,115,116,116,117,117,117,117,117,117,117,117,117,116,116,116,115,114,114,114,113,113,112,112,111,111,110,110,109,108,107,106,104,103,101,99,97,95,93,92,90,88,86,85,83,81,79,78,76,74,72,70,68,66,64,62,61,59,58,57,57,56,56,55,55,54,53,52,52,50,49,48,46,44,42,40,38,36,34,33,31,29,28,26,24,23,22,20,19,18,16,15,14,13,13,13,13,13,13,13
10,10,10,10,10,10,10,10,10,10,10,10,11,11,11,11,12,12,12,12,13,13,13,13,13,13,13,12,12,12,11,10,9,8,7,6,6,5,4,3,2,2,2,1,2,2,2,3,4,5,6,7,8,10,11,13,14,16,17,19,21,22,24,26,27,29,31,32,33,34,35,36,37,38,38,39,40,40,41,41,42,43,44,45,45,46,46,46,46,45,45,45,45,44,44,44,45,45,46,47,48,50,52,54,56,59,61,63,65,68,70,72,75,77,80,82,85,87,90,92,95,97,99,101,102,103,105,105,106,107,108,108,109,109,110,110,111,112,112,113,114,115,115,116,116,117,117,117,117,117,117,117,117,117,116,116,116,115,115,114,114,113,113,112,111,111,110,109,108,107,106,106,104,103,102,101,100,99,98,98,97,97,97,96,96,95,95,94,93,92,91,90,88,87,85,83,81,79,77,76,74,72,71,69,67,66,64,62,59,57,54,52,49,46,43,40,37,35,32,30,28,26,24,22,20,18,16,14,13,11,9,8,7,6,5,5,5,5,5,5
10,10,10,10,10,10,10,10,10,10,10,10,10,10,10,10,11,11,11,11,11,11,11,11,11,11,11,11,11,11,11,11,11,11,10,10,10,10,9,9,9,9,9,10,10,10,11,11,12,12,13,14,14,15,16,16,17,18,19,19,20,21,23,24,25,26,27,28,29,30,31,32,33,33,34,35,36,37,38,38,40,41,42,44,45,46,47,48,48,49,50,50,51,52,52,53,54,55,56,58,59,61,63,65,67,69,70,72,74,75,77,78,80,82,83,85,87,88,90,92,94,96,98,99,100,101,102,103,104,105,106,106,107,107,108,109,110,110,111,112,113,114,114,115,115,116,116,116,116,117,117,117,117,116,116,116,116,115,115,115,114,114,113,113,112,112,111,110,110,109,108,107,106,105,104,102,101,100,99,98,97,96,96,95,94,93,92,92,91,89,88,87,85,83,81,79,78,76,75,74,73,72,70,69,68,67,65,64,62,59,57,54,51,48,44,41,38,35,32,29,26,23,21,18,15,13,10,8,6,3,1,0,0,0,0,0,0,0,0,0
10,10,10,10,10,10,10,10,10,10,10,10,10,10,10,10,10,10,10,10,10,10,10,10,10,10,11,11,11,11,11,11,12,12,12,12,12,12,13,13,13,13,14,14,15,15,16,16,16,17,17,17,18,18,18,18,19,19,19,20,20,21,22,22,23,24,25,26,27,28,28,29,30,31,31,32,33,34,35,36,37,39,40,42,43,45,46,47,48,49,50,51,52,53,54,55,56,57,59,60,62,64,66,68,69,71,72,74,75,76,77,78,80,81,82,83,85,86,88,89,91,93,94,96,97,98,99,100,101,102,103,103,104,105,106,106,107,108,109,110,111,111,112,113,113,114,114,114,115,115,115,115,115,115,115,114,114,114,114,114,113,113,113,112,112,112,111,111,110,109,108,108,107,106,104,103,102,101,100,99,98,97,96,95,94,93,92,91,90,89,87,86,84,82,80,78,76,74,72,71,69,67,65,64,62,61,59,58,57,56,55,55,54,54,54,54,55,55,56,57,58,59,61,62,63,64,66,67,68,69,70,70,71,71,71,71,71,71,71,71
10,10,10,10,10,10,10,10,10,10,10,10,10,10,10,10,10,10,10,10,10,10,10,10,10,10,10,11,11,11,11,11,11,11,12,12,12,12,12,12,13,13,13,13,14,14,15,15,15,16,16,16,17,17,17,17,18,18,18,19,19,20,21,21,22,23,24,25,26,27,27,28,29,30,30,31,32,33,34,35,36,38,39,41,42,44,45,46,47,48,49,50,51,52,53,54,55,56,58,59,61,62,64,66,67,69,70,71,73,74,75,76,77,78,79,80,81,83,84,86,88,89,91,92,94,95,96,97,98,99,100,101,102,103,104,104,105,106,107,108,109,110,111,111,112,112,112,113,113,113,113,113,113,113,113,112,112,112,112,112,112,111,111,111,111,110,110,110,109,108,108,107,106,105,104,103,102,101,99,98,98,97,96,95,94,93,92,91,90,88,87,85,84,82,80,77,75,72,68,65,62,59,56,53,51,49,47,47,47,48,49,52,56,61,66,73,79,86,94,102,110,118,126,134,143,150,158,166,172,179,185,190,194,197,199,200,201,201,200,199
10,10,10,10,10,10,10,10,10,10,10,10,10,10,10,10,10,10,10,10,10,10,11,11,11,11,11,11,11,12,12,12,12,12,12,12,12,12,12,12,13,13,13,13,14,14,14,15,15,15,16,16,16,16,17,17,17,17,18,18,19,19,20,21,22,23,24,24,25,26,26,27,28,29,29,30,31,32,33,34,35,36,38,39,40,42,43,44,45,46,47,48,49,50,51,52,53,54,55,57,58,60,62,63,65,66,67,68,69,70,71,72,73,74,75,76,77,79,80,82,84,85,87,88,90,91,92,93,94,95,96,97,98,99,100,101,102,103,104,105,106,106,107,107,108,108,109,109,109,109,109,109,109,109,109,109,109,109,109,109,109,108,108,108,108,108,107,107,107,106,106,105,104,103,102,101,100,99,98,97,96,96,95,94,93,92,91,90,89,88,86,85,83,82,80,77,74,71,68,64,60,57,54,51,48,46,45,45,45,46,49,52,57,63,70,78,86,95,104,113,123,133,143,153,162,172,181,190,198,206,213,219,224,228,230,232,232,232,232,230
8,8,8,8,8,8,8,8,8,9,9,9,9,9,9,10,10,10,10,10,11,11,11,11,11,12,12,12,12,13,13,13,13,13,13,13,13,13,14,14,14,14,14,14,15,15,15,16,16,16,16,17,17,17,17,17,17,18,18,18,19,19,20,21,22,22,23,24,25,25,26,26,27,28,28,29,30,31,32,33,34,35,36,38,39,40,41,42,43,44,45,46,47,48,49,50,51,52,53,55,56,58,60,61,63,64,65,66,67,68,69,70,71,72,73,74,75,77,78,80,81,83,84,86,87,88,89,90,91,92,93,94,95,95,96,97,98,99,100,101,102,103,103,104,104,105,105,105,106,106,106,106,106,106,106,106,106,106,106,106,106,106,106,106,105,105,105,105,104,104,103,103,102,101,100,99,98,97,97,96,95,94,94,93,92,91,90,90,89,87,86,85,84,82,80,78,76,74,72,69,67,65,63,61,59,58,56,56,55,55,55,56,57,59,61,64,67,70,73,77,81,84,88,92,96,100,104,107,110,113,116,118,120,122,123,123,123,123,123,123
8,7,7,7,7,8,8,8,8,8,8,9,9,9,9,9,10,10,10,11,11,11,11,12,12,12,13,13,13,14,14,14,14,14,14,14,14,15,15,15,15,15,15,15,16,16,16,17,17,17,17,17,18,18,18,18,18,19,19,19,20,20,21,21,22,23,23,24,25,25,26,26,27,27,28,29,29,30,31,32,33,34,35,36,38,39,40,41,42,43,43,44,45,46,47,48,49,50,51,53,54,56,57,59,60,61,62,64,65,66,66,67,68,69,70,71,73,74,75,77,78,80,81,82,83,84,85,86,87,88,89,89,90,91,92,92,93,94,95,96,97,98,99,99,100,100,101,101,101,101,102,102,102,102,102,102,102,102,102,102,102,102,102,102,102,102,102,101,101,100,100,99,99,98,97,96,96,95,94,94,93,92,92,91,90,90,89,88,87,86,85,84,83,81,80,78,77,76,75,74,73,72,71,71,70,69,67,66,65,63,61,59,57,54,52,49,47,45,43,41,38,36,34,32,31,29,27,25,24,22,20,19,18,17,16,16,16,16,16,16
8,8,8,8,8,8,9,9,9,9,9,9,9,10,10,10,10,10,11,11,11,11,12,12,12,12,13,13,13,14,14,14,14,14,14,14,14,15,15,15,15,15,15,15,16,16,16,17,17,17,18,18,18,18,18,19,19,19,20,20,20,21,21,22,23,23,24,25,25,26,26,27,27,28,28,29,29,30,31,32,33,34,35,36,37,38,39,40,41,42,42,43,44,45,46,47,48,49,50,51,52,54,55,57,58,59,60,61,62,63,64,65,66,67,67,68,70,71,72,73,75,76,77,79,80,81,82,82,83,84,85,85,86,87,88,88,89,90,91,92,93,94,95,95,96,96,97,97,98,98,98,98,99,99,99,99,99,99,100,100,100,100,100,100,99,99,99,99,98,98,98,97,96,96,95,94,94,93,92,92,91,90,90,89,89,88,87,87,86,85,84,83,81,80,78,77,76,75,74,74,73,72,72,71,70,69,68,67,65,64,62,59,57,54,51,48,46,43,40,37,35,32,30,27,25,22,20,18,16,14,12,10,9,8,7,6,6,6,6,7
10,10,10,10,10,10,10,10,10,10,10,10,10,10,11,11,11,11,11,11,11,12,12,12,12,12,13,13,13,13,14,14,14,14,14,14,15,15,15,15,15,15,16,16,16,17,17,17,18,18,18,19,19,19,19,20,20,20,21,21,21,22,22,23,24,25,25,26,26,27,27,28,28,29,29,30,30,31,32,32,33,34,35,36,38,39,39,40,41,42,43,43,44,45,46,46,47,48,49,50,52,53,54,56,57,58,59,60,60,61,62,63,64,64,65,66,67,68,69,70,72,73,74,75,76,77,78,79,80,80,81,82,82,83,84,85,85,86,87,88,89,90,91,91,92,93,93,94,94,94,95,95,95,95,96,96,96,96,96,97,97,97,97,97,97,96,96,96,96,95,95,95,94,93,93,92,91,91,90,90,89,88,88,87,87,86,85,85,84,83,82,81,80,79,77,76,75,74,73,72,71,70,69,68,67,67,65,64,63,62,60,59,57,55,53,51,49,48,46,44,43,42,40,39,37,36,35,34,32,31,30,29,28,28,27,27,27,27,27,27
10,10,10,10,10,10,10,10,10,10,10,10,11,11,11,11,11,11,11,11,12,12,12,12,12,13,13,13,14,14,14,15,15,15,15,16,16,16,16,16,17,17,17,18,18,19,19,19,20,20,20,21,21,21,21,21,22,22,22,23,23,23,24,24,25,26,27,27,28,28,29,29,30,30,31,31,32,33,33,34,35,36,37,38,39,40,41,42,42,43,44,44,45,46,46,47,48,49,50,51,52,53,54,55,56,57,58,59,60,61,62,63,63,64,65,66,66,67,68,69,69,70,70,71,71,71,71,70,70,70,70,70,70,70,70,70,71,71,72,73,74,75,76,78,79,80,81,83,84,85,86,87,89,90,91,91,92,93,94,94,94,94,95,95,94,94,94,94,93,93,92,92,91,91,90,89,89,88,88,87,87,87,86,86,85,85,84,84,83,82,81,80,79,78,77,76,75,74,73,72,71,70,69,68,67,66,65,64,63,61,60,58,56,54,53,51,49,48,46,45,43,42,41,39,38,37,36,35,33,32,31,30,30,29,29,28,28,28,28,28
10,10,10,10,10,10,10,10,10,10,10,10,10,11,11,11,11,11,11,12,12,12,12,12,13,13,13,14,14,15,15,15,16,16,16,17,17,17,18,18,18,19,19,19,20,20,21,21,22,22,22,22,23,23,23,23,23,23,24,24,24,25,25,26,26,27,28,29,29,30,30,31,31,32,33,33,34,35,35,36,37,38,39,40,41,42,43,43,44,45,45,46,47,47,48,48,49,50,51,52,53,54,55,56,57,58,59,59,60,61,62,62,63,64,64,65,66,66,67,68,69,69,70,70,70,70,70,70,70,70,70,70,70,70,70,71,71,72,73,73,74,75,76,77,78,80,81,82,83,84,85,86,86,87,88,89,90,90,91,91,91,91,92,92,91,91,91,91,91,90,90,89,89,88,88,87,87,87,86,86,86,85,85,85,85,84,84,83,83,82,81,81,80,78,77,76,75,74,73,72,71,70,69,68,67,66,65,64,63,61,60,58,56,55,53,51,50,48,47,45,44,43,41,40,39,38,37,36,35,34,33,32,31,30,30,30,30,30,30,30
10,10,10,10,10,10,10,10,10,10,10,10,10,11,11,11,11,11,11,12,12,12,12,13,13,13,14,14,15,15,15,16,16,16,17,17,17,18,18,18,19,19,20,20,21,21,22,22,23,23,23,23,24,24,24,24,25,25,25,25,26,26,27,27,28,29,30,30,31,32,32,33,33,34,35,35,36,36,37,38,39,40,41,42,43,44,44,45,46,47,47,48,48,49,49,50,51,51,52,53,54,55,56,56,57,57,57,57,56,56,56,56,56,56,57,58,59,61,63,66,69,73,77,81,86,90,95,100,105,109,114,118,122,126,129,132,134,136,137,137,137,136,134,132,129,126,123,119,115,112,108,104,100,97,93,90,88,86,84,83,82,82,81,81,82,82,82,83,84,84,85,85,86,86,86,86,85,85,85,85,84,84,84,84,84,83,83,83,82,81,81,80,79,78,77,76,75,74,73,72,72,71,70,69,68,67,66,65,64,62,61,59,58,56,54,53,51,50,48,47,46,45,43,42,41,40,39,38,37,36,35,34,34,33,33,33,32,32,33,33
10,10,10,10,10,10,10,10,10,10,10,10,10,11,11,11,11,11,11,12,12,12,12,13,13,13,14,14,14,15,15,16,16,16,16,17,17,17,18,18,18,19,19,20,20,21,21,22,22,23,23,24,24,24,24,25,25,25,26,26,27,27,28,29,29,30,31,32,32,33,34,34,35,35,36,36,37,38,38,39,40,41,42,43,44,45,46,46,47,48,48,49,50,50,51,51,52,53,54,54,55,56,57,57,57,56,55,54,52,51,50,49,49,49,49,50,53,56,60,65,71,78,87,96,105,115,125,136,146,156,166,175,183,191,198,204,208,211,213,213,211,207,203,197,190,182,174,165,155,146,136,127,118,109,101,94,88,83,79,76,74,72,72,72,72,73,74,76,78,79,81,83,84,85,85,85,85,84,84,84,84,84,83,83,83,83,82,82,82,81,80,80,79,78,77,76,75,74,74,73,72,71,71,70,69,68,67,66,65,64,63,61,59,58,56,55,53,52,51,49,48,47,46,45,44,43,42,41,40,39,38,37,36,36,35,35,35,35,35,35
10,10,10,10,10,10,10,10,10,10,10,10,11,11,11,11,11,11,11,11,12,12,12,12,13,13,13,14,14,15,15,15,16,16,16,16,17,17,17,18,18,18,19,19,20,21,21,22,22,23,23,24,24,24,25,25,26,26,26,27,27,28,29,30,30,31,32,33,34,34,35,35,36,36,37,38,38,39,40,40,41,42,43,44,45,46,47,48,48,49,50,50,51,52,52,53,54,54,55,56,57,58,58,59,58,58,57,55,54,53,52,51,51,51,51,53,55,57,61,66,72,79,86,95,103,113,122,132,141,151,160,168,176,183,190,195,199,202,203,203,201,198,193,188,181,174,166,158,149,140,132,123,114,106,99,92,87,82,78,75,74,72,72,72,73,74,75,76,78,80,81,83,84,85,85,85,85,85,85,84,84,84,84,84,83,83,83,83,82,82,81,80,80,79,78,77,76,76,75,74,74,73,72,72,71,70,70,69,68,67,65,64,62,61,60,58,57,55,54,53,52,50,49,48,47,46,45,44,43,42,41,40,40,39,39,39,39,39,39,39
10,10,10,10,10,10,10,10,10,10,10,10,11,11,11,11,11,11,11,11,11,12,12,12,12,13,13,13,14,14,15,15,15,16,16,16,16,17,17,18,18,18,19,19,20,21,21,22,22,23,23,24,24,25,25,25,26,26,27,27,28,28,29,30,31,31,32,33,34,34,35,36,36,37,37,38,39,39,40,41,42,43,44,45,46,47,48,48,49,50,50,51,52,52,53,53,54,55,56,56,57,58,59,60,60,61,61,61,61,61,61,61,61,61,62,63,64,65,67,69,71,74,77,81,84,87,91,95,98,102,105,108,111,114,116,118,120,121,122,122,122,121,120,118,116,114,111,109,106,103,100,97,94,92,89,87,85,84,83,82,82,81,81,81,82,82,83,83,84,85,85,86,86,86,86,86,86,86,86,86,85,85,85,85,85,84,84,84,83,83,82,82,81,80,79,79,78,77,77,76,75,75,74,74,73,72,72,71,70,69,68,66,65,63,62,61,59,58,57,55,54,53,52,51,49,48,47,46,45,44,43,43,42,41,41,41,41,41,41,41
9,9,9,9,9,9,9,10,10,10,10,10,10,10,10,10,10,10,10,10,11,11,11,11,11,12,12,13,13,13,14,14,15,15,15,16,16,16,17,17,18,18,19,19,20,21,21,22,23,23,24,24,25,25,25,26,26,27,27,28,28,29,30,30,31,32,33,34,35,35,36,37,37,38,39,39,40,41,41,42,43,44,45,46,47,48,49,50,50,51,52,52,53,54,54,55,55,56,57,58,59,60,61,62,62,63,64,65,66,66,67,68,68,69,69,70,70,71,71,71,72,72,72,72,71,71,71,70,70,69,68,68,68,67,67,67,67,67,68,68,69,70,71,72,73,73,75,76,77,78,79,80,81,82,83,84,85,86,87,87,88,88,89,89,89,90,90,90,90,90,90,90,90,90,90,89,89,89,89,89,89,88,88,88,87,87,87,86,86,85,84,84,83,82,81,81,80,79,79,78,78,77,77,76,76,75,74,73,73,72,70,69,68,66,65,64,62,61,60,58,57,56,55,54,53,51,50,49,48,47,47,46,45,45,44,44,44,44,44,44
8,8,8,8,8,8,8,8,9,9,9,9,9,9,9,9,9,9,9,9,10,10,10,10,10,11,11,12,12,13,13,14,14,14,15,15,16,16,17,17,18,18,19,19,20,21,22,22,23,24,24,25,25,26,26,27,27,28,28,29,29,30,31,32,32,33,34,35,36,37,37,38,39,39,40,41,41,42,43,44,44,45,46,48,49,50,50,51,52,53,53,54,54,55,55,56,57,57,58,59,60,61,62,63,64,64,65,66,66,67,68,68,69,69,70,70,71,71,71,72,72,73,73,73,73,73,73,72,72,72,72,71,71,71,71,71,71,72,72,73,73,74,74,75,76,76,77,78,79,79,80,81,82,83,84,85,86,87,88,89,90,91,92,93,94,94,95,96,96,97,98,98,98,98,98,98,98,98,97,97,96,96,95,94,93,92,92,91,89,88,87,86,85,84,83,82,81,80,79,79,78,78,77,77,76,76,75,74,74,73,72,71,69,68,66,65,64,62,61,60,59,58,56,55,54,53,52,51,50,49,48,48,47,47,46,46,46,46,46,46
8,8,8,8,8,8,8,8,8,8,8,8,8,8,8,8,8,8,8,8,9,9,9,9,9,10,10,11,11,12,12,13,13,13,14,14,15,15,16,16,17,17,18,19,19,20,21,22,23,23,24,24,25,25,26,26,27,27,28,29,29,30,31,32,33,34,35,36,37,38,38,39,40,40,41,42,42,43,44,45,46,47,48,49,50,51,52,53,54,54,55,55,56,57,57,58,58,59,60,61,61,62,63,64,65,66,66,67,67,68,68,69,69,70,70,71,71,72,72,73,74,74,75,76,76,76,77,77,78,78,78,78,79,79,79,80,80,81,81,82,82,83,83,84,84,85,85,86,86,86,86,87,87,87,87,87,87,87,87,87,87,86,86,85,85,84,84,83,83,83,82,82,81,81,81,81,81,81,81,81,82,82,83,83,84,84,85,85,86,86,86,86,86,86,85,85,85,84,84,83,83,82,81,81,80,79,78,77,76,75,74,73,71,70,69,67,66,65,63,62,61,60,59,58,57,56,55,54,53,52,51,50,49,49,49,48,48,48,48,49
8,8,8,8,8,8,8,8,8,8,8,8,8,8,8,8,8,8,8,8,8,9,9,9,9,9,10,10,11,11,11,12,12,12,13,13,13,14,14,15,15,16,16,17,17,18,19,20,21,21,22,22,23,23,24,24,25,25,26,27,28,28,30,31,32,33,35,36,37,38,39,40,42,43,44,45,46,47,48,49,50,51,52,54,55,56,57,57,58,58,59,59,59,60,60,60,61,61,62,62,63,64,64,65,66,67,67,68,68,69,69,70,70,71,71,72,72,73,73,74,75,75,76,77,77,77,78,78,79,79,79,79,80,80,80,81,81,82,82,83,84,85,86,87,88,89,90,91,92,93,93,93,93,93,92,90,89,86,84,80,77,73,69,65,60,56,52,48,44,40,37,34,32,30,29,28,29,30,32,35,38,41,45,49,53,57,62,66,70,74,78,81,84,87,88,90,91,91,91,91,91,90,89,88,86,85,83,82,80,78,77,75,74,72,71,70,68,67,66,64,63,62,61,60,59,57,56,55,54,54,53,52,51,51,50,50,50,50,50,50
8,8,8,8,8,8,8,8,8,8,8,8,8,8,8,8,8,8,8,8,8,9,9,9,9,9,10,10,10,11,11,11,11,12,12,12,12,12,13,13,13,14,14,15,16,16,17,18,19,19,20,21,21,22,23,23,24,24,25,26,27,28,29,30,31,32,33,34,35,36,36,37,38,38,39,40,41,41,42,43,44,45,46,48,49,50,51,52,53,54,55,56,57,58,58,59,60,61,62,63,64,65,66,67,68,69,69,70,71,71,71,72,72,73,73,73,74,74,75,76,76,77,78,78,79,79,80,80,80,81,81,81,82,82,82,83,83,84,84,85,86,87,88,90,91,93,94,95,97,97,98,98,98,97,95,93,90,87,83,78,72,67,60,54,47,41,35,28,23,17,12,8,5,2,1,0,1,3,6,9,14,19,24,30,37,43,50,56,63,69,74,80,84,88,91,93,95,96,96,96,96,95,94,92,91,89,87,85,83,81,79,77,76,74,73,72,70,69,68,66,65,64,63,62,60,59,58,57,56,55,54,54,53,52,52,52,52,52,52,52
8,8,8,8,8,8,8,8,8,8,8,8,8,8,8,8,8,8,8,8,8,9,9,9,9,9,10,10,10,10,11,11,11,11,11,12,12,12,12,13,13,13,14,14,15,16,17,17,18,19,20,21,22,23,24,25,26,27,27,28,29,29,30,30,30,30,30,29,29,28,27,25,24,23,22,21,20,19,18,18,18,19,20,21,23,25,27,29,31,34,37,39,42,45,48,50,53,56,59,61,64,66,69,70,72,73,74,75,75,76,76,76,76,76,76,76,76,77,77,78,79,79,80,80,81,81,82,82,82,83,83,83,84,84,84,85,85,85,86,87,87,88,89,90,91,92,93,94,95,95,96,96,96,95,94,93,92,90,87,84,81,77,74,70,66,62,58,54,50,47,44,41,39,38,37,37,37,38,40,42,45,48,52,55,59,63,67,71,75,79,82,85,88,90,91,93,93,94,94,94,93,92,92,90,89,88,86,85,83,81,80,78,77,76,74,73,71,70,69,68,66,65,64,63,62,61,60,59,58,57,56,55,55,54,54,54,53,53,54,54
8,8,8,8,8,8,8,8,8,8,8,8,8,8,8,8,8,8,8,8,9,9,9,9,9,9,10,10,10,11,11,11,11,11,11,12,12,12,12,13,13,13,14,14,15,16,16,17,18,19,21,22,23,24,25,27,28,29,29,30,30,31,31,31,30,29,28,26,24,22,19,17,14,11,8,6,4,2,0,0,0,0,0,1,3,5,8,11,15,19,22,27,31,35,40,44,48,52,57,60,64,68,71,73,75,77,78,79,79,80,80,80,80,79,79,79,79,79,80,80,81,82,82,83,83,84,84,85,85,85,86,86,86,86,87,87,88,88,88,89,89,90,90,91,91,91,92,92,92,92,93,93,93,93,93,93,93,93,94,93,93,93,93,93,93,93,92,92,92,92,91,91,91,91,91,91,91,91,91,91,91,92,92,92,92,92,93,93,93,93,93,93,92,92,91,91,90,90,89,89,88,88,87,87,86,85,84,83,82,81,80,79,78,76,75,73,72,71,70,68,67,66,65,64,63,62,61,60,59,58,57,56,56,55,55,55,55,55,55,55
8,8,8,8,8,8,8,8,8,8,8,8,8,8,8,8,8,9,9,9,9,9,9,9,9,10,10,10,10,11,11,11,11,11,11,11,11,12,12,12,12,12,13,13,14,15,15,16,17,18,19,20,21,23,24,25,26,27,27,28,29,29,30,30,30,30,29,28,27,26,24,22,21,19,17,16,15,13,13,12,12,13,14,15,17,19,22,24,27,30,33,36,40,43,47,50,54,57,60,63,66,69,72,74,76,77,79,79,80,81,81,81,81,81,81,81,82,82,83,83,84,85,86,86,87,87,88,88,88,89,89,89,90,90,90,91,91,92,92,93,93,93,94,94,94,94,94,94,94,95,95,95,95,95,96,96,97,97,98,99,100,101,101,102,103,104,105,105,106,107,107,108,108,108,108,108,108,108,107,107,106,105,105,104,103,102,101,100,99,98,97,96,95,94,93,92,91,90,89,89,88,88,87,87,86,86,85,84,83,83,81,80,79,77,76,75,73,72,70,69,68,67,66,64,63,62,61,60,59,58,57,56,56,55,55,55,55,55,55,55
8,8,8,8,8,8,8,8,8,8,8,8,8,8,8,8,9,9,9,9,9,9,9,9,9,10,10,10,10,11,11,11,11,11,11,11,11,11,11,11,11,12,12,13,13,14,15,15,16,17,18,18,19,20,21,21,22,23,24,25,26,27,28,29,30,31,32,33,34,34,35,35,36,36,36,37,37,38,39,40,41,42,43,45,46,48,49,51,52,54,55,56,58,59,60,62,63,64,66,67,69,71,72,74,75,76,77,78,79,79,80,80,81,81,82,83,83,84,85,86,87,87,88,89,90,90,91,91,91,92,92,93,93,93,94,94,94,95,95,96,96,97,97,98,98,98,98,99,99,99,99,99,100,100,100,100,100,101,101,101,101,102,102,102,102,102,102,102,102,102,102,102,102,102,102,102,102,101,101,101,101,101,100,100,100,100,99,99,98,98,97,97,96,95,94,94,93,92,92,91,91,90,90,89,88,88,87,86,85,84,83,82,80,78,77,75,74,73,71,70,68,67,66,65,63,62,61,60,59,58,57,56,55,55,54,54,54,54,54,54
8,8,8,8,8,8,8,8,8,8,8,8,8,8,8,8,8,8,8,8,8,8,9,9,9,9,9,9,10,10,10,10,10,10,10,10,10,10,10,11,11,11,12,12,13,13,14,15,16,16,17,17,18,18,19,20,20,21,22,23,24,25,26,28,29,31,33,34,36,37,39,40,41,43,44,45,47,48,50,51,52,54,56,57,59,60,61,62,63,64,64,65,65,66,66,66,67,68,68,69,70,71,73,74,75,76,77,78,79,79,80,81,82,82,83,84,85,86,87,88,89,90,91,92,93,93,94,95,95,96,96,97,97,97,98,98,99,100,100,101,101,102,102,103,103,103,103,104,104,104,104,104,104,104,104,105,105,105,105,105,105,106,106,106,106,106,106,106,106,106,106,106,106,105,105,105,105,104,104,104,104,104,103,103,103,103,102,102,102,101,101,100,99,98,97,97,96,95,94,94,93,93,92,91,91,90,89,88,87,86,85,83,82,80,79,77,76,74,73,71,70,69,67,66,65,64,63,62,60,59,58,58,57,56,56,56,56,56,56,56
8,8,8,8,8,8,8,8,8,8,8,8,8,8,8,8,8,8,8,8,8,8,8,8,8,8,8,8,9,9,9,9,9,9,10,10,10,10,10,11,11,11,12,12,13,14,14,15,16,16,17,18,18,19,19,20,20,21,22,23,24,25,26,27,29,30,31,33,34,35,36,38,39,40,41,42,43,44,45,47,48,50,51,53,55,56,57,58,59,60,61,62,62,63,64,65,66,67,68,69,70,71,73,74,75,76,77,78,79,80,81,82,82,83,84,85,86,87,88,89,90,91,92,93,94,95,96,97,97,98,99,99,100,100,101,101,102,103,103,104,105,105,106,106,106,106,107,107,107,107,107,107,107,107,107,108,108,108,108,108,109,109,109,109,109,109,109,109,109,109,109,109,109,109,109,108,108,108,108,108,107,107,107,107,106,106,106,105,105,104,103,103,102,101,100,99,98,97,97,96,95,95,94,93,92,91,91,90,89,87,86,85,83,81,80,78,77,76,74,73,72,70,69,68,67,66,65,64,63,62,61,60,59,59,58,58,58,58,58,58
8,8,8,8,8,8,8,8,8,8,8,8,8,8,8,8,7,7,7,7,7,7,7,7,7,7,8,8,8,8,8,9,9,9,9,9,9,10,10,10,11,11,12,12,13,13,14,15,15,16,17,17,18,18,19,19,20,20,21,22,23,24,25,26,27,29,30,31,32,33,34,35,36,37,38,39,40,41,42,44,45,46,48,50,51,53,54,55,56,57,58,59,60,61,62,63,64,65,66,67,69,71,72,74,75,76,77,78,79,80,81,82,83,83,84,85,86,87,88,90,91,93,94,95,96,97,98,98,99,100,101,101,102,103,103,104,105,105,106,107,108,108,109,109,110,110,110,111,111,111,111,111,111,112,112,112,112,113,113,113,113,113,114,114,114,114,114,114,114,114,114,114,114,114,114,113,113,113,113,112,112,112,112,112,111,111,111,110,110,109,109,108,107,106,105,104,103,102,101,101,100,99,98,97,97,96,95,94,93,91,90,88,87,85,83,82,80,79,78,76,75,74,72,71,70,69,68,67,66,65,64,63,62,62,61,61,61,61,61,61
8,8,8,8,8,8,8,8,8,8,8,8,8,8,8,8,8,7,7,7,7,7,7,7,7,8,8,8,8,8,8,9,9,9,9,9,9,10,10,10,11,11,11,12,12,13,14,14,15,16,16,17,17,18,18,19,19,20,20,21,22,23,24,25,26,27,29,30,31,32,33,34,34,35,36,37,38,39,40,42,43,44,46,48,49,51,52,53,54,55,56,57,58,59,60,61,62,64,65,66,68,69,71,73,74,75,77,78,79,80,81,81,82,83,84,85,86,87,89,90,92,93,94,95,96,97,98,99,100,100,101,102,102,103,104,104,105,106,107,108,109,110,110,111,111,112,112,113,113,113,114,114,114,115,115,115,116,116,116,117,117,117,117,117,117,117,117,117,117,117,117,117,117,117,116,116,116,116,116,116,115,115,115,115,115,115,114,114,114,113,113,112,111,110,109,108,107,106,106,105,104,103,103,102,101,100,99,98,97,95,94,92,91,89,87,86,84,82,81,80,78,77,76,74,73,72,71,70,69,67,66,65,65,64,64,64,63,63,64,64
8,8,8,8,8,8,8,8,8,8,8,8,8,8,8,8,8,8,8,8,8,7,8,8,8,8,8,8,8,8,8,9,9,9,9,9,9,9,10,10,10,10,11,11,12,12,13,14,14,15,15,15,16,16,17,17,18,18,19,19,20,21,22,23,24,25,27,28,29,29,30,31,32,33,34,35,36,37,38,39,40,42,43,45,46,48,49,50,52,53,54,55,56,57,58,59,60,61,62,64,65,67,69,70,72,73,74,75,77,78,78,79,80,81,82,83,85,86,87,89,90,92,93,94,95,96,97,98,99,99,100,101,101,102,103,104,105,106,107,108,109,110,111,112,113,113,114,114,115,115,116,116,117,117,118,118,119,119,120,120,121,121,121,121,121,122,122,122,122,121,121,121,121,121,121,121,120,120,120,120,120,120,120,120,120,119,119,119,118,118,117,117,116,115,114,113,112,111,110,110,109,108,107,107,106,105,104,103,101,100,99,97,95,93,91,90,88,86,85,83,82,80,79,78,76,75,74,73,71,70,69,68,67,67,66,66,66,66,66,66
8,8,8,8,8,8,8,8,8,8,8,8,8,8,8,8,8,8,8,8,8,8,8,8,8,8,8,8,8,8,8,9,9,9,9,9,9,9,9,9,10,10,10,11,11,11,12,13,13,13,14,14,15,15,15,16,16,17,17,18,19,19,20,21,22,24,25,26,27,28,28,29,30,31,32,33,34,35,36,37,38,40,41,43,45,46,47,48,50,51,52,53,54,55,56,57,58,59,60,62,63,65,67,68,70,71,72,73,74,75,76,77,78,79,80,81,82,83,85,86,88,89,91,92,93,94,95,96,97,98,98,99,100,101,102,103,104,105,107,108,109,110,111,112,113,114,114,115,116,116,117,117,118,118,119,120,120,121,122,122,123,123,124,124,124,125,125,125,125,125,125,125,125,125,125,124,124,124,124,124,124,124,123,123,123,123,122,122,121,121,120,119,119,118,117,116,115,114,113,112,112,111,110,109,108,107,106,105,104,103,101,100,98,96,94,92,90,89,87,85,84,82,81,79,78,77,75,74,73,72,70,69,68,68,67,67,67,67,67,67
8,8,8,8,8,8,8,8,8,8,8,8,8,8,8,8,8,8,8,8,8,8,8,8,8,8,8,8,8,8,8,8,8,8,8,8,8,9,9,9,9,9,9,10,10,11,11,12,12,12,13,13,13,14,14,14,15,15,16,16,17,18,19,20,21,22,23,24,25,25,26,27,28,29,30,30,31,32,33,34,36,37,39,40,42,43,44,45,47,48,48,49,50,51,52,53,54,55,57,58,60,61,63,65,66,67,68,69,70,71,72,73,74,75,76,77,78,80,81,83,84,86,87,89,90,91,92,93,94,95,96,97,98,99,100,101,102,103,105,106,108,109,110,111,112,113,113,114,115,115,116,117,118,118,119,120,121,122,122,123,124,124,125,125,126,126,127,127,127,127,127,127,127,127,127,127,127,127,127,127,127,127,126,126,126,125,125,124,124,123,122,122,121,120,119,118,117,116,115,114,114,113,112,112,111,110,109,108,106,105,104,102,100,98,96,94,93,91,89,87,86,84,83,81,80,78,77,75,74,73,72,70,70,69,68,68,68,68,68,68
8,8,8,8,8,8,8,8,8,8,8,8,8,8,7,7,7,7,7,7,7,7,7,7,7,7,7,7,8,8,8,8,8,8,8,8,8,8,8,8,8,9,9,9,10,10,10,11,11,12,12,12,13,13,13,14,14,15,15,16,16,17,18,19,20,21,22,23,23,24,25,26,26,27,28,29,29,30,31,32,33,35,36,38,39,40,41,43,44,44,45,46,47,48,49,50,51,52,53,55,56,58,60,61,63,64,65,66,67,68,69,70,71,72,73,75,76,77,79,80,82,84,85,87,88,89,90,91,92,93,94,95,96,97,98,99,100,101,103,104,106,107,108,109,110,111,112,113,113,114,115,116,116,117,118,119,120,121,122,123,123,124,125,125,126,126,127,127,127,127,128,128,128,128,128,128,128,128,128,128,128,128,128,127,127,127,126,126,125,125,124,123,122,121,120,119,119,118,117,116,116,115,114,113,112,112,111,109,108,107,105,104,102,100,98,96,94,92,91,89,87,86,84,82,81,80,78,77,75,74,73,72,71,70,70,69,69,69,69,70
7,7,7,7,7,7,7,7,7,7,7,7,7,7,7,7,7,7,7,7,7,7,7,7,7,7,7,7,7,7,7,7,7,7,7,8,8,8,8,8,8,8,9,9,9,10,10,11,11,11,12,12,12,13,13,13,14,14,15,15,16,16,17,18,19,20,21,22,22,23,24,24,25,25,26,27,27,28,29,30,31,32,33,35,36,37,38,39,40,41,42,43,44,44,45,46,47,48,50,51,52,54,56,57,59,60,61,63,64,65,66,67,68,69,70,71,73,74,76,77,79,81,82,84,85,86,87,88,89,90,91,92,93,94,95,96,97,99,100,102,103,104,106,107,108,109,109,110,111,112,112,113,114,115,116,117,118,119,120,121,121,122,123,124,124,125,125,125,126,126,126,126,127,127,127,127,127,127,127,127,127,127,127,127,127,126,126,126,125,125,124,123,122,121,120,119,119,118,117,116,116,115,114,113,113,112,111,109,108,107,105,104,102,100,98,96,94,92,91,89,87,86,84,83,81,80,78,77,76,75,73,72,71,71,70,70,70,70,70,70
6,6,6,6,6,6,6,6,6,6,6,6,6,6,6,6,6,6,6,6,6,6,6,6,7,7,7,7,7,7,7,7,7,7,8,8,8,8,8,8,8,8,9,9,9,10,10,10,11,11,11,12,12,12,13,13,13,14,14,14,15,15,16,17,18,18,19,20,20,21,21,22,22,23,24,24,25,25,26,27,28,29,30,31,33,34,35,36,37,37,38,39,40,41,42,42,44,45,46,47,49,50,52,53,55,56,57,58,59,60,61,62,63,64,65,66,68,69,71,72,74,76,78,79,80,81,83,84,85,86,87,88,89,90,91,92,94,95,97,99,100,101,103,104,105,106,107,108,108,109,110,111,112,112,113,114,115,117,118,119,119,120,121,122,122,123,123,124,124,124,124,125,125,125,125,125,125,126,126,126,126,126,125,125,125,125,124,124,123,123,122,121,121,120,119,118,117,116,115,115,114,113,112,112,111,110,109,108,106,105,104,102,100,98,96,94,93,91,89,88,86,85,83,82,80,79,77,76,75,74,72,71,71,70,69,69,69,69,69,69
5,5,5,5,5,5,5,5,5,5,5,5,5,5,6,6,6,6,6,6,6,6,6,6,6,7,7,7,7,7,7,8,8,8,8,8,8,8,8,8,9,9,9,9,9,10,10,10,11,11,11,11,12,12,12,12,13,13,13,14,14,14,15,16,16,17,18,18,19,19,20,20,21,21,22,22,23,23,24,25,26,27,28,29,30,31,32,33,34,35,36,37,37,38,39,40,41,42,43,45,46,48,49,51,52,53,54,55,56,57,58,58,59,60,61,62,64,65,66,68,70,72,73,75,76,77,78,80,81,82,83,84,85,86,88,89,91,92,94,96,97,99,100,101,102,103,104,105,106,107,108,108,109,110,111,112,113,114,115,116,117,118,119,119,120,120,121,121,122,122,122,122,122,123,123,123,123,123,123,123,123,123,123,123,122,122,122,121,121,120,120,119,118,117,116,115,114,113,113,112,111,110,110,109,108,107,106,105,104,102,101,99,97,95,94,92,90,89,87,85,84,82,81,80,78,77,76,74,73,72,71,70,69,68,68,68,67,67,68,68
5,5,5,5,5,5,5,5,5,5,5,5,5,5,5,5,5,6,6,6,6,6,6,6,6,7,7,7,7,7,7,8,8,8,8,8,8,8,8,9,9,9,9,9,10,10,10,10,11,11,11,11,11,11,11,11,12,12,12,12,13,13,14,14,15,16,16,17,17,18,19,19,20,20,21,22,22,23,24,25,26,27,28,29,30,31,32,33,34,35,36,37,38,38,39,40,41,42,42,43,44,46,47,47,48,48,49,49,49,49,49,49,50,50,50,51,52,53,54,55,57,59,61,63,64,66,68,70,72,73,75,77,79,81,83,85,87,89,91,93,95,97,98,99,101,102,103,103,104,105,105,106,107,108,109,109,110,112,113,114,114,115,116,116,117,117,118,118,118,119,119,119,119,119,119,120,120,120,120,120,120,120,120,120,120,120,119,119,119,118,117,117,116,115,114,113,112,112,111,110,109,108,108,107,106,105,104,103,101,100,98,97,95,93,91,90,88,86,85,83,82,80,79,78,76,75,74,72,71,70,69,68,67,67,66,66,66,66,66,66
5,5,5,5,5,5,5,5,5,5,5,5,5,5,5,5,6,6,6,6,6,6,6,6,6,7,7,7,7,7,7,8,8,8,8,8,8,8,9,9,9,9,9,9,10,10,10,10,10,11,11,11,11,11,11,11,11,11,11,11,12,12,13,13,14,15,16,16,17,18,18,19,20,20,21,22,23,24,25,26,27,28,29,30,31,32,33,34,35,36,37,38,38,39,40,41,41,42,43,44,44,45,46,46,47,47,47,46,46,46,46,46,45,45,46,46,46,47,48,50,52,53,55,57,59,61,63,65,67,70,72,74,76,78,81,83,85,88,90,92,94,96,97,99,100,101,101,102,103,103,104,105,105,106,107,108,109,110,111,111,112,113,114,114,115,115,115,116,116,116,116,116,117,117,117,117,117,118,118,118,118,118,118,118,118,118,118,118,117,117,116,116,115,114,113,112,111,111,110,109,108,107,107,106,105,104,102,101,100,99,97,95,93,92,90,88,86,85,83,82,80,79,78,76,75,74,72,71,70,69,68,67,66,66,65,65,65,65,65,65
5,5,5,5,5,5,5,5,5,5,5,5,5,5,5,5,6,6,6,6,6,6,6,6,6,7,7,7,7,7,7,8,8,8,8,8,8,8,8,9,9,9,9,9,10,10,10,10,11,11,11,12,12,12,12,13,13,13,13,14,14,14,14,14,14,14,14,14,13,13,12,11,11,10,10,9,9,9,9,9,9,10,11,12,13,14,15,16,17,18,19,21,22,23,25,27,29,32,34,37,41,45,49,53,57,61,65,70,74,78,82,86,89,93,96,99,102,105,107,109,111,112,112,112,111,110,109,107,105,103,100,98,96,94,92,90,89,88,88,88,88,88,89,90,91,92,93,94,95,97,98,100,101,102,104,105,106,107,108,109,110,111,111,112,112,113,113,113,113,114,114,114,114,114,115,115,115,115,115,115,116,116,116,116,116,116,115,115,115,115,114,113,113,112,111,110,109,108,108,107,106,105,104,103,102,101,100,99,98,96,95,93,92,90,88,86,85,83,82,80,79,77,76,75,73,72,71,70,69,68,66,65,65,64,64,63,63,63,63,64
5,5,5,5,5,5,5,5,5,5,5,5,5,5,5,5,6,6,6,6,6,6,6,6,6,6,7,7,7,7,7,7,8,8,8,8,8,8,8,8,9,9,9,9,9,10,10,10,11,12,12,13,14,15,15,16,16,17,17,17,17,17,17,16,15,14,12,10,8,5,3,0,0,0,0,0,0,0,0,0,0,0,0,0,0,0,0,0,0,0,0,0,0,0,3,7,11,16,22,29,36,45,54,63,73,84,95,105,116,126,137,147,156,165,173,181,187,192,197,200,201,201,199,196,191,185,178,171,162,154,145,136,127,118,110,102,96,90,86,82,80,79,78,78,79,80,82,84,86,89,91,94,97,99,102,104,105,106,107,108,109,110,110,111,111,112,112,112,113,113,113,113,113,113,114,114,114,114,114,114,114,114,114,114,114,114,114,113,113,113,112,111,111,110,109,108,107,106,106,105,104,103,103,102,101,100,99,98,96,95,94,92,90,89,87,85,84,82,81,79,78,76,75,74,72,71,70,69,68,67,66,65,64,63,63,63,63,63,63,63
5,5,5,5,5,5,5,5,5,5,5,5,5,5,6,6,6,6,6,6,6,6,6,6,7,7,7,7,7,7,8,8,8,8,8,8,8,8,8,8,9,9,9,9,10,10,10,11,11,11,11,11,11,11,12,12,12,12,12,13,13,14,15,15,17,18,19,20,21,22,23,25,26,27,28,29,30,32,33,34,35,36,37,38,39,39,38,36,35,33,31,29,28,26,26,25,26,27,30,34,38,45,52,61,71,81,92,103,115,126,138,149,160,170,180,189,196,202,207,211,212,212,210,206,201,194,186,178,169,159,150,140,130,120,111,103,96,89,84,81,78,76,76,75,76,77,79,81,84,87,89,92,95,98,100,102,104,105,106,107,108,108,109,110,110,111,111,111,111,112,112,112,112,112,112,112,113,113,113,113,113,113,112,112,112,112,112,111,111,110,110,109,108,107,106,106,105,104,103,103,102,101,101,100,99,98,97,96,95,94,92,91,89,88,86,84,83,81,80,78,77,76,74,73,72,71,69,68,67,66,65,64,63,63,62,62,62,62,62,62
5,5,5,5,5,5,5,5,6,6,6,6,6,6,6,6,6,6,6,6,6,7,7,7,7,7,7,7,8,8,8,8,8,8,8,8,8,8,9,9,9,9,9,10,10,10,11,10,10,9,8,6,5,3,2,0,0,0,0,0,1,4,7,12,17,24,32,40,50,59,70,80,91,101,111,121,130,139,147,154,159,163,166,167,167,164,159,154,146,138,129,120,110,100,91,81,72,64,57,52,47,45,44,44,46,49,54,59,64,70,77,84,91,97,104,110,115,120,124,127,128,129,129,128,126,124,121,118,115,111,108,104,100,97,93,90,88,86,85,84,84,84,84,84,85,86,88,89,91,92,94,96,97,99,100,102,103,104,105,106,107,107,108,109,109,110,110,110,111,111,111,111,111,111,112,112,112,112,112,112,112,112,111,111,111,111,110,110,109,109,108,108,107,106,105,104,104,103,102,102,101,100,100,99,98,97,96,95,94,93,92,90,89,87,86,84,83,81,80,78,77,76,74,73,72,71,69,68,67,66,65,64,63,63,63,62,62,62,62,62
4,4,4,4,4,4,4,4,4,5,5,5,5,5,5,6,6,6,6,6,7,7,7,7,7,8,8,8,8,9,9,9,9,9,9,9,9,9,9,10,10,10,10,10,11,11,11,11,10,9,7,5,2,0,0,0,0,0,0,0,0,1,5,11,18,27,38,50,62,76,90,104,118,132,146,160,172,184,194,203,211,216,220,221,220,216,211,203,195,184,173,161,148,135,122,109,96,84,73,62,53,46,39,35,31,29,28,27,28,29,30,33,35,38,41,44,47,50,52,54,56,58,59,61,62,64,65,67,68,70,71,73,75,76,78,80,81,83,85,87,89,90,91,92,93,94,95,96,97,97,98,99,99,100,101,102,102,103,104,105,106,107,107,108,108,109,109,110,110,110,110,110,111,111,111,111,111,111,111,111,111,110,110,110,110,109,109,108,108,107,107,106,105,104,103,103,102,101,101,100,100,99,98,98,97,96,96,95,94,93,92,90,89,87,86,84,83,81,80,78,77,76,74,73,72,71,70,68,67,66,65,64,64,63,63,62,62,62,62,63
1,1,1,1,1,1,1,1,1,2,2,2,3,3,4,4,4,5,5,6,6,7,7,7,8,8,9,9,10,10,10,10,10,10,10,10,10,10,11,11,11,11,11,11,11,12,12,12,12,11,10,9,8,7,6,6,5,5,5,6,7,9,12,15,20,25,31,37,44,52,59,67,75,83,90,98,104,111,117,122,126,129,132,133,133,131,129,125,121,116,111,105,98,92,85,78,72,66,60,55,51,47,44,42,40,39,38,38,38,38,39,40,41,42,44,46,47,49,51,53,54,56,57,59,60,62,64,65,67,69,70,72,74,76,77,79,81,83,85,87,89,90,92,93,94,95,96,96,97,98,98,99,100,100,101,102,103,104,105,106,107,107,108,109,109,110,110,111,111,111,111,111,111,111,111,110,110,109,109,108,107,106,105,104,103,102,100,99,98,97,96,95,94,93,92,91,91,91,91,91,91,91,91,91,92,92,92,92,91,91,91,90,89,88,86,85,84,82,81,80,78,77,75,74,73,71,70,69,68,66,65,64,64,63,63,63,62,62,63,63
0,0,0,0,0,0,0,0,0,0,1,1,1,2,3,3,4,4,5,5,6,7,7,8,8,9,9,10,10,11,11,11,12,12,12,12,12,12,12,12,12,12,12,12,12,13,13,14,14,14,15,15,15,16,16,17,17,17,18,18,19,19,20,20,21,22,22,23,23,23,24,24,24,25,25,25,26,26,27,27,28,29,30,31,32,33,34,34,35,36,37,38,38,39,40,41,42,43,44,45,47,48,49,51,52,53,54,55,56,57,57,58,59,60,61,62,63,64,65,66,68,69,70,71,72,73,74,75,76,76,77,78,79,79,80,81,82,84,85,86,88,89,90,91,92,93,94,95,96,96,97,98,99,100,101,102,103,104,104,105,106,107,107,108,108,108,109,109,109,109,109,109,110,110,110,110,110,110,110,111,111,111,111,111,111,111,111,110,110,110,109,109,108,107,106,106,105,104,103,103,102,101,100,100,99,98,97,96,95,93,92,90,89,87,85,84,82,81,79,78,77,75,74,73,72,71,69,68,67,66,65,64,64,63,63,62,62,62,62,63
1,1,1,1,1,1,1,1,1,2,2,3,3,3,4,4,5,5,6,6,6,7,7,8,8,9,9,10,10,11,11,12,12,12,12,12,12,12,13,13,13,13,13,13,14,14,15,15,15,16,16,17,18,18,18,19,19,20,20,20,21,21,21,21,21,21,21,21,20,19,19,18,17,16,15,14,14,13,13,13,13,14,14,15,17,18,19,21,22,24,26,28,30,32,34,36,38,40,42,44,46,48,50,52,54,55,56,57,58,59,59,60,61,61,62,63,63,64,65,67,68,70,71,72,73,74,74,75,76,77,77,78,79,79,80,81,82,84,85,86,87,89,90,91,92,92,93,94,95,96,96,97,98,99,100,100,101,102,103,103,103,103,103,102,102,101,101,101,101,101,101,102,103,105,107,110,113,116,120,125,129,134,139,144,149,153,157,161,165,168,170,171,172,172,171,170,167,164,160,156,152,147,141,136,130,124,119,113,108,102,97,92,88,85,81,79,77,75,74,73,72,72,72,72,72,72,72,72,71,71,70,70,69,69,68,68,68,68,68,68
4,4,4,4,4,4,4,4,5,5,5,5,5,6,6,6,6,7,7,7,7,8,8,8,9,9,9,10,10,11,11,11,12,12,12,12,13,13,13,13,14,14,14,15,15,15,16,16,17,17,17,17,18,18,18,18,18,19,19,19,20,20,21,21,22,22,23,24,24,25,25,26,26,27,27,28,28,29,29,30,31,32,33,34,35,36,36,37,38,38,39,40,40,41,41,42,43,44,45,46,47,48,49,51,52,53,54,55,55,56,57,58,59,60,61,62,63,64,65,66,68,69,70,71,72,73,74,75,75,76,77,77,78,79,80,81,82,83,84,86,87,88,89,90,91,91,92,93,94,94,95,96,97,97,98,99,100,101,101,101,101,100,99,98,97,96,95,94,94,94,95,96,98,101,104,109,114,121,128,136,144,152,161,169,177,185,193,200,207,212,216,220,222,222,221,219,215,210,204,198,190,182,173,164,155,146,136,127,118,110,102,94,88,82,78,74,71,69,67,66,66,65,65,66,66,67,67,68,68,67,67,66,65,65,65,64,64,64,64,64
6,6,6,6,6,6,6,6,6,6,6,7,7,7,7,7,7,7,8,8,8,8,8,9,9,9,10,10,11,11,11,12,12,12,13,13,13,14,14,14,15,15,16,16,17,17,18,18,18,19,19,19,19,20,20,20,20,20,20,21,21,21,22,22,23,24,24,25,25,26,26,27,27,28,28,29,29,30,30,31,32,33,34,35,35,36,37,38,38,39,39,40,40,41,41,42,43,44,44,45,46,48,49,50,51,52,53,54,55,56,56,57,58,59,60,61,62,63,64,66,67,68,69,70,71,72,73,74,74,75,76,76,77,78,79,80,81,82,83,84,85,86,87,88,89,90,91,92,92,93,94,94,95,96,97,97,98,99,100,100,100,99,99,98,97,97,96,96,96,96,96,97,99,101,104,107,111,116,121,127,133,139,145,152,158,164,169,174,179,183,186,188,190,190,189,187,185,181,177,173,168,162,156,149,143,136,129,122,115,108,101,94,88,82,77,72,68,64,61,58,55,52,50,48,46,45,43,41,39,37,35,33,31,30,29,29,29,29,29,29
6,6,6,6,6,6,7,7,7,7,7,7,7,7,7,8,8,8,8,8,8,9,9,9,9,10,10,11,11,11,12,12,13,13,13,14,14,15,15,15,16,16,17,17,18,18,19,19,20,20,20,21,21,21,21,21,22,22,22,22,23,23,23,24,24,25,26,26,26,27,27,28,28,28,29,29,30,30,31,31,32,33,33,34,35,36,37,37,38,38,39,39,40,41,41,42,42,43,44,45,46,47,48,50,51,51,52,53,54,55,55,56,57,58,59,60,61,62,63,64,65,67,68,69,70,71,71,72,73,74,74,75,76,76,77,78,79,80,82,83,84,85,86,87,88,89,90,90,91,92,92,93,94,95,95,96,97,98,99,100,100,101,101,101,101,102,102,102,102,102,103,103,103,104,105,105,106,107,109,110,111,112,113,115,116,117,118,119,119,120,120,120,120,120,119,118,118,117,117,116,116,115,114,113,112,110,108,106,103,100,97,93,88,83,78,73,68,63,58,53,48,43,38,33,29,24,20,15,11,7,4,0,0,0,0,0,0,0,0,0
7,7,7,7,7,7,7,7,7,7,7,8,8,8,8,8,8,9,9,9,9,10,10,10,10,11,11,12,12,13,13,14,14,14,15,15,16,16,16,17,17,18,18,18,19,20,20,21,21,21,22,22,22,22,23,23,23,23,24,24,24,24,25,25,26,26,27,27,28,28,28,29,29,29,30,30,30,31,31,32,32,33,34,34,35,36,36,37,38,38,39,39,40,40,41,41,42,43,43,44,45,46,48,49,49,50,51,52,52,53,54,54,55,56,57,58,58,59,61,62,63,64,65,67,67,68,69,70,71,71,72,73,74,75,76,77,78,79,80,81,83,84,85,86,86,87,88,89,89,90,91,91,92,93,94,94,95,96,97,98,99,100,101,101,102,103,103,104,104,104,105,105,105,105,105,105,104,104,103,103,102,101,100,99,99,98,97,96,95,94,93,92,91,91,90,90,90,91,91,92,93,94,95,96,97,97,97,97,97,95,94,92,89,85,82,78,73,69,65,60,56,51,46,42,37,33,28,24,20,17,13,10,8,6,5,4,4,4,4,5
6,6,6,6,6,6,7,7,7,7,7,8,8,8,8,9,9,9,9,10,10,10,11,11,12,12,13,13,14,14,15,15,15,16,16,16,17,17,17,18,18,18,19,19,20,20,21,21,22,22,22,23,23,23,23,24,24,24,24,25,25,25,26,26,27,27,28,28,28,29,29,29,30,30,30,30,31,31,31,32,32,33,34,34,35,36,36,37,37,38,38,39,39,40,40,41,41,42,43,44,45,46,47,48,48,49,50,50,51,52,52,53,53,54,55,56,57,57,59,60,61,62,64,65,66,66,67,68,69,70,71,72,72,73,74,75,77,78,79,80,82,83,84,85,85,86,87,87,88,89,89,90,91,92,92,93,94,95,96,97,98,99,99,100,101,101,102,102,103,103,103,104,104,104,105,105,105,105,105,105,105,105,105,105,105,105,104,104,104,103,103,102,102,101,101,100,100,99,99,99,99,99,99,98,98,98,97,96,95,94,93,91,89,87,85,83,81,78,76,74,72,69,67,65,63,61,59,57,55,53,52,50,49,48,47,47,47,47,47,47
6,6,6,6,6,6,6,7,7,7,7,8,8,8,9,9,9,10,10,11,11,12,12,12,13,13,14,15,15,16,16,17,17,17,18,18,18,18,19,19,19,20,20,20,21,21,22,22,22,23,23,23,24,24,24,24,25,25,25,25,26,26,26,27,27,28,28,28,29,29,29,30,30,30,30,31,31,31,31,32,32,33,33,34,35,35,36,36,37,37,38,38,39,39,39,40,41,41,42,43,43,44,45,46,47,47,48,48,49,49,50,50,51,52,52,53,54,55,56,57,58,59,61,62,63,64,64,65,66,67,68,69,70,71,72,73,74,75,77,78,79,81,82,83,83,84,85,86,86,87,88,89,89,90,91,92,93,94,95,96,97,98,99,99,100,100,101,101,102,102,103,103,104,104,105,105,105,106,106,107,107,107,107,107,107,108,107,107,107,107,107,106,106,105,105,104,104,103,102,102,101,100,100,99,98,97,97,96,95,94,93,91,90,89,88,87,86,85,84,83,82,81,80,79,78,78,77,76,76,75,74,74,73,73,72,72,72,72,72,72
6,6,6,6,6,6,6,7,7,7,7,8,8,9,9,9,10,10,11,11,12,12,13,13,14,14,15,15,16,17,17,17,18,18,18,19,19,19,19,20,20,20,20,21,21,22,22,22,23,23,23,24,24,24,24,24,25,25,25,25,26,26,26,27,27,27,28,28,29,29,29,29,30,30,30,30,31,31,31,32,32,33,33,34,34,35,35,36,36,37,37,38,38,38,39,39,40,40,41,42,42,43,44,45,46,46,47,47,48,48,48,49,49,50,51,51,52,53,54,55,56,57,58,59,60,61,62,63,64,65,66,66,67,68,69,71,72,73,75,76,77,79,80,81,82,83,84,84,85,86,87,88,89,90,91,92,93,94,95,96,97,98,99,99,100,100,101,101,102,102,103,103,104,104,104,105,105,106,106,106,107,107,107,107,107,107,107,107,107,107,106,106,106,105,105,104,103,103,102,102,101,101,100,100,99,98,98,97,96,95,94,92,91,90,88,87,86,85,83,82,81,80,79,78,77,76,75,74,73,72,71,71,70,69,69,69,69,69,69,69
6,6,6,6,6,6,6,6,7,7,7,8,8,9,9,10,10,11,11,12,12,13,13,14,14,15,15,16,17,17,18,18,18,19,19,19,19,20,20,20,20,21,21,21,21,22,22,23,23,23,24,24,24,24,24,25,25,25,25,25,26,26,26,27,27,27,28,28,28,29,29,29,29,29,30,30,30,30,31,31,31,32,32,33,33,34,34,35,35,35,36,36,36,37,37,38,38,38,39,40,40,41,42,43,43,44,44,45,45,46,46,47,47,48,48,49,50,51,52,53,54,55,56,57,58,59,60,61,61,62,63,64,65,66,67,68,69,71,72,74,75,77,78,79,80,81,82,83,84,85,86,87,88,89,90,91,92,94,95,96,97,98,99,99,100,101,101,102,102,103,103,103,104,104,105,105,106,106,107,107,107,107,107,108,108,108,108,107,107,107,107,106,106,105,105,104,104,104,103,103,102,102,101,101,100,100,99,98,97,96,95,94,92,91,89,88,86,85,83,82,80,79,78,76,75,74,73,72,70,69,68,67,67,66,66,65,65,65,65,66
6,6,6,6,6,6,6,6,7,7,7,8,8,9,9,10,10,11,11,11,12,13,13,14,14,15,15,16,16,17,17,18,18,18,19,19,19,19,20,20,20,20,21,21,21,22,22,22,23,23,23,24,24,24,24,25,25,25,25,25,26,26,26,27,27,27,28,28,28,28,29,29,29,29,29,30,30,30,30,30,31,31,32,32,32,33,33,33,34,34,34,34,35,35,35,35,36,36,37,37,38,39,40,40,41,42,42,43,43,44,44,45,45,46,47,47,48,49,50,51,53,54,55,56,57,58,59,59,60,61,62,63,64,65,66,67,68,70,71,73,74,75,77,78,79,80,81,82,83,84,85,86,87,88,89,90,92,93,94,96,97,98,98,99,100,101,101,102,103,103,104,104,105,105,106,106,107,107,108,108,108,108,109,109,109,109,109,108,108,108,108,107,107,106,106,105,105,105,104,104,103,103,102,102,101,101,100,99,98,97,96,95,93,92,90,89,87,86,84,83,81,80,78,77,76,74,73,72,71,69,68,67,67,66,66,65,65,65,65,66
6,6,6,6,6,6,6,6,7,7,7,8,8,9,9,10,10,10,11,11,12,12,13,14,14,15,15,16,17,17,18,18,18,19,19,19,19,20,20,20,20,21,21,21,21,22,22,23,23,23,24,24,24,24,25,25,25,25,25,26,26,26,26,27,27,27,28,28,28,28,28,29,29,29,29,29,29,29,30,30,30,30,31,31,31,32,32,32,32,32,33,33,33,33,33,34,34,34,35,35,36,37,37,38,39,39,40,41,41,42,42,43,44,44,45,46,47,48,49,50,51,53,54,55,56,57,57,58,59,60,61,61,62,63,64,65,67,68,70,71,73,74,76,77,78,79,80,81,82,83,84,85,86,87,89,90,91,93,94,96,97,98,99,100,100,101,102,103,103,104,104,105,105,106,107,107,108,108,109,109,109,109,110,110,110,110,110,109,109,109,109,108,108,107,107,106,106,105,105,105,104,104,103,103,102,102,101,100,99,98,97,95,94,92,91,89,87,86,84,83,81,80,78,77,76,74,73,72,71,69,68,67,67,66,66,65,65,65,65,65
6,6,6,6,6,6,6,6,7,7,7,8,8,9,9,9,10,10,11,11,12,12,13,14,14,15,16,16,17,18,18,19,20,20,21,21,22,22,22,23,23,24,24,24,25,25,26,26,26,26,27,27,27,27,27,27,27,27,27,27,27,27,27,27,27,27,28,28,28,28,28,28,28,28,29,29,29,29,29,30,30,30,30,31,31,31,32,32,32,32,32,32,33,33,33,33,34,34,34,35,36,36,37,38,38,39,39,40,40,41,41,42,42,43,44,45,45,46,47,49,50,51,52,53,54,55,56,57,57,58,59,60,61,62,63,64,66,67,69,70,72,73,75,76,77,79,80,81,82,83,84,85,86,88,89,90,92,93,95,96,97,98,99,100,101,102,102,103,103,104,104,105,106,106,107,107,108,108,109,109,110,110,110,110,110,110,110,110,110,110,109,109,108,108,107,107,106,106,106,105,105,104,104,103,102,102,101,100,99,98,97,95,94,92,90,89,87,86,84,83,81,80,79,77,76,75,73,72,71,70,69,68,67,67,66,66,66,66,66,66
6,6,6,6,6,6,6,6,7,7,8,8,8,9,9,10,10,11,11,12,12,13,14,14,15,15,16,17,18,18,19,19,20,20,21,21,21,22,22,22,22,23,23,23,24,24,24,25,25,25,26,26,26,26,26,26,26,26,26,26,26,27,27,27,27,27,27,28,28,28,28,28,28,28,28,28,29,29,29,29,29,30,30,30,31,31,31,31,31,32,32,32,32,32,33,33,33,34,34,35,35,36,37,37,38,38,39,39,40,40,41,41,42,42,43,44,44,45,46,47,49,50,51,52,53,54,55,55,56,57,58,59,60,61,62,63,65,66,68,70,72,73,74,76,77,78,80,81,82,83,84,86,87,88,89,91,92,94,95,97,98,99,100,100,101,102,102,103,104,104,104,105,105,106,106,107,108,108,109,109,109,110,110,110,110,110,110,110,110,110,109,109,109,108,108,107,107,106,106,105,105,104,103,103,102,101,100,99,98,97,96,94,93,91,90,88,86,85,83,82,81,79,78,77,75,74,73,72,71,69,68,67,67,66,66,65,65,65,65,66
6,6,6,6,6,6,6,7,7,7,8,8,9,9,10,11,11,12,13,13,14,14,15,15,16,16,17,17,17,17,17,17,16,16,15,15,14,14,13,13,12,12,12,12,12,12,12,13,13,14,14,15,16,17,18,18,19,20,21,22,23,24,25,25,26,27,27,28,28,28,28,28,28,28,28,28,28,28,28,28,28,28,28,29,29,29,30,30,30,30,30,31,31,31,31,32,32,32,33,33,34,35,35,36,37,37,38,38,39,39,40,40,41,41,42,43,44,45,46,47,48,49,50,51,52,53,54,55,56,57,58,58,59,61,62,63,64,66,68,70,71,73,74,76,77,78,80,81,82,83,84,86,87,88,90,91,92,94,95,97,98,99,100,101,101,102,103,103,104,104,105,105,105,106,106,107,108,108,109,109,109,110,110,110,110,110,110,110,110,110,109,109,109,108,107,107,106,106,105,104,104,103,102,102,101,100,99,98,97,96,95,93,92,90,89,87,86,85,83,82,81,80,79,78,76,75,74,73,72,72,71,70,69,69,68,68,68,68,68,68
7,7,7,7,7,7,7,7,8,8,8,9,10,10,11,12,12,13,14,15,15,16,16,17,17,17,17,17,17,16,15,14,13,12,11,9,8,7,5,4,3,2,1,1,0,0,1,1,2,3,4,5,7,8,10,11,13,15,16,18,20,21,23,24,25,26,27,27,28,28,28,28,28,28,28,28,27,27,27,27,27,27,27,27,28,28,28,28,29,29,29,29,29,29,30,30,30,31,31,32,33,33,34,35,35,36,37,37,38,38,39,39,40,41,41,42,43,44,45,47,48,49,50,51,52,53,54,55,56,57,58,59,60,61,62,63,65,66,68,70,72,73,75,76,77,79,80,81,82,83,84,86,87,88,89,91,92,94,95,97,98,99,100,101,101,102,103,103,104,104,105,105,105,106,107,107,108,108,109,109,109,110,110,110,110,110,110,110,110,109,109,109,108,107,107,106,106,105,104,104,103,102,102,101,100,99,98,97,96,95,93,92,90,89,87,86,84,83,81,80,78,77,76,74,73,72,71,70,69,68,67,66,65,64,64,64,64,64,64,64
8,8,8,8,8,8,8,8,8,9,9,10,10,11,11,12,13,14,14,15,16,16,17,17,17,18,18,18,17,17,16,16,15,14,13,12,11,10,9,8,7,6,6,5,5,5,5,6,6,7,8,9,10,11,12,14,15,16,18,19,20,21,23,24,25,25,26,26,27,27,27,27,27,27,27,27,27,26,26,26,26,26,27,27,27,27,27,28,28,28,28,28,28,28,29,29,29,30,30,31,31,32,33,33,34,35,35,36,36,37,37,38,39,39,40,41,42,43,44,46,47,48,49,51,52,53,54,55,55,56,57,58,59,61,62,63,65,66,68,70,72,73,75,76,77,79,80,81,82,83,85,86,87,88,90,91,93,94,95,97,98,99,100,101,101,102,103,103,104,104,105,105,106,106,107,107,108,108,109,109,109,109,110,110,110,110,110,110,109,109,108,108,107,107,106,105,105,104,104,103,103,103,102,102,101,100,99,98,96,94,92,90,87,84,82,79,76,73,70,67,64,61,58,55,53,50,47,45,42,40,38,36,34,33,33,32,32,32,32,32
9,8,8,8,8,9,9,9,9,10,10,10,11,11,12,12,13,13,14,14,15,16,16,17,17,18,18,18,19,19,19,19,19,19,19,19,19,19,19,19,19,19,19,19,19,19,19,20,20,20,20,21,21,21,22,22,22,23,23,23,23,24,24,24,25,25,25,25,26,26,26,26,26,26,26,26,26,26,26,26,26,27,27,27,27,27,28,28,28,28,28,28,28,28,28,29,29,29,30,30,31,31,32,33,33,34,34,35,35,36,36,37,38,38,39,40,41,42,43,45,46,47,49,50,51,52,53,54,55,56,57,58,59,60,62,63,65,66,68,70,72,73,75,76,78,79,80,81,82,84,85,86,87,88,90,91,93,94,96,97,98,99,100,101,102,102,103,104,104,105,105,105,106,106,107,107,108,108,109,109,109,109,110,110,110,110,109,109,109,108,108,107,107,106,105,104,104,104,104,103,103,103,103,103,102,101,100,99,97,94,92,88,84,80,76,71,67,62,58,53,48,44,39,34,30,26,21,17,13,10,6,3,1,0,0,0,0,0,0,0
10,10,10,10,10,10,10,10,11,11,11,12,12,12,13,13,14,14,14,15,15,16,16,17,18,18,19,19,20,21,21,22,22,23,23,24,24,25,25,25,26,26,26,27,27,27,27,28,28,28,28,28,27,27,27,27,27,26,26,26,26,26,26,26,25,25,25,25,25,25,26,26,26,26,26,26,26,26,26,26,27,27,27,27,27,27,27,27,27,27,28,28,28,28,28,28,28,28,29,29,30,31,31,32,32,33,34,34,35,35,36,36,37,38,39,39,40,42,43,44,46,47,48,49,51,52,53,54,55,56,57,58,59,60,61,63,64,66,68,70,71,73,75,76,77,78,80,81,82,83,84,85,86,88,89,90,92,93,95,96,97,98,99,100,101,102,102,103,103,104,104,105,105,106,106,107,107,108,108,108,108,109,109,109,109,109,108,108,108,107,107,106,105,104,104,103,102,102,102,102,101,101,101,100,100,99,97,96,94,92,89,86,82,78,74,69,65,61,56,52,47,43,38,34,29,25,21,17,14,10,7,4,1,0,0,0,0,0,0,0
11,11,11,11,11,11,11,11,12,12,12,13,13,13,14,14,15,15,15,16,16,17,17,18,18,19,20,20,21,21,22,22,23,23,24,24,24,25,25,25,26,26,26,26,27,27,27,27,28,28,28,28,28,28,27,27,27,27,27,27,27,27,26,26,26,26,26,26,26,26,26,26,26,26,26,26,26,26,27,27,27,27,27,27,27,27,27,27,27,27,27,27,27,27,27,28,28,28,28,29,29,30,31,32,32,33,33,34,34,35,36,36,37,38,39,40,41,42,43,44,46,47,49,50,51,52,53,54,55,56,57,58,59,60,61,63,64,66,68,69,71,73,74,75,76,78,79,80,81,82,83,84,85,86,87,89,90,92,93,94,96,97,98,99,99,100,101,102,102,103,103,104,104,105,105,106,106,107,107,107,108,108,108,108,108,108,107,107,107,106,106,105,104,103,102,102,101,100,100,99,98,98,97,96,95,94,93,92,90,89,86,84,82,79,76,73,70,68,65,62,60,57,54,52,49,47,45,42,40,38,36,34,33,32,31,31,31,31,31,31
13,13,13,13,13,13,13,13,14,14,14,15,15,15,16,16,16,17,17,18,18,19,19,19,20,20,21,22,22,23,23,24,24,24,25,25,25,26,26,26,27,27,27,27,27,27,27,27,27,27,27,27,26,26,26,25,25,25,24,24,24,24,23,23,23,23,23,23,23,24,24,24,24,25,25,25,26,26,26,26,27,27,27,27,27,27,27,26,26,26,26,25,25,25,24,24,24,24,24,25,25,26,26,27,28,29,29,30,31,32,33,34,35,36,37,38,39,41,42,44,46,47,49,50,51,52,53,54,55,56,57,58,59,60,62,63,65,66,68,70,71,73,74,75,76,77,78,79,80,81,82,83,84,85,86,88,89,91,92,93,94,95,96,97,98,99,100,100,101,102,102,103,103,104,104,105,105,105,106,106,106,106,106,106,106,106,106,106,105,105,104,103,103,102,101,100,99,98,97,96,95,94,93,92,91,90,89,88,86,85,83,81,80,78,76,74,72,71,69,68,66,65,64,62,61,60,59,57,56,55,54,53,52,52,51,51,51,51,51,51
15,15,15,15,15,15,15,15,15,15,16,16,16,17,17,17,18,18,19,19,19,20,20,21,21,22,22,23,23,24,24,25,25,26,27,27,28,28,28,29,29,29,29,29,28,28,27,26,25,24,23,21,20,18,17,15,14,12,11,10,8,8,7,6,6,6,7,7,8,10,11,12,14,16,17,19,21,22,23,25,26,26,27,27,27,26,25,24,23,21,19,18,16,14,13,11,10,9,8,8,8,9,9,10,11,13,14,16,17,19,21,23,25,28,30,32,35,37,40,42,45,47,49,51,53,55,56,57,59,60,61,62,63,65,66,67,69,70,72,74,75,77,78,79,80,81,81,82,83,83,84,85,85,86,87,88,89,90,92,93,94,95,96,97,98,98,99,100,100,101,102,102,103,103,104,104,104,105,105,105,106,106,106,106,106,105,105,105,104,104,103,103,102,101,100,99,98,97,96,95,94,93,92,91,90,89,87,86,85,83,81,79,77,75,74,72,70,68,67,65,63,62,60,59,58,56,55,54,53,52,50,49,48,48,47,47,47,47,47,47
17,17,17,17,17,17,17,17,17,18,18,18,19,19,19,20,20,20,21,21,21,22,22,23,23,23,24,24,25,25,25,25,25,25,25,25,25,25,25,25,26,26,26,27,27,28,29,30,31,32,33,34,36,37,38,40,41,42,43,44,45,45,46,46,46,46,46,45,44,43,41,40,38,37,35,34,32,31,30,29,28,27,27,27,27,28,29,30,31,32,34,35,36,38,40,41,42,44,45,46,47,48,48,49,49,49,48,48,47,47,46,45,45,44,44,43,43,42,42,43,43,43,44,44,45,45,45,46,47,47,48,49,50,51,52,53,55,56,58,60,62,63,65,67,68,70,71,73,75,76,78,79,81,83,84,86,88,90,91,93,94,95,96,97,98,98,99,100,100,100,101,101,101,102,102,103,103,103,104,104,104,104,104,104,104,104,103,103,103,102,101,101,100,99,98,97,96,95,94,93,92,91,90,89,88,87,85,84,83,81,79,77,75,73,71,69,67,65,63,61,60,58,56,55,53,52,50,49,47,46,45,44,43,42,41,41,41,41,41,41
19,19,19,19,19,19,19,19,19,20,20,20,20,21,21,21,22,22,22,23,23,23,24,24,25,25,25,26,26,26,25,24,23,21,19,18,17,15,15,14,14,15,17,19,22,26,31,38,45,53,61,70,80,89,99,108,117,125,133,140,147,152,156,158,159,158,155,150,144,136,127,117,107,96,86,75,65,56,47,40,34,30,27,27,29,33,39,46,54,63,73,84,94,105,115,125,134,142,149,154,158,160,160,158,155,151,146,140,133,126,118,109,101,92,83,75,67,59,52,45,39,34,30,26,23,20,18,16,15,14,14,14,14,14,15,16,18,19,21,23,25,28,31,34,38,42,45,49,54,58,62,66,70,74,78,81,85,88,91,93,95,97,98,99,99,100,100,100,100,100,100,100,100,100,101,101,101,102,102,102,102,102,102,102,102,102,101,101,100,100,99,98,97,96,95,94,94,93,92,91,90,89,88,87,86,85,84,83,81,80,78,76,74,72,70,68,66,64,62,60,59,57,55,54,52,51,49,48,46,45,44,43,42,41,40,40,40,40,40,40
20,20,20,20,20,20,21,21,21,21,21,22,22,22,22,23,23,23,24,24,24,25,25,25,26,26,27,27,27,26,25,24,21,19,17,15,12,11,9,9,9,10,12,16,20,26,34,43,54,66,78,92,105,119,133,147,161,173,185,195,205,212,218,222,223,222,217,210,200,189,176,162,146,131,115,99,84,71,58,47,38,32,29,28,31,37,45,56,68,82,96,112,127,143,158,172,186,198,208,215,221,223,222,220,215,209,201,192,181,170,158,145,132,119,106,93,80,68,57,47,38,30,22,16,11,7,3,0,0,0,0,0,0,0,0,0,0,0,0,2,5,8,12,16,20,25,30,36,41,46,52,57,63,68,73,78,82,86,89,92,94,96,98,99,99,100,100,100,100,99,99,99,99,99,99,99,99,100,100,100,100,100,100,100,100,100,99,99,98,98,97,96,95,94,93,92,91,90,90,89,88,87,86,85,84,83,82,81,80,78,76,75,72,70,68,66,64,63,61,59,57,55,54,52,51,49,48,46,45,44,42,41,40,39,39,39,38,38,39,39
21,21,21,21,21,21,21,21,21,21,22,22,22,23,23,23,23,24,24,24,25,25,25,26,26,27,27,28,28,28,27,26,25,24,22,21,20,19,18,18,18,19,20,23,26,29,34,40,47,54,62,70,79,88,96,105,113,121,128,134,140,145,148,151,151,151,148,143,137,130,122,113,104,94,84,74,65,56,49,42,36,32,30,30,32,35,41,47,54,63,72,81,91,101,110,119,127,135,141,146,149,151,151,149,146,143,138,132,126,119,112,104,96,88,80,72,65,57,51,45,40,35,31,28,25,22,20,18,17,17,16,16,16,17,18,19,20,21,23,25,27,29,32,35,38,42,45,49,53,56,60,64,68,71,75,78,81,84,87,89,91,92,94,95,95,96,96,96,97,97,97,97,97,97,97,97,98,98,98,99,99,99,99,99,99,98,98,98,97,97,96,95,94,93,92,91,90,89,88,87,87,86,85,84,83,81,80,79,77,76,74,72,70,68,66,64,62,60,58,56,55,53,51,50,48,47,45,44,43,41,40,39,38,37,37,36,36,36,36,37
20,20,20,20,20,20,20,21,21,21,21,22,22,22,23,23,23,24,24,24,25,25,25,26,26,27,27,28,28,29,29,29,30,30,30,30,30,31,31,31,31,32,32,32,33,33,34,35,35,36,37,38,38,39,40,40,41,42,42,43,43,43,44,44,44,44,43,43,42,42,41,40,39,38,37,37,36,35,34,34,33,33,33,33,33,33,33,34,34,35,35,36,37,37,38,39,40,40,41,42,42,43,43,43,43,43,43,43,43,43,42,42,42,42,42,42,42,42,42,43,43,44,44,45,45,46,46,47,48,48,49,50,51,51,52,54,55,56,58,59,61,62,64,65,66,67,69,70,71,72,73,75,76,77,79,80,81,83,84,86,87,88,89,90,91,91,92,93,93,94,94,95,95,95,96,96,97,97,97,98,98,98,98,98,98,98,97,97,97,96,95,95,94,93,91,90,89,88,87,86,85,84,83,82,81,80,79,77,76,74,72,70,68,66,64,62,60,58,56,54,52,51,49,47,46,44,43,42,40,39,38,37,36,35,34,34,34,34,34,34
20,20,20,20,20,20,20,21,21,21,21,22,22,22,23,23,24,24,24,25,25,26,26,27,27,28,28,29,29,30,31,31,32,33,33,34,34,35,35,36,36,36,36,36,36,35,35,34,33,32,31,30,28,27,25,24,22,21,20,19,18,17,16,16,15,16,16,17,18,19,20,22,23,25,27,28,30,31,32,34,34,35,35,35,35,34,33,32,31,29,27,25,24,22,20,19,17,16,15,14,14,14,15,15,16,17,18,20,21,23,24,26,28,30,32,34,36,38,40,42,45,47,48,50,51,53,54,55,56,57,58,59,60,62,63,64,65,66,68,69,71,72,72,73,74,75,75,75,76,76,77,77,78,78,79,80,81,82,83,84,85,86,87,88,89,89,90,91,92,92,93,93,94,94,95,95,95,96,96,96,96,97,97,97,97,96,96,96,95,95,94,93,92,91,90,89,88,87,86,85,84,83,82,81,80,79,78,76,75,73,71,69,67,65,63,61,59,57,55,53,51,49,48,46,44,43,41,40,39,37,36,35,34,33,33,32,32,32,32,32
20,20,20,20,20,20,20,20,21,21,21,22,22,23,23,23,24,24,25,25,26,26,27,27,28,28,29,30,30,31,31,32,32,33,33,33,34,34,34,35,35,35,35,36,36,36,36,37,37,37,37,37,37,37,37,37,37,37,36,36,36,36,36,36,36,36,36,37,37,37,37,37,37,37,37,38,38,38,38,38,38,38,38,38,38,38,37,37,37,37,36,36,36,35,35,35,35,35,35,35,35,35,35,36,36,36,36,37,37,37,38,38,39,39,40,40,41,42,43,44,45,46,47,48,49,50,50,51,52,53,54,54,55,56,57,59,60,61,63,64,65,66,68,69,70,70,71,72,73,74,75,75,76,77,78,79,81,82,83,84,85,86,87,88,89,89,90,91,91,92,92,93,93,94,94,94,95,95,95,95,96,96,96,96,95,95,95,94,94,93,93,92,91,90,89,88,87,86,85,84,84,83,82,81,80,79,77,76,75,73,71,69,67,65,63,61,59,57,55,53,51,49,47,46,44,42,41,39,38,36,35,34,33,32,31,31,31,31,31,31
20,20,20,20,20,20,20,21,21,21,22,22,23,23,24,24,25,25,26,26,27,28,28,29,29,30,30,30,31,31,31,31,31,30,30,30,30,29,29,29,29,29,29,29,29,29,30,31,31,32,33,34,35,36,36,37,38,39,40,41,42,43,43,44,44,45,45,45,45,45,45,45,45,44,44,44,43,43,42,42,42,41,41,41,41,41,41,41,41,40,40,40,40,40,40,40,40,41,41,41,41,41,41,42,42,42,42,42,42,42,42,42,43,43,43,44,44,45,45,46,47,48,48,49,50,51,51,52,53,54,54,55,56,57,58,59,60,62,63,64,65,67,68,69,70,70,71,72,73,74,74,75,76,77,78,79,80,82,83,84,85,86,87,87,88,89,90,90,91,91,92,92,92,93,93,93,94,94,94,94,94,94,94,94,94,93,93,92,92,91,91,90,89,88,87,86,85,84,83,82,81,80,80,79,78,77,75,74,73,71,69,67,65,63,61,59,57,55,53,51,49,47,45,44,42,40,39,37,36,34,33,32,31,30,29,29,29,29,29,29
20,20,20,20,20,20,20,21,21,21,22,22,23,23,24,25,25,26,27,27,28,29,29,30,30,30,31,31,31,30,30,29,29,28,27,26,25,25,24,23,22,22,22,22,22,22,23,24,25,26,27,29,31,32,34,36,37,39,41,42,44,45,47,48,49,49,50,50,50,50,50,50,49,49,48,47,47,46,45,45,44,44,43,43,43,43,43,43,43,42,42,42,42,42,42,43,43,43,43,43,43,43,44,44,44,44,44,44,44,44,44,45,45,45,45,46,46,47,47,48,49,50,50,51,52,53,53,54,55,55,56,57,58,59,60,61,62,63,64,65,67,68,69,70,70,71,72,73,73,74,75,76,77,77,78,79,80,82,83,84,85,86,86,87,88,89,89,90,90,91,91,92,92,92,92,93,93,93,93,93,93,93,93,92,92,92,91,91,90,89,89,88,87,86,84,83,82,82,81,80,79,78,77,76,75,74,73,72,70,69,67,65,63,61,59,57,55,53,51,49,47,45,44,42,40,39,37,36,34,33,31,30,29,28,28,28,27,27,28,28
20,19,19,19,19,20,20,20,20,21,21,21,21,21,21,21,21,21,21,21,22,22,23,24,25,27,29,31,34,37,40,44,47,51,55,59,62,66,70,73,76,78,81,83,84,85,85,84,83,82,79,77,74,70,67,63,59,56,52,48,45,42,39,37,35,33,32,32,32,32,33,33,34,35,37,38,40,41,42,44,45,46,46,47,47,48,48,48,48,48,48,47,47,47,47,47,46,46,46,46,46,47,47,47,47,47,47,47,47,48,48,48,48,48,49,49,50,50,51,51,52,53,54,54,55,55,56,57,57,58,59,59,60,61,62,63,64,65,66,67,68,69,70,71,72,72,73,74,74,75,76,77,77,78,79,80,81,82,83,84,85,85,86,87,88,88,89,89,90,90,90,91,91,91,91,91,91,91,91,91,91,91,91,91,90,90,89,89,88,87,87,86,85,83,82,81,80,79,78,77,76,75,74,74,73,71,70,69,68,66,64,62,60,58,56,54,52,50,48,46,45,43,41,40,38,36,35,34,32,31,29,28,27,27,26,26,26,26,26,26
18,18,18,18,18,18,19,19,19,20,20,19,18,17,16,15,13,12,11,11,10,11,12,14,16,20,25,31,38,47,56,67,78,89,101,113,125,136,147,157,166,173,180,185,188,190,189,186,181,174,166,156,145,133,121,108,95,81,68,56,44,33,23,15,8,3,0,0,0,0,0,2,6,10,14,19,24,29,33,38,42,45,48,50,51,52,53,53,53,53,53,52,52,51,51,50,50,49,49,48,48,48,49,49,49,49,49,49,50,50,50,50,51,51,51,52,52,53,53,54,55,55,56,57,57,58,58,59,60,60,61,61,62,63,63,64,65,66,67,68,69,70,71,72,72,73,74,74,75,76,76,77,78,79,79,80,81,82,83,84,85,85,86,87,87,88,88,89,89,90,90,90,90,90,91,91,91,91,91,90,90,90,90,90,89,89,88,88,87,86,86,85,84,82,81,80,79,78,77,76,75,74,73,72,71,70,68,67,66,64,62,60,58,56,54,52,50,48,46,45,43,41,40,38,37,35,34,32,31,30,29,27,26,26,25,25,25,25,25,25
17,17,17,17,17,17,18,18,18,19,19,19,18,16,15,13,11,10,9,8,8,8,10,12,15,19,25,32,40,50,61,73,86,99,113,127,140,153,166,177,188,197,205,211,214,216,215,212,206,198,188,177,164,150,135,120,105,89,74,60,46,33,22,12,4,0,0,0,0,0,0,0,1,6,11,17,23,28,34,39,44,48,51,53,54,56,56,57,57,57,56,56,55,55,54,53,53,52,51,51,51,51,51,51,51,52,52,52,52,52,52,53,53,53,54,54,54,55,56,56,57,58,58,59,59,60,60,61,61,62,62,63,64,64,65,66,67,67,68,69,70,71,72,73,74,74,75,76,76,77,78,78,79,80,80,81,82,83,84,84,85,86,86,87,87,88,88,89,89,89,89,90,90,90,90,90,90,90,89,89,89,89,89,88,88,88,87,87,86,85,84,83,82,81,80,78,77,76,75,74,73,72,71,70,69,68,66,65,64,62,60,58,56,53,51,49,47,45,43,41,39,38,36,34,33,31,29,28,27,25,24,23,22,21,20,20,20,20,20,20
18,18,17,17,18,18,18,18,19,19,20,20,19,19,19,18,18,18,17,18,18,18,20,21,23,26,29,33,37,43,48,55,61,68,75,81,88,95,101,107,112,117,121,124,126,128,128,126,124,121,116,111,105,99,92,85,78,71,64,57,51,45,40,35,32,29,27,26,26,27,28,29,31,33,36,38,41,43,46,48,51,52,54,55,55,56,56,56,56,56,56,56,55,55,54,54,54,53,53,53,53,53,53,53,53,53,53,53,53,53,53,53,54,54,54,54,55,55,56,56,57,58,58,59,59,60,60,61,61,62,63,63,64,65,65,66,67,68,69,70,71,72,73,74,74,75,76,76,77,78,78,79,80,80,81,82,83,83,84,85,86,86,87,87,88,88,88,89,89,89,89,89,89,89,89,89,89,89,89,89,88,88,88,88,87,87,86,86,85,84,83,82,81,80,78,77,76,75,74,74,73,72,71,70,70,68,67,66,64,62,60,57,54,51,48,44,41,38,35,32,29,26,23,20,17,15,12,10,7,5,3,0,0,0,0,0,0,0,0,0
17,17,17,17,17,17,18,18,18,19,20,20,21,22,23,23,24,25,26,27,28,29,29,30,31,32,33,34,35,35,36,36,37,37,37,37,37,37,37,38,38,38,38,39,40,40,41,42,43,44,45,46,47,49,50,51,52,53,54,54,55,56,57,58,58,59,59,60,60,60,60,60,59,59,59,59,58,58,58,57,57,57,56,56,56,56,56,56,55,55,55,55,55,55,55,54,54,54,54,54,54,54,54,54,54,54,54,54,54,54,54,54,55,55,55,55,55,56,56,57,58,58,59,59,60,61,61,62,62,63,64,64,65,66,67,67,68,69,70,71,72,73,74,75,76,77,77,78,79,79,80,81,81,82,82,83,84,85,85,86,87,87,88,88,88,89,89,89,89,90,90,90,90,89,89,89,89,88,88,88,88,87,87,86,86,85,85,84,83,82,81,80,79,78,76,75,74,72,71,70,69,68,66,65,64,63,62,60,59,57,56,54,52,51,49,47,46,45,44,42,41,40,39,38,37,37,36,35,34,33,33,32,31,31,30,30,30,30,30,30
16,16,16,16,16,16,16,17,17,18,19,20,20,21,22,23,25,26,27,28,29,30,31,32,33,34,34,35,36,36,36,36,35,35,35,34,33,33,32,32,32,31,31,31,32,33,34,35,36,38,39,41,43,44,46,48,50,51,53,55,56,58,59,60,61,62,63,63,64,64,63,63,63,62,62,61,60,60,59,59,58,58,57,57,57,56,56,56,56,56,56,55,55,55,55,55,55,55,55,55,55,55,55,55,55,55,55,55,56,56,56,56,56,56,56,57,57,57,58,59,59,60,61,61,62,62,63,64,64,65,66,66,67,68,69,70,71,71,73,74,75,75,76,77,78,79,79,80,80,81,82,82,83,83,84,85,85,86,87,87,88,89,89,90,90,91,91,91,91,91,91,91,91,90,90,89,88,87,85,84,83,81,80,78,77,75,74,72,70,69,67,65,64,62,61,59,57,55,53,51,49,47,46,44,43,43,42,43,43,44,46,49,52,56,60,65,70,75,80,86,92,98,104,110,116,121,127,132,137,142,146,149,152,155,156,157,157,157,157,156
15,15,15,15,15,15,15,16,16,17,18,19,20,21,21,22,23,24,25,26,27,28,30,31,32,33,34,36,37,38,39,40,41,42,43,43,44,44,45,45,46,47,47,48,49,49,50,51,52,52,53,53,54,54,54,55,55,55,56,56,56,56,56,57,57,57,57,58,58,58,58,58,58,58,58,58,58,57,57,57,57,57,57,57,57,57,57,57,56,56,56,56,56,56,56,56,56,56,56,56,56,56,56,56,56,56,57,57,57,57,57,57,57,58,58,58,59,59,60,61,61,62,63,63,64,65,65,66,67,67,68,69,70,70,71,72,73,74,75,76,77,78,79,79,80,81,81,82,82,83,84,84,85,85,86,86,87,87,88,88,89,89,90,90,90,90,91,91,91,91,91,91,90,90,89,89,88,88,87,87,86,85,85,84,83,83,82,81,80,79,77,76,75,73,72,69,66,63,60,56,52,49,46,43,40,38,37,36,37,39,41,46,51,58,66,74,83,92,102,113,123,134,145,155,166,176,186,196,205,213,221,228,233,237,240,241,242,242,241,240
16,16,16,16,16,16,16,17,17,18,19,19,20,21,22,23,24,25,26,27,28,29,30,31,32,33,35,36,37,38,40,40,41,42,43,44,44,45,46,46,47,47,48,49,49,50,51,52,52,53,54,54,54,55,55,55,56,56,56,56,56,57,57,57,57,57,58,58,58,58,58,58,58,58,58,58,58,58,57,57,57,57,57,57,57,57,57,57,57,57,57,56,56,56,56,56,56,56,56,56,57,57,57,57,57,57,58,58,58,58,58,58,59,59,59,60,60,61,62,62,63,64,65,65,66,67,67,68,69,69,70,71,71,72,73,74,75,76,77,78,79,79,80,81,82,82,83,84,84,85,85,86,86,87,87,88,88,89,89,89,88,88,87,86,85,85,84,83,83,83,83,83,84,86,87,90,92,96,100,104,109,114,119,124,129,133,138,142,145,148,150,151,151,151,149,146,141,136,130,123,115,108,100,92,84,77,70,64,59,54,51,49,49,50,52,56,60,66,71,78,85,92,100,108,115,123,130,137,144,149,154,158,162,164,166,167,167,167,167,166
17,17,17,17,17,17,17,18,18,19,20,20,21,22,23,23,24,25,26,27,28,29,30,31,32,33,34,36,37,38,39,40,41,42,43,44,44,45,46,46,47,48,48,49,50,50,51,52,53,53,54,54,55,55,55,55,56,56,56,56,56,56,57,57,57,57,57,58,58,58,58,58,58,58,58,58,57,57,57,57,57,57,57,57,57,57,57,57,57,57,57,56,56,56,56,56,56,56,56,57,57,57,57,57,58,58,58,58,58,59,59,59,60,60,60,61,61,62,63,63,64,65,66,66,67,68,68,69,70,70,71,72,72,73,74,75,76,77,78,79,80,80,81,82,83,83,84,85,85,86,86,87,87,88,88,89,89,90,90,89,88,86,85,83,81,80,78,77,76,76,76,77,79,82,86,90,96,104,112,121,130,140,150,160,170,179,188,196,204,210,215,218,220,220,218,214,209,202,195,186,176,165,154,142,130,118,107,95,84,73,64,55,47,40,35,31,28,26,25,25,25,26,27,29,30,32,33,35,36,36,36,36,36,35,35,35,35,35,35,35
17,17,17,17,17,17,18,18,19,19,20,21,22,23,24,25,26,27,28,29,30,31,32,33,34,35,37,38,39,40,41,42,43,44,44,45,46,46,47,47,48,48,49,49,50,50,51,52,53,53,54,54,54,55,55,55,55,56,56,56,56,56,56,57,57,57,57,57,57,58,58,58,58,57,57,57,57,57,57,57,57,57,57,57,57,57,57,57,57,56,56,56,56,56,56,56,56,56,56,56,57,57,57,57,58,58,58,58,59,59,59,60,60,60,61,61,62,63,63,64,65,66,67,68,68,69,70,70,71,72,73,73,74,75,76,76,77,78,79,80,81,82,83,84,85,85,86,87,87,88,88,89,89,90,90,91,91,91,91,91,90,89,88,86,85,84,82,82,81,81,81,81,83,85,88,91,96,101,108,114,122,129,137,145,152,160,167,173,179,183,187,189,190,190,188,185,181,175,169,162,155,147,138,129,120,110,100,91,81,72,63,54,46,39,32,27,22,18,15,12,9,7,5,4,3,1,0,0,0,0,0,0,0,0,0,0,0,0,0,0
17,17,17,17,17,17,17,18,18,19,20,21,22,23,24,25,26,27,28,29,30,32,33,34,35,37,38,39,40,41,42,43,44,45,45,46,46,46,47,47,48,48,48,49,49,50,51,51,52,52,53,53,54,54,54,55,55,55,55,55,56,56,56,56,56,57,57,57,57,57,57,57,57,57,57,57,57,57,57,57,57,57,57,57,57,57,56,56,56,56,56,56,56,56,56,56,56,56,56,56,56,56,57,57,57,58,58,58,58,59,59,59,60,60,61,61,62,63,64,64,65,66,67,68,69,70,70,71,72,73,73,74,75,76,77,78,79,80,81,82,83,84,84,85,86,87,87,88,89,89,90,90,91,91,91,92,92,93,93,93,93,93,93,93,93,92,92,92,92,91,91,91,91,91,91,92,92,93,94,95,97,98,99,101,102,103,104,105,106,106,106,105,104,103,101,99,97,95,92,90,87,84,81,78,75,72,68,65,61,58,54,50,47,43,40,37,34,32,29,27,25,24,22,20,19,18,16,15,13,12,11,9,8,7,7,6,6,6,6,7
18,18,18,18,18,18,18,19,19,19,19,19,20,20,20,20,20,20,20,20,21,21,21,22,23,23,24,25,27,28,29,30,32,33,34,36,37,38,40,41,42,43,45,46,47,48,50,51,52,52,53,53,54,54,54,55,55,55,55,55,55,55,55,55,55,56,56,56,56,56,56,56,56,56,56,55,55,55,55,55,55,55,55,55,55,55,55,55,54,54,54,54,54,54,54,54,54,54,54,55,55,55,56,56,57,57,57,58,58,58,59,59,60,60,61,61,62,63,64,65,66,67,68,68,69,70,71,72,72,73,74,75,76,76,77,78,79,80,81,82,83,84,85,86,87,88,88,89,89,90,91,91,91,92,92,93,93,94,94,95,95,96,96,97,97,97,97,97,97,97,97,96,96,95,94,92,91,89,88,86,84,83,81,79,77,75,73,71,69,67,65,63,62,60,58,56,55,54,54,53,53,53,53,53,52,52,52,52,51,50,49,48,46,44,42,40,38,37,35,33,31,29,27,25,23,22,20,18,17,15,14,13,12,11,10,10,10,10,10,10
20,20,20,20,20,20,20,20,19,19,18,17,16,15,13,12,11,9,8,7,6,5,4,4,4,4,4,5,6,8,10,12,14,16,18,21,24,26,29,32,34,37,40,42,44,47,49,50,52,53,54,54,55,55,55,55,55,55,55,55,54,54,54,54,54,54,54,55,54,54,54,54,54,54,54,53,53,53,53,53,53,53,53,53,53,53,52,52,52,52,52,52,52,52,53,53,53,53,53,54,54,55,55,55,56,56,57,57,58,58,58,59,59,60,60,61,62,63,64,65,66,67,68,68,69,70,71,72,72,73,74,75,75,76,77,78,79,80,81,82,83,84,85,86,87,87,88,89,89,90,91,91,92,92,93,93,93,94,94,95,95,96,96,96,96,97,97,97,96,96,96,96,95,94,94,93,92,91,90,89,88,86,85,84,83,82,81,79,78,76,75,73,71,70,68,66,65,63,62,61,60,59,58,58,57,56,55,54,52,51,49,47,45,43,41,39,37,35,33,31,29,27,26,24,22,21,19,18,17,15,14,13,12,11,10,10,10,10,10,10
21,21,21,21,21,21,21,20,20,19,18,17,16,14,13,11,10,8,7,5,4,3,2,1,1,1,1,2,3,5,6,8,11,13,16,18,21,24,27,29,32,35,38,40,43,45,47,49,50,51,52,53,53,53,54,53,53,53,53,53,52,52,52,52,52,52,52,52,52,52,52,52,51,51,51,51,51,51,50,50,50,50,50,50,50,50,50,50,50,50,50,51,51,51,51,51,51,52,52,53,53,54,54,55,55,56,56,57,57,58,58,59,59,60,60,61,62,63,63,64,66,67,68,68,69,70,71,72,72,73,74,75,75,76,77,78,79,80,81,82,83,84,85,86,87,88,89,89,90,91,91,92,92,93,93,94,94,95,95,96,96,96,96,97,97,97,97,97,97,96,96,96,95,95,94,93,92,92,91,90,90,89,88,88,87,86,85,84,83,82,81,79,78,76,74,72,71,69,68,66,65,64,63,61,60,59,57,56,54,52,50,48,45,43,40,38,36,34,32,30,28,26,25,23,21,20,18,17,16,14,13,12,10,10,9,9,9,9,9,9
20,20,20,20,20,20,20,20,20,20,20,20,20,19,19,19,18,18,18,18,17,17,17,18,18,18,19,20,21,22,23,25,26,27,29,30,32,33,35,36,38,39,41,42,43,45,46,47,48,49,49,49,50,50,50,50,50,50,50,50,50,50,50,50,50,50,50,50,50,50,50,50,50,49,49,49,49,49,49,49,49,49,49,49,49,49,49,50,50,50,50,50,50,50,51,51,51,51,52,52,53,53,54,55,55,56,56,57,57,57,58,58,59,60,60,61,62,62,63,64,66,67,68,69,69,70,71,72,73,73,74,75,76,77,77,78,79,81,82,83,84,85,86,87,88,89,89,90,91,91,92,92,93,94,94,95,95,96,96,96,97,97,97,97,97,97,97,97,97,97,97,96,96,95,94,94,93,92,91,91,90,89,89,88,87,86,85,84,83,82,81,79,78,76,75,73,72,70,69,68,67,66,65,64,63,62,61,59,58,56,54,52,49,47,44,42,39,37,35,32,30,28,26,24,22,20,18,16,15,13,11,10,9,8,7,7,7,7,7,7
20,19,19,19,19,20,20,20,21,21,22,23,23,24,25,26,26,27,28,29,30,31,32,33,34,34,35,36,37,38,39,40,40,41,41,41,42,42,42,43,43,43,44,44,44,45,45,45,46,46,46,46,47,47,47,47,47,47,47,47,47,47,47,47,47,48,48,48,48,48,48,47,47,47,47,47,47,47,47,47,47,47,47,48,48,48,48,48,48,48,48,48,48,48,49,49,49,49,50,50,51,51,52,53,53,54,55,55,56,56,57,57,58,59,60,60,61,62,63,64,66,67,68,69,70,71,71,72,73,74,74,75,76,77,78,79,80,81,82,83,84,86,87,88,88,89,90,91,92,92,93,93,94,94,95,96,96,96,97,97,98,98,98,98,98,98,98,98,98,97,97,97,96,95,95,94,93,93,92,91,91,90,90,89,88,88,87,86,85,83,82,81,79,77,75,73,71,69,67,66,64,62,61,59,57,56,54,52,50,48,45,43,40,38,35,33,31,29,27,25,24,22,21,19,18,16,15,14,13,11,10,9,8,7,7,7,6,6,7,7
19,19,19,19,19,19,19,20,20,21,22,23,24,25,26,27,29,30,31,32,33,35,36,37,38,39,40,41,42,43,44,44,45,45,45,45,45,45,45,45,45,45,45,45,45,45,45,45,45,45,45,45,46,46,46,46,46,46,46,46,46,46,46,46,46,46,46,46,46,47,47,47,47,47,47,47,47,47,47,47,47,47,46,46,45,44,43,42,41,40,39,38,37,36,35,34,34,33,33,33,33,34,35,36,37,38,40,41,43,44,46,48,50,52,54,56,58,60,62,64,66,68,69,70,72,72,73,74,75,75,76,76,77,78,78,79,80,81,82,83,85,86,87,88,89,90,90,91,92,93,93,94,94,95,96,96,97,97,98,98,98,98,99,99,99,99,98,98,98,98,97,97,96,96,95,94,93,93,92,92,92,92,91,91,91,90,89,89,88,86,84,82,80,77,74,71,67,64,60,57,53,50,46,43,39,36,32,29,26,23,20,17,14,12,10,8,7,7,6,6,6,6,7,7,8,8,9,9,10,10,10,10,9,9,9,9,9,9,9,9
20,20,19,19,20,20,20,20,21,21,22,22,23,24,24,25,26,27,27,28,29,30,31,32,32,33,34,35,36,37,38,39,39,40,40,41,41,42,42,43,43,43,44,44,44,45,45,45,46,46,46,46,46,46,46,46,46,46,45,45,45,45,45,45,45,45,45,45,45,45,44,44,44,44,44,44,44,44,44,44,44,44,45,45,45,46,46,46,47,47,48,48,48,49,49,50,50,51,52,52,53,54,55,55,56,56,57,57,58,58,59,59,59,60,60,61,62,63,63,64,66,67,68,69,69,70,71,72,73,73,74,75,76,77,78,79,80,81,82,83,85,86,87,88,89,90,90,91,92,93,93,94,95,95,96,96,97,97,98,98,98,99,99,99,99,99,99,98,98,98,97,97,96,95,95,94,93,93,92,92,92,92,92,92,92,92,91,90,89,88,86,83,81,77,73,69,65,61,56,52,47,43,38,33,29,25,20,16,12,9,5,2,0,0,0,0,0,0,0,0,0,0,0,1,2,4,6,7,8,9,10,10,11,11,11,11,11,11,11,11
23,23,23,23,23,23,23,22,22,22,22,21,20,20,19,18,17,17,16,15,15,14,14,14,14,14,15,15,16,17,19,20,22,23,25,27,29,31,33,34,36,38,40,41,43,44,45,46,47,48,48,48,48,48,48,47,47,47,46,46,45,45,45,45,45,44,44,43,42,40,39,38,36,35,34,33,33,33,34,35,36,39,42,46,51,57,63,70,77,84,91,98,106,113,119,126,131,136,141,144,147,148,148,147,145,142,138,134,128,123,116,110,104,97,91,85,79,74,70,66,64,62,60,60,60,60,61,62,63,65,67,69,71,73,75,77,79,81,82,83,85,86,87,88,89,90,90,91,92,93,93,94,94,95,96,96,97,97,97,98,98,98,99,99,99,99,98,98,98,98,97,97,96,96,95,94,93,93,92,92,92,91,91,91,90,90,89,88,87,86,84,82,80,77,74,71,68,64,61,58,54,51,47,44,41,38,34,31,28,25,22,19,17,14,12,11,10,9,8,8,8,8,8,9,9,9,10,10,10,10,10,10,10,9,9,9,9,9,9,9
26,26,26,26,26,26,26,25,24,23,22,21,19,17,16,14,12,10,8,6,4,3,1,0,0,0,0,0,1,2,4,6,8,11,13,16,19,22,25,28,31,34,37,39,42,44,46,47,48,49,50,50,50,50,50,49,49,48,47,47,46,46,45,45,45,45,44,42,40,38,36,33,31,29,27,26,25,25,26,28,31,35,41,48,57,66,77,88,100,113,125,138,150,162,174,185,194,203,210,216,220,222,221,219,215,209,201,193,183,172,161,150,138,126,115,104,93,84,75,68,62,58,55,53,52,52,53,54,56,58,61,64,67,70,73,76,78,81,82,83,84,86,87,87,88,89,90,91,91,92,93,93,94,94,95,95,96,96,97,97,98,98,98,98,98,98,98,98,98,97,97,97,96,95,95,94,93,92,92,91,91,90,89,89,88,87,86,85,84,83,82,80,79,77,75,73,71,69,68,66,65,63,62,60,59,57,55,53,51,49,47,45,42,40,37,35,33,31,29,27,25,23,22,20,19,17,16,14,13,12,10,9,8,7,7,7,6,6,7,7
12,12,12,12,12,12,12,12,12,12,12,12,11,11,10,10,9,9,8,8,8,8,8,8,8,9,10,11,12,14,16,17,19,21,23,25,27,29,31,33,35,37,39,41,42,44,45,46,47,48,48,49,49,49,49,48,48,48,47,47,46,46,46,46,46,45,45,44,42,41,39,37,36,34,33,32,31,31,32,33,36,39,43,48,54,61,69,77,86,95,104,114,123,132,140,148,155,161,167,171,174,176,176,174,171,167,162,156,149,141,133,125,116,108,100,92,85,78,72,67,63,60,58,57,57,57,58,59,60,62,65,67,69,72,74,77,79,80,82,83,84,85,86,87,88,89,90,90,91,92,92,93,93,94,94,95,95,96,96,97,97,97,97,98,98,98,98,98,97,97,97,96,96,95,95,94,93,92,92,91,90,89,89,88,87,86,85,84,83,82,81,80,78,76,75,73,72,70,69,68,67,66,65,64,63,62,61,60,58,56,54,52,49,47,44,42,39,37,34,32,30,28,25,23,21,19,17,16,14,12,10,9,8,7,6,6,6,6,6,6
10,10,10,10,10,10,10,11,11,12,13,14,15,16,17,19,20,21,22,24,25,26,27,29,30,31,33,34,35,37,38,38,39,40,40,41,41,42,42,42,43,43,43,44,44,44,45,45,46,46,46,46,46,47,47,47,47,47,47,46,46,46,46,46,47,47,46,46,46,46,45,45,45,44,44,44,44,44,44,44,45,45,46,47,48,50,51,53,55,56,58,60,62,64,65,67,69,70,71,73,74,74,75,75,75,75,75,74,73,72,71,70,69,68,67,66,66,65,65,65,65,66,66,67,67,68,69,70,70,71,72,73,74,76,77,78,79,80,81,83,84,85,86,86,87,88,89,90,90,91,91,92,92,93,93,94,94,95,95,96,96,96,97,97,97,97,97,97,97,97,96,96,95,95,94,93,93,92,91,91,90,89,89,88,87,86,85,84,83,82,81,79,78,76,74,72,71,69,68,67,65,64,63,62,60,59,57,56,54,52,50,48,45,43,40,38,35,33,31,29,27,25,23,21,20,18,16,15,13,12,10,9,8,7,7,6,6,6,6,6
102,102,102,102,102,102,101,100,98,96,94,91,89,86,83,81,78,75,71,68,65,62,59,56,53,51,48,45,43,41,40,38,37,36,36,35,35,35,35,35,36,36,36,36,37,37,37,37,38,38,39,39,40,40,41,42,43,43,44,45,46,46,47,48,48,48,49,49,49,50,50,50,50,50,50,50,50,50,49,49,49,48,48,47,46,45,44,43,42,40,39,38,37,35,34,33,33,32,32,32,32,33,33,34,35,37,38,40,42,43,45,47,49,51,54,56,58,60,62,64,66,67,69,70,71,72,73,74,74,75,75,75,76,76,77,78,78,79,80,81,82,83,84,85,86,87,87,88,88,89,90,90,91,91,92,92,92,93,93,94,94,94,95,95,95,95,95,95,95,95,95,94,94,93,93,92,91,91,90,89,89,88,87,87,86,85,84,83,82,81,80,78,77,75,73,72,70,68,67,66,65,63,62,61,60,58,57,55,53,51,49,47,44,42,39,37,35,33,31,29,27,25,23,21,19,18,16,15,13,12,10,9,8,7,6,6,6,6,6,6
222,223,224,224,223,222,219,215,210,204,197,189,181,172,163,154,145,135,125,115,106,96,86,77,68,60,52,44,37,32,27,24,21,20,19,18,19,19,20,22,23,25,26,27,28,29,30,30,31,31,32,33,35,36,37,39,40,41,43,44,45,46,47,48,49,50,50,51,51,51,51,51,51,50,50,50,49,49,49,48,48,48,48,48,47,47,47,47,47,46,46,46,46,46,45,45,45,46,46,46,47,47,48,49,49,50,51,52,53,53,54,55,56,57,58,59,60,61,63,64,65,66,67,68,69,70,71,71,72,72,73,74,74,75,76,76,77,78,79,80,81,82,83,84,84,85,86,86,87,87,88,88,89,89,90,90,90,91,91,92,92,92,93,93,93,93,93,93,93,93,93,92,92,92,91,90,90,89,89,88,87,87,86,86,85,84,83,82,81,80,79,78,76,74,73,71,69,68,67,65,64,63,62,61,59,58,57,55,53,51,49,47,45,42,40,37,35,33,31,29,27,25,23,21,19,18,16,14,13,11,10,9,8,7,6,6,6,6,6,6
211,213,213,213,213,211,209,205,200,194,188,180,172,163,154,144,134,124,115,105,95,86,77,69,61,54,48,43,39,37,36,37,39,41,45,49,53,58,63,68,73,77,81,85,87,89,90,89,89,88,86,84,82,80,77,74,71,68,65,63,60,57,55,53,51,49,48,47,46,46,45,45,45,45,46,46,46,47,47,48,48,48,49,49,49,49,49,49,49,49,50,50,50,50,50,51,51,51,52,52,53,53,54,54,55,55,56,56,57,57,57,58,58,59,59,60,61,61,62,63,64,65,66,66,67,68,68,69,70,70,71,71,72,73,74,74,75,76,77,78,79,79,80,81,81,82,83,83,84,84,85,85,85,86,86,87,87,87,88,88,89,89,89,89,89,90,90,90,90,89,89,89,89,88,88,87,87,86,86,85,85,84,84,83,82,82,81,80,79,78,77,76,74,73,71,70,68,67,66,64,63,62,61,60,59,57,56,55,53,51,49,47,44,42,40,37,35,33,31,29,27,25,24,22,20,19,17,15,14,12,11,10,9,8,7,7,7,7,7,7
74,75,75,75,75,74,74,73,72,71,70,67,64,61,58,54,50,47,43,40,37,35,34,34,34,35,38,42,47,54,62,71,80,90,101,112,123,134,144,154,163,171,178,184,188,191,191,190,187,183,177,170,162,153,144,134,123,113,103,93,83,74,65,58,51,46,42,39,37,35,35,35,35,37,38,40,41,43,45,47,48,49,50,50,50,50,50,50,51,51,51,51,51,51,51,51,51,52,52,52,53,53,54,54,54,55,55,56,56,56,57,57,58,58,58,59,60,60,61,62,63,64,64,65,66,66,67,68,68,69,69,70,70,71,72,72,73,74,75,76,77,77,78,79,79,80,80,81,81,81,82,82,83,83,83,84,84,84,85,85,85,86,86,86,86,86,86,86,86,86,86,86,85,85,85,84,84,83,83,82,82,81,81,81,80,80,79,78,77,76,75,74,73,72,70,69,67,66,65,64,63,61,60,59,58,57,55,54,52,51,49,47,44,42,40,38,36,33,32,30,28,26,24,23,21,20,18,17,15,14,13,11,10,10,9,9,9,9,9,9
0,0,0,0,0,0,0,0,0,0,0,0,0,0,0,0,0,0,0,0,3,6,10,14,19,26,33,41,51,61,73,84,96,109,121,133,145,157,168,178,187,196,203,208,212,215,216,214,211,205,199,190,181,171,160,148,136,124,112,100,89,78,68,60,52,46,41,38,35,34,33,33,34,35,37,39,41,43,45,47,49,50,51,51,51,51,51,51,51,51,51,51,51,52,52,52,52,52,52,52,53,53,53,54,54,54,55,55,55,55,56,56,56,57,57,58,58,59,59,60,61,61,62,63,63,64,64,65,66,66,67,67,68,68,69,70,70,71,72,73,74,74,75,76,76,77,77,78,78,78,79,79,79,80,80,81,81,81,82,82,82,82,83,83,83,83,83,83,83,83,83,82,82,82,82,81,81,80,80,80,79,79,78,78,78,77,77,76,75,74,74,73,71,70,69,67,66,65,64,63,62,61,60,59,58,56,55,54,52,51,49,47,45,43,41,39,37,35,33,31,29,28,26,25,23,22,20,19,18,16,15,14,13,12,12,12,12,12,12,12
0,0,0,0,0,0,0,1,2,4,5,7,8,9,10,11,12,14,15,17,19,21,23,26,30,33,37,42,47,53,59,64,71,77,83,89,94,100,105,110,115,119,122,125,127,128,129,128,127,125,121,118,113,109,103,98,92,87,81,75,70,65,60,56,53,50,47,46,45,44,43,43,44,44,45,46,47,48,49,49,50,51,51,51,51,51,51,51,51,51,51,52,52,52,52,52,52,52,52,53,53,53,53,54,54,54,54,54,55,55,55,55,55,56,56,56,57,57,58,58,59,59,60,61,61,62,62,63,63,64,64,65,66,66,67,68,68,69,70,71,72,72,73,74,74,75,75,76,76,77,77,78,78,78,79,79,80,80,80,81,81,81,82,82,82,82,82,82,82,82,82,81,81,81,80,80,80,79,79,78,78,78,77,77,77,76,75,75,74,73,72,71,70,69,68,66,65,64,63,62,61,60,59,58,57,56,55,54,53,51,49,48,46,43,41,40,38,36,34,33,31,29,28,26,25,24,22,21,20,19,17,16,15,15,14,14,14,14,14,14
31,31,31,31,31,31,31,32,32,32,33,33,34,35,35,36,36,37,38,38,39,40,40,41,41,42,42,43,43,44,44,44,44,44,43,43,43,43,43,42,42,42,42,42,42,43,43,43,44,45,45,46,46,47,48,48,49,50,50,51,51,52,52,53,53,53,54,54,54,54,54,53,53,53,53,52,52,52,52,51,51,51,51,51,51,51,51,51,51,51,51,51,51,52,52,52,52,52,52,52,53,53,53,53,53,54,54,54,54,54,54,54,54,54,55,55,55,56,56,57,57,58,58,59,59,60,60,61,61,62,62,63,63,64,65,65,66,67,68,68,69,70,71,71,72,72,73,73,74,74,75,75,76,76,76,77,77,78,78,79,79,79,79,80,80,80,80,80,80,80,80,80,80,79,79,79,78,78,78,77,77,77,76,76,75,75,74,74,73,72,72,71,70,68,67,66,65,64,63,62,61,61,60,59,58,57,56,55,53,52,50,49,47,45,43,41,39,38,36,34,33,31,30,29,27,26,24,23,22,21,20,19,18,17,17,16,16,16,16,17
33,33,33,33,33,33,33,33,34,34,34,35,35,36,37,37,38,39,39,40,40,41,42,42,42,43,43,43,43,43,42,42,41,41,40,39,38,37,37,36,35,35,35,34,34,34,35,35,36,37,38,39,40,41,42,44,45,46,47,49,50,51,52,53,53,54,54,55,55,55,55,55,54,54,54,53,53,53,52,52,52,51,51,51,51,51,51,51,51,51,51,51,51,51,51,51,51,52,52,52,52,52,52,53,53,53,53,53,53,53,54,54,54,54,54,55,55,55,56,56,57,57,58,58,59,59,60,60,61,61,61,62,62,63,63,64,65,65,66,67,67,68,68,69,69,70,70,71,71,71,72,72,72,73,73,74,74,75,75,75,76,76,76,77,77,77,77,77,78,78,78,78,78,77,77,77,77,77,76,76,76,76,75,75,75,74,74,73,73,72,71,70,69,68,67,66,65,64,64,63,62,61,61,60,59,58,57,56,55,53,52,50,48,46,45,43,41,39,38,36,34,33,31,30,29,27,26,25,23,22,21,20,19,18,18,18,18,18,18,18
30,30,30,30,30,30,30,30,31,31,32,32,33,33,34,34,35,36,36,37,38,38,39,40,41,41,42,43,44,44,45,45,46,46,47,47,47,47,48,48,48,48,49,49,49,50,50,50,51,51,51,52,52,52,52,52,52,53,53,53,53,53,53,53,53,53,53,53,53,53,53,53,53,52,52,52,52,52,52,51,51,51,51,51,51,51,51,51,51,51,50,50,50,50,50,50,50,51,51,51,51,51,51,51,52,52,52,52,52,53,53,53,53,54,54,54,55,55,55,56,56,57,57,58,58,59,59,59,60,60,60,61,61,62,62,63,63,64,64,65,65,66,66,67,67,67,68,68,68,69,69,69,69,70,70,71,71,71,72,72,73,73,73,74,74,74,75,75,75,75,75,75,75,75,75,75,75,75,75,75,74,74,74,74,74,73,73,73,72,72,71,70,69,68,67,66,66,65,64,63,63,62,61,61,60,59,58,57,56,54,53,51,50,48,46,44,42,41,39,37,36,34,33,31,30,29,27,26,25,23,22,21,20,20,19,19,19,19,19,19
33,33,32,32,33,33,33,33,33,34,34,34,35,35,36,36,37,37,38,38,39,39,40,40,41,41,42,43,43,44,44,45,45,46,46,46,46,47,47,47,47,48,48,48,49,49,49,50,50,50,50,51,51,51,51,51,51,52,52,52,52,52,52,52,52,52,52,52,52,52,52,52,51,51,51,51,51,51,51,50,50,50,50,50,50,50,50,50,49,49,49,49,49,49,49,49,49,49,49,49,50,50,50,50,50,50,50,51,51,51,51,51,51,52,52,52,52,53,53,54,54,55,55,55,56,56,56,57,57,57,58,58,59,59,59,60,60,61,62,62,63,63,64,64,65,65,65,66,66,66,67,67,67,68,68,68,69,69,70,70,71,71,71,72,72,72,72,72,73,73,73,73,73,73,73,73,73,73,73,73,73,73,73,72,72,72,72,72,71,71,70,70,69,68,67,66,66,65,64,64,63,62,62,61,60,59,59,57,56,55,54,52,50,49,47,45,43,42,40,39,37,36,34,33,31,30,29,27,26,25,24,23,22,21,21,21,20,20,21,21
32,32,32,32,32,32,32,32,33,33,33,34,34,35,35,36,36,37,37,38,39,39,40,40,41,42,42,43,43,44,44,45,45,45,46,46,46,46,47,47,47,47,47,47,48,48,48,49,49,49,49,49,50,50,50,50,50,50,50,50,50,50,50,50,50,50,50,50,50,50,50,50,50,50,50,49,49,49,49,49,49,49,48,48,48,48,48,48,48,48,48,48,48,48,48,48,48,48,48,48,48,48,49,49,49,49,49,49,49,49,49,49,49,50,50,50,50,51,51,51,52,52,53,53,53,54,54,54,55,55,55,56,56,57,57,58,58,59,60,60,61,61,62,62,63,63,64,64,65,65,66,66,66,67,67,68,68,69,69,69,70,70,70,71,71,71,71,71,71,71,71,71,71,71,71,71,71,71,71,71,71,71,71,71,71,71,71,71,70,70,69,69,68,67,67,66,65,65,64,63,63,62,62,61,60,59,58,57,56,55,54,52,51,49,47,46,44,42,41,39,38,36,35,34,32,31,30,28,27,26,25,24,23,23,22,22,22,22,22,22
16,16,15,15,16,16,16,17,18,19,20,21,22,23,25,26,28,29,31,32,34,35,37,38,40,41,42,43,45,46,46,47,47,48,48,48,48,48,48,48,48,48,48,48,48,48,48,48,48,48,49,49,49,49,49,49,49,49,49,49,49,49,49,49,49,49,49,49,49,48,48,48,48,48,48,48,48,47,47,47,47,47,47,47,47,47,47,47,46,46,46,46,46,46,46,46,46,46,47,47,47,47,47,47,47,47,47,47,48,48,48,48,48,48,48,49,49,49,50,50,50,51,51,52,52,52,53,53,53,54,54,54,55,55,55,56,57,57,58,58,59,60,60,61,61,62,62,63,63,64,64,65,65,66,66,67,67,68,68,68,69,69,69,69,70,70,70,70,70,70,70,70,70,70,70,70,71,71,71,71,71,72,72,72,72,72,73,73,72,72,72,72,71,70,70,69,68,67,67,66,65,64,64,63,62,61,60,58,57,56,54,53,51,49,47,46,44,43,41,40,38,37,36,34,33,32,31,30,29,27,26,25,25,24,24,23,23,23,23,24
0,0,0,0,0,0,0,0,0,2,4,6,8,10,13,15,18,20,23,26,28,31,33,36,38,40,42,44,46,48,49,49,50,50,51,51,51,50,50,50,49,49,49,48,48,48,48,48,48,48,48,48,48,48,48,48,48,48,48,48,48,48,48,48,48,48,47,47,47,47,47,47,47,47,47,46,46,46,46,46,46,46,46,46,46,46,45,45,45,45,45,45,45,45,45,45,45,45,45,45,46,46,46,46,46,46,47,47,47,47,47,47,48,48,48,49,49,49,50,50,50,51,51,52,52,52,52,53,53,53,54,54,54,55,55,55,56,57,57,58,59,59,60,60,61,61,62,62,63,63,64,64,65,65,66,66,67,67,68,68,69,69,69,69,69,69,70,70,70,70,70,70,70,70,70,70,70,71,71,71,72,72,72,73,73,73,73,73,73,73,73,73,72,72,71,70,69,68,68,67,66,65,64,63,62,61,60,59,57,56,54,53,51,49,47,46,44,43,41,40,38,37,36,35,34,32,31,30,29,28,27,26,26,25,25,24,24,24,24,25
2,1,1,1,1,2,2,3,5,6,8,10,12,14,16,18,20,23,25,28,30,32,35,37,39,41,43,45,46,48,49,49,50,50,50,50,50,50,50,49,49,49,48,48,48,48,48,48,48,48,48,48,48,48,48,47,47,47,47,47,47,47,47,46,46,46,46,46,46,46,45,45,45,45,45,45,45,45,45,44,44,44,44,44,44,44,44,44,44,43,43,43,43,43,43,43,43,43,44,44,44,44,44,44,45,45,45,45,45,46,46,46,47,47,47,47,48,48,49,49,50,50,51,51,51,52,52,52,52,53,53,53,54,54,55,55,56,56,57,58,58,59,59,60,61,61,62,62,63,63,64,64,65,65,66,66,67,67,68,68,69,69,70,70,71,71,71,72,72,72,72,71,71,71,70,69,68,67,66,65,64,62,61,59,58,56,55,53,52,51,49,48,47,46,46,45,45,45,46,46,47,47,48,49,50,50,51,51,52,52,52,51,51,50,49,48,46,45,44,42,41,39,38,36,35,33,32,31,29,28,27,26,25,25,24,24,24,24,24,24
24,24,24,24,24,24,25,25,26,26,27,28,29,30,31,32,33,34,35,36,37,39,40,41,42,43,44,45,45,46,47,47,47,48,48,48,48,48,48,48,48,47,47,47,47,47,47,47,47,47,47,47,47,47,47,47,47,47,47,46,46,46,46,46,46,45,45,45,45,45,45,44,44,44,44,44,44,44,43,43,43,43,43,43,43,43,43,42,42,42,42,42,42,42,42,42,42,42,42,42,43,43,43,43,43,44,44,44,44,45,45,45,45,46,46,46,47,47,48,48,49,49,50,50,51,51,51,52,52,52,53,53,54,54,54,55,56,56,57,58,58,59,60,60,61,62,62,63,63,64,64,65,65,66,66,67,67,67,68,69,70,71,71,72,73,74,75,75,75,75,75,74,73,72,70,68,66,63,59,56,52,48,44,40,36,32,28,24,21,18,15,13,11,10,9,9,10,11,13,16,19,22,25,28,32,35,38,41,44,46,48,50,51,51,51,50,50,48,47,46,44,42,40,38,36,34,32,30,29,27,26,25,24,24,23,23,23,23,23,23
41,41,41,41,41,41,41,41,41,41,41,42,42,42,42,42,43,43,43,43,44,44,44,44,45,45,45,45,46,46,46,46,46,46,47,47,47,47,47,47,47,47,47,47,47,47,47,47,47,47,47,47,47,46,46,46,46,46,46,46,45,45,45,45,44,44,44,44,44,43,43,43,43,43,42,42,42,42,42,42,42,41,41,41,41,41,41,41,41,41,40,40,40,40,40,40,41,41,41,41,41,41,42,42,42,42,43,43,43,43,44,44,44,45,45,45,46,46,47,47,48,49,49,50,50,50,51,51,52,52,53,53,53,54,54,55,56,56,57,58,58,59,60,60,61,62,62,63,63,63,64,64,65,65,66,66,67,67,68,68,69,70,71,72,73,74,74,75,75,75,75,74,73,72,70,68,65,62,58,54,50,46,42,37,33,29,25,21,17,14,11,9,7,6,5,5,6,8,10,12,15,19,22,26,29,33,36,39,42,45,47,49,50,50,50,50,49,48,47,45,43,41,39,37,35,33,31,29,28,26,25,24,23,23,22,22,22,22,22,22
42,42,42,42,42,42,42,42,42,42,42,43,43,43,43,44,44,44,44,44,45,45,45,45,46,46,46,46,47,47,47,47,47,47,47,48,48,48,48,48,48,48,48,48,48,47,47,47,47,47,47,47,46,46,46,46,46,45,45,45,45,44,44,44,43,43,43,43,42,42,42,42,41,41,41,41,41,41,40,40,40,40,40,40,40,40,39,39,39,39,39,39,39,39,39,39,39,40,40,40,40,40,41,41,41,42,42,42,42,43,43,43,44,44,44,45,45,46,46,47,48,48,49,49,50,50,51,51,52,52,52,53,53,54,54,55,56,56,57,58,58,59,60,60,61,61,62,62,62,63,63,64,64,64,65,65,66,66,67,67,68,68,69,69,69,70,70,70,70,70,70,70,70,69,69,68,67,66,65,63,62,60,59,57,56,54,53,51,50,49,47,46,45,44,44,43,43,43,43,44,44,45,46,47,47,48,49,49,49,50,50,49,48,48,47,45,44,43,42,40,39,37,36,34,33,31,30,29,27,26,25,24,24,23,23,22,22,22,22,23
42,42,42,42,42,42,42,42,42,43,43,43,43,44,44,45,45,45,46,46,46,47,47,47,48,48,48,49,49,49,49,49,49,49,49,49,49,49,49,49,49,49,49,49,49,48,48,48,48,47,47,47,47,46,46,46,46,45,45,45,44,44,44,43,43,43,42,42,42,41,41,41,41,40,40,40,40,40,39,39,39,39,39,39,39,39,38,38,38,38,38,38,38,38,38,39,39,39,39,39,40,40,40,40,41,41,41,42,42,42,42,43,43,44,44,44,45,45,46,47,47,48,49,49,50,50,51,51,52,52,53,53,53,54,55,55,56,56,57,58,58,59,59,60,60,61,61,61,62,62,62,63,63,63,64,64,65,65,65,66,66,67,67,67,67,68,68,68,68,68,68,68,68,68,68,68,68,68,67,67,67,67,66,66,66,65,65,64,64,63,63,62,61,60,60,59,58,58,57,57,56,56,56,55,55,54,54,53,52,51,50,49,48,46,45,43,42,41,39,38,37,35,34,33,32,30,29,28,27,26,25,24,24,23,23,23,22,22,23,23
43,43,43,43,43,43,43,43,44,44,44,45,45,45,46,46,47,47,48,48,48,49,49,50,50,50,51,51,51,51,51,51,52,51,51,51,51,51,51,51,51,50,50,50,50,49,49,49,48,48,48,48,48,47,47,47,47,46,46,46,45,45,45,44,44,44,43,43,42,42,42,41,41,41,41,40,40,40,40,39,39,39,39,39,39,38,38,38,38,38,38,38,38,38,38,38,39,39,39,39,40,40,40,41,41,41,41,42,42,42,43,43,43,44,44,45,45,46,46,47,47,48,49,49,50,50,51,51,52,52,53,53,54,54,55,55,56,56,57,58,58,59,59,60,60,61,61,61,62,62,62,63,63,63,64,64,64,65,65,66,67,67,68,69,70,70,71,71,72,72,72,71,71,70,69,67,66,64,61,59,56,54,51,48,45,42,39,37,34,32,30,28,27,26,25,25,25,26,27,28,30,32,34,36,38,40,41,43,45,46,47,47,48,47,47,46,45,44,43,41,40,38,37,35,33,32,30,29,27,26,25,24,23,23,22,22,22,22,22,22
44,44,44,44,44,44,44,45,45,45,46,46,46,47,47,48,48,49,49,50,50,51,51,52,52,53,53,53,53,53,53,53,53,53,53,53,53,53,52,52,52,52,51,51,51,50,50,50,49,49,49,49,48,48,48,48,48,47,47,47,47,46,46,46,45,45,44,44,43,43,43,42,42,42,41,41,41,40,40,40,40,39,39,39,39,39,38,38,38,38,38,38,38,38,38,39,39,39,39,39,40,40,40,41,41,41,41,42,42,42,43,43,43,44,44,44,45,45,46,47,47,48,49,49,50,50,51,51,52,52,53,53,54,54,55,55,56,56,57,58,58,59,59,60,60,60,61,61,61,62,62,62,62,63,63,63,64,64,65,66,67,68,69,70,71,72,73,73,74,74,74,73,72,71,69,67,64,60,57,53,48,44,39,34,30,25,21,17,13,9,6,4,2,0,0,0,1,3,5,7,11,14,18,22,25,29,33,37,40,43,45,47,48,49,49,49,48,47,46,45,43,41,39,37,35,33,31,29,28,26,25,24,24,23,23,23,23,23,23,23
46,46,46,46,46,46,46,46,47,47,47,47,48,48,49,49,50,50,51,51,52,52,52,53,53,53,54,54,54,54,54,54,54,54,54,54,53,53,53,53,52,52,52,51,51,51,50,50,50,49,49,49,49,49,48,48,48,48,47,47,47,46,46,46,45,45,44,44,44,43,43,42,42,42,41,41,41,40,40,40,40,39,39,39,39,39,38,38,38,38,38,38,38,38,38,38,38,39,39,39,39,40,40,40,40,41,41,41,41,41,42,42,42,43,43,44,44,44,45,46,46,47,48,48,49,49,50,50,51,52,52,53,53,54,54,55,55,56,57,57,58,58,59,59,60,60,60,60,61,61,61,61,62,62,62,62,63,63,64,64,65,66,67,67,68,69,69,70,70,70,70,70,69,68,67,66,64,62,60,57,55,52,49,47,44,41,38,36,33,31,29,27,25,23,22,21,21,21,21,21,22,23,24,25,26,28,29,30,31,32,33,33,33,34,33,33,33,33,32,32,31,31,30,30,29,28,28,27,27,26,26,26,26,25,25,25,25,25,25,25
47,47,47,47,47,47,47,48,48,48,48,49,49,49,50,50,50,51,51,52,52,52,53,53,53,54,54,54,54,54,54,54,54,54,54,54,54,53,53,53,53,52,52,52,51,51,51,50,50,50,50,49,49,49,48,48,48,48,47,47,47,46,46,46,45,45,44,44,43,43,43,42,42,42,41,41,41,40,40,40,40,39,39,39,39,38,38,38,38,38,38,38,38,38,38,38,38,38,38,39,39,39,39,39,40,40,40,40,41,41,41,41,42,42,42,43,43,44,44,45,45,46,47,47,48,49,49,50,50,51,51,52,52,53,54,54,55,55,56,57,57,58,58,59,59,59,60,60,60,60,60,61,61,61,61,62,62,62,63,63,63,64,64,64,64,65,65,65,65,65,65,65,65,65,65,65,65,65,65,64,64,64,64,63,63,63,62,62,61,61,60,60,59,58,57,56,55,55,54,53,53,52,51,51,50,49,48,48,47,46,45,44,43,41,40,39,38,37,36,35,35,34,33,32,32,31,30,30,29,28,28,27,27,26,26,26,26,26,26,26
48,48,48,48,48,48,48,48,48,48,49,49,49,50,50,50,51,51,52,52,52,53,53,53,54,54,54,54,54,54,54,55,55,55,55,54,54,54,54,54,54,53,53,53,53,52,52,52,51,51,50,50,50,50,49,49,48,48,48,47,47,47,46,46,45,45,44,44,43,43,42,42,42,41,41,41,41,40,40,40,40,39,39,39,39,38,38,38,38,38,38,38,38,38,38,38,38,38,38,38,39,39,39,39,40,40,40,40,40,41,41,41,41,42,42,43,43,43,44,45,45,46,46,47,48,48,49,49,50,50,51,51,52,52,53,53,54,55,55,56,56,57,57,58,58,59,59,59,59,60,60,60,60,61,61,61,62,62,62,63,63,63,63,63,63,63,64,64,64,64,64,64,64,64,64,65,65,65,64,64,63,63,62,62,61,61,61,61,61,62,63,64,66,68,71,74,78,82,86,91,96,101,105,110,114,118,122,125,127,129,130,129,128,126,123,119,114,109,104,98,92,85,78,72,65,59,52,46,41,36,31,27,24,22,21,20,19,19,20,20
48,47,47,47,47,48,48,48,48,48,48,49,49,49,50,50,50,51,51,52,52,52,53,53,53,54,54,54,54,54,55,55,55,55,55,55,55,55,55,55,54,54,54,54,53,53,53,52,52,52,51,51,51,50,50,49,49,49,48,48,47,47,46,46,45,45,44,44,43,43,42,42,42,41,41,41,41,40,40,40,40,39,39,39,39,38,38,38,38,38,38,38,38,38,38,38,38,38,38,39,39,39,39,39,40,40,40,40,41,41,41,41,42,42,42,43,43,44,44,45,45,46,47,47,48,48,48,49,49,50,50,51,51,51,52,52,53,54,54,55,56,56,57,57,58,58,58,59,59,59,60,60,60,61,61,61,62,62,63,63,63,64,64,64,64,64,64,64,64,64,64,65,65,65,65,65,65,64,62,61,59,57,55,53,51,49,48,48,48,49,51,54,57,62,69,76,85,95,105,116,128,139,150,161,172,182,191,199,205,210,214,215,215,212,207,201,193,184,174,163,151,138,125,112,100,87,75,63,52,43,34,27,22,17,15,13,12,12,13,14
47,47,47,47,47,47,47,47,48,48,48,48,49,49,49,50,50,51,51,51,52,52,52,53,53,53,54,54,54,54,54,54,54,55,55,55,55,55,54,54,54,54,54,54,53,53,53,52,52,52,51,51,51,50,50,49,49,49,48,48,47,47,46,46,45,45,44,44,43,43,42,42,42,41,41,41,41,40,40,40,40,39,39,39,39,38,38,38,38,38,38,38,38,38,38,38,38,38,39,39,39,39,39,40,40,40,40,40,40,41,41,41,41,42,42,42,43,43,44,44,45,45,46,46,47,47,48,48,48,49,49,50,50,51,51,52,52,53,54,54,55,56,56,57,57,58,58,59,59,60,60,60,61,61,61,61,62,62,62,62,62,61,61,61,60,60,60,59,59,59,58,58,58,58,58,58,58,57,56,55,54,52,51,50,49,48,48,48,48,50,52,54,58,63,68,75,83,91,100,110,120,129,139,148,157,166,173,180,185,190,193,194,193,191,186,181,174,166,157,147,137,126,115,104,93,82,71,61,52,43,36,30,25,21,19,17,17,17,17,19
47,47,47,47,47,47,47,47,47,47,48,48,48,49,49,49,50,50,51,51,51,52,52,52,53,53,53,53,54,54,54,54,54,54,54,54,54,54,54,53,53,53,53,53,52,52,52,51,51,51,50,50,50,50,49,49,49,48,48,47,47,47,46,46,45,45,44,44,43,43,43,42,42,42,41,41,41,40,40,40,40,39,39,39,39,39,38,38,38,38,38,38,38,38,38,38,38,39,39,39,39,39,39,40,40,40,40,40,40,40,40,41,41,41,41,41,42,42,43,43,44,44,45,45,46,46,47,47,48,48,49,49,50,50,51,51,52,53,53,54,55,55,56,57,57,58,59,59,60,60,60,61,61,61,61,61,61,61,61,60,60,59,58,58,57,56,55,54,53,53,52,51,51,51,51,51,51,51,51,51,52,52,53,53,54,54,55,56,57,58,59,61,62,64,66,68,70,73,75,78,81,83,86,88,90,92,94,95,96,97,97,96,95,94,92,89,86,83,80,76,72,68,64,60,56,52,49,45,42,39,36,34,32,30,29,29,29,29,29,29
46,46,46,46,46,46,46,46,46,47,47,47,48,48,48,49,49,49,50,50,51,51,51,52,52,52,52,53,53,53,53,53,53,53,53,53,53,52,52,52,52,52,51,51,51,50,50,50,50,49,49,49,48,48,48,48,47,47,47,47,46,46,46,45,45,44,44,43,43,43,42,42,42,41,41,41,41,40,40,40,40,39,39,39,39,38,38,38,38,38,38,38,38,38,38,38,38,38,38,38,38,39,39,39,39,39,39,39,39,39,40,40,40,40,40,41,41,42,42,42,43,44,44,45,45,46,46,46,47,47,48,48,49,49,50,50,51,52,53,53,54,54,54,54,54,54,54,54,54,54,54,54,55,56,57,58,60,62,65,67,70,73,76,79,82,85,88,91,93,96,98,100,102,103,104,104,104,103,103,101,100,98,96,94,92,89,86,83,81,78,75,72,69,66,64,61,59,57,55,54,52,51,50,48,47,46,45,44,43,42,41,40,39,38,37,36,36,36,35,35,35,35,36,36,36,36,36,37,37,37,37,37,37,37,37,37,37,37,37,37
45,45,45,45,45,45,45,45,46,46,46,46,47,47,48,48,48,49,49,50,50,50,51,51,51,52,52,52,52,52,52,52,52,52,52,52,52,52,51,51,51,51,50,50,50,49,49,49,48,48,48,48,47,47,47,47,46,46,46,45,45,45,45,44,44,43,43,43,42,42,42,42,41,41,41,41,40,40,40,40,40,39,39,39,39,38,38,38,38,38,37,37,37,37,37,37,37,37,37,37,37,37,38,38,38,38,38,38,39,39,39,39,40,40,40,41,41,41,42,42,43,43,44,44,45,45,46,46,46,47,47,48,48,49,49,50,50,51,52,52,52,51,51,49,48,47,46,45,44,44,44,44,45,47,50,54,59,65,72,79,88,97,106,116,125,135,144,153,162,170,177,183,188,192,194,195,194,192,188,183,177,170,163,155,146,137,127,118,109,100,91,83,75,68,63,58,54,51,49,47,46,46,46,46,47,47,48,49,49,49,49,49,48,47,46,45,44,43,43,42,42,41,41,41,40,40,39,39,39,38,38,38,37,37,37,37,37,37,37,37
44,44,44,44,44,44,44,44,44,45,45,45,46,46,46,47,47,47,48,48,49,49,49,50,50,50,50,50,50,51,51,51,50,50,50,50,50,50,50,49,49,49,49,48,48,48,47,47,47,46,46,46,46,46,45,45,45,45,44,44,44,44,43,43,43,42,42,42,42,41,41,41,41,41,41,40,40,40,40,40,40,39,39,39,39,38,38,38,38,38,37,37,37,37,37,37,37,37,37,37,37,37,37,37,38,38,38,38,39,39,39,39,40,40,41,41,41,42,42,43,44,44,44,45,45,46,46,46,46,47,47,47,48,48,49,49,50,50,51,51,51,50,49,48,46,45,43,42,41,41,41,41,43,45,48,53,58,65,73,82,92,102,113,124,135,146,157,168,178,187,195,202,208,213,215,216,215,212,208,202,195,187,178,168,157,146,135,124,113,103,93,83,75,67,61,56,53,50,48,47,47,47,48,49,51,52,54,55,57,58,58,58,57,56,55,54,53,52,51,50,49,48,47,46,45,44,43,42,41,41,40,39,39,38,38,38,38,38,38,38
43,43,43,43,43,44,44,44,44,44,44,44,45,45,45,46,46,46,47,47,47,47,48,48,48,48,48,49,49,49,49,49,49,49,48,48,48,48,48,48,47,47,47,47,47,46,46,46,46,45,45,45,45,45,45,44,44,44,44,44,43,43,43,43,42,42,42,42,41,41,41,41,41,41,40,40,40,40,40,40,39,39,39,39,39,39,38,38,38,38,38,38,37,37,37,37,37,37,37,37,38,38,38,38,38,39,39,39,40,40,40,41,41,41,42,42,43,43,43,44,44,45,45,46,46,46,47,47,47,47,47,48,48,48,49,49,50,50,51,51,51,51,51,50,50,49,49,49,48,48,48,49,50,51,53,55,58,62,66,71,76,81,87,93,99,104,110,115,120,125,129,132,135,137,138,138,137,135,132,128,124,119,114,108,102,96,89,83,77,71,66,61,56,52,49,47,45,44,44,44,45,46,47,49,50,52,54,55,56,57,58,58,58,58,57,56,56,55,54,53,52,50,49,48,47,46,45,44,43,42,41,41,40,40,39,39,39,39,39,39
42,42,42,42,42,42,42,43,43,43,43,43,43,44,44,44,44,44,45,45,45,45,46,46,46,46,46,46,46,46,46,46,46,46,46,46,46,46,46,46,46,46,45,45,45,45,45,45,44,44,44,44,44,44,44,44,43,43,43,43,43,43,42,42,42,42,42,41,41,41,41,41,40,40,40,40,40,40,40,39,39,39,39,39,39,39,39,39,38,38,38,38,38,38,38,38,38,39,39,39,39,39,39,40,40,40,40,41,41,41,42,42,42,42,43,43,44,44,44,45,45,46,46,46,47,47,47,48,48,48,48,48,49,49,49,50,50,51,51,52,52,53,53,54,54,55,55,55,56,56,57,57,57,58,58,58,59,59,59,60,60,60,59,59,59,59,59,59,59,59,59,59,59,59,60,61,61,62,63,64,65,67,68,69,70,71,72,73,74,75,75,76,76,76,76,76,76,75,75,74,73,72,71,70,69,68,67,66,64,63,62,60,59,57,56,55,54,53,52,51,50,49,48,47,47,46,45,44,44,43,42,42,41,41,40,40,40,40,40,40
43,43,43,43,43,43,43,42,42,41,41,40,39,38,37,36,35,34,33,32,32,31,30,29,29,28,28,28,28,29,29,30,30,31,32,33,34,35,36,37,39,40,41,42,43,43,44,45,45,45,46,46,46,46,46,46,46,46,46,46,46,45,45,45,45,45,44,44,44,43,43,43,42,42,41,41,41,40,40,40,39,39,39,39,38,38,38,38,38,38,38,39,39,39,39,39,39,40,40,40,40,40,41,41,41,41,41,42,42,42,42,42,42,43,43,43,44,44,44,45,45,46,46,46,47,47,47,48,48,48,49,49,49,50,50,51,51,52,52,53,53,54,54,55,55,56,56,57,57,58,58,58,58,59,59,59,59,59,58,57,56,54,53,51,49,47,45,44,43,42,42,43,44,46,49,53,58,63,70,77,85,92,101,109,117,125,132,139,146,151,156,160,163,164,165,163,161,157,153,148,142,135,128,121,113,106,98,90,83,76,70,64,58,54,50,47,45,43,42,41,41,41,41,41,42,42,43,43,43,43,42,42,41,41,41,40,40,40,40,41
40,40,40,40,40,40,40,40,40,40,40,40,40,41,41,41,41,41,41,41,41,42,42,42,42,42,42,42,42,43,43,43,43,43,43,43,43,43,43,43,43,43,43,43,43,43,43,43,43,43,43,43,42,42,42,42,42,42,42,41,41,41,41,41,41,40,40,40,40,40,40,40,39,39,39,39,39,39,39,39,39,39,39,39,39,39,39,39,39,40,40,40,40,40,40,41,41,41,41,41,42,42,42,42,42,43,43,43,43,43,43,43,43,43,43,44,44,44,44,45,45,46,46,46,47,47,48,48,48,49,49,50,50,50,51,51,52,52,53,54,54,54,55,55,55,56,56,56,56,57,57,57,57,58,58,58,59,59,59,58,57,56,54,52,50,49,47,46,46,46,47,49,51,55,60,66,73,82,91,102,113,124,136,147,159,170,180,190,199,207,213,218,221,223,222,220,216,210,203,194,185,175,164,152,141,129,117,106,95,84,74,65,58,51,46,42,39,37,35,35,35,35,36,37,38,39,40,41,42,42,42,42,41,41,40,40,40,40,40,40
29,28,28,28,28,29,31,33,36,40,44,50,55,62,68,75,82,90,96,103,110,116,121,126,130,133,135,136,136,135,132,129,125,121,115,109,103,97,90,83,76,70,63,57,51,46,41,37,33,30,27,25,23,22,21,20,19,19,19,19,19,19,19,19,19,19,19,20,21,21,23,24,25,26,28,30,31,33,34,36,37,38,39,40,41,42,42,43,43,43,43,43,43,43,43,43,43,43,43,43,43,43,44,44,44,44,44,44,44,44,44,44,44,45,45,45,45,45,46,46,46,47,47,47,48,48,48,49,49,50,50,50,51,51,51,52,52,53,53,54,54,54,55,55,55,55,56,56,56,56,56,57,57,57,57,58,58,58,58,58,57,56,55,54,53,52,51,50,50,50,51,52,54,57,60,64,69,75,82,89,97,104,112,120,128,135,143,149,155,161,165,168,170,171,171,169,166,162,157,152,145,138,131,123,115,107,99,91,83,76,69,63,57,53,49,46,43,42,40,40,39,39,40,40,41,41,42,42,43,43,42,42,41,41,40,40,40,40,40,40
20,18,17,17,18,20,23,27,33,40,48,58,69,81,93,106,119,132,145,158,170,181,191,200,208,214,217,219,219,216,212,206,198,189,179,168,157,144,132,119,106,93,81,69,58,48,39,31,24,19,14,10,6,4,2,1,0,0,0,0,0,0,0,0,1,1,1,3,4,6,8,10,13,16,19,22,25,28,31,33,36,38,40,42,44,45,46,46,47,47,47,47,47,46,46,46,45,45,45,44,44,45,45,45,45,45,45,46,46,46,46,46,46,46,46,46,47,47,47,47,48,48,48,49,49,49,49,50,50,50,51,51,51,51,52,52,52,53,53,53,54,54,54,54,55,55,55,55,55,55,56,56,56,56,56,57,57,57,58,58,58,58,58,58,58,58,59,59,59,59,59,60,60,61,62,63,64,65,66,67,68,70,71,72,74,75,76,77,78,79,79,80,80,80,80,79,79,78,77,76,75,74,72,71,70,68,66,65,63,62,60,58,57,55,54,53,52,51,50,49,48,47,47,46,46,45,44,44,43,43,42,42,41,41,41,40,40,40,40,41
21,20,19,19,20,21,24,27,32,37,44,52,60,70,80,90,101,111,122,132,141,150,158,165,171,176,179,181,180,178,175,170,164,158,150,141,132,122,112,102,92,82,72,63,54,47,39,33,28,24,20,17,14,12,11,10,9,9,9,9,10,10,10,10,11,11,11,12,14,15,17,19,21,23,25,27,30,32,34,36,39,40,42,44,45,46,46,47,47,47,47,47,47,47,47,46,46,46,46,46,46,46,46,46,47,47,47,47,47,47,48,48,48,48,48,48,48,49,49,49,49,50,50,50,50,50,51,51,51,51,51,51,52,52,52,52,52,53,53,53,54,54,54,54,54,55,55,55,55,55,55,56,56,56,56,57,57,57,58,58,58,59,59,60,60,60,61,61,61,61,62,62,62,61,61,61,60,60,59,58,57,56,55,54,53,52,51,50,49,49,48,47,47,47,46,47,47,47,48,49,49,50,51,52,53,54,55,55,56,56,57,57,57,56,56,55,55,54,53,52,51,50,49,48,47,46,45,44,44,43,42,42,41,41,41,40,40,40,40,40
30,30,30,30,30,30,31,32,33,34,36,38,41,43,46,48,51,54,57,59,62,64,66,68,70,71,72,73,73,73,72,71,70,69,67,65,63,60,58,56,53,51,49,47,45,43,41,40,39,38,37,37,36,36,36,36,36,36,36,36,36,36,36,36,37,37,37,37,37,38,38,38,39,39,40,40,41,41,42,42,43,43,44,44,45,45,45,45,46,46,46,46,46,46,46,46,46,46,47,47,47,47,47,48,48,48,48,48,48,49,49,49,49,49,49,49,50,50,50,50,51,51,51,51,51,51,51,51,52,52,52,52,52,52,52,52,53,53,53,53,54,54,54,54,54,55,55,55,55,56,56,56,56,56,57,57,57,57,58,58,58,58,58,59,59,59,59,59,59,59,59,59,59,59,60,60,60,60,60,60,60,60,60,60,60,60,60,60,60,60,60,59,59,59,59,59,59,59,59,59,59,59,59,59,59,59,59,59,59,58,58,57,57,56,55,55,54,53,52,51,50,49,48,47,47,46,45,44,43,43,42,41,41,41,40,40,40,40,40,40
33,33,34,34,33,33,33,33,32,32,31,30,30,29,28,26,25,24,23,22,21,20,20,19,19,18,18,19,19,20,21,21,23,24,25,26,28,29,31,32,34,35,37,38,40,41,43,44,45,46,46,47,48,48,48,49,49,49,49,50,50,50,50,50,50,50,50,50,50,50,50,50,49,49,49,48,48,48,47,47,47,47,47,47,47,47,47,47,47,47,47,47,48,48,48,48,48,49,49,49,49,49,50,50,50,50,50,50,51,51,51,51,51,51,51,51,51,51,52,52,52,52,52,52,52,52,52,52,52,52,52,52,52,52,53,53,53,53,53,53,53,54,54,54,54,54,54,55,55,55,55,55,56,56,56,56,56,56,57,57,57,57,57,57,57,57,57,57,57,57,58,58,58,58,58,58,58,59,59,59,59,60,60,60,60,61,61,61,61,61,61,62,62,62,61,61,61,61,61,61,61,61,61,61,61,60,60,60,59,59,58,58,57,56,55,54,54,53,52,51,50,49,48,48,47,46,45,44,44,43,42,42,41,41,41,41,41,41,41,41
31,31,31,31,31,31,31,31,31,31,31,31,31,31,30,30,30,30,30,29,29,29,29,29,29,29,30,30,31,31,32,32,33,33,34,35,35,36,37,38,38,39,40,41,41,42,43,43,44,44,45,45,46,46,46,46,46,47,47,47,47,47,47,48,48,48,48,48,49,49,49,49,49,49,49,49,49,49,49,49,49,49,49,49,49,49,50,50,50,50,50,50,50,50,51,51,51,51,51,51,51,52,52,52,52,52,52,52,52,52,52,52,52,52,52,52,52,52,52,52,53,53,53,53,53,53,53,53,53,53,53,53,53,53,53,53,53,53,53,53,53,53,54,54,54,54,54,54,54,54,54,54,54,55,55,55,55,55,55,55,56,56,56,56,56,56,56,56,56,56,57,57,57,57,57,58,58,58,58,59,59,59,59,60,60,60,60,61,61,61,61,61,61,61,61,61,61,61,61,61,61,61,61,61,61,60,60,60,59,59,58,58,57,56,55,54,54,53,52,51,50,49,49,48,47,46,45,45,44,43,43,42,42,41,41,41,41,41,41,41
28,28,28,28,28,28,28,28,29,29,29,30,30,30,31,31,31,32,32,33,33,33,34,34,35,35,36,37,37,38,38,39,39,39,40,40,40,41,41,41,41,42,42,42,43,43,44,44,44,45,45,45,46,46,46,46,46,47,47,47,47,47,47,48,48,48,48,48,48,48,48,48,48,48,48,48,48,48,48,48,48,48,49,49,49,49,50,50,50,51,51,51,52,52,52,52,53,53,53,54,54,54,54,54,54,54,54,54,54,54,54,54,54,54,54,54,54,54,53,53,53,53,53,53,53,53,53,53,53,53,53,53,53,53,53,53,53,53,53,53,53,53,53,53,53,53,53,53,53,53,53,53,53,53,53,53,53,53,54,54,54,54,54,54,54,55,55,55,55,55,55,56,56,56,56,57,57,57,58,58,58,59,59,59,59,60,60,60,60,60,60,61,61,61,61,61,61,61,61,61,61,61,60,60,60,60,60,59,59,59,58,58,57,56,56,55,54,53,53,52,51,50,50,49,48,48,47,46,46,45,45,44,44,43,43,43,43,43,43,43
25,25,25,25,25,25,25,26,26,26,27,27,28,28,29,29,30,30,31,31,32,32,33,34,34,35,36,36,37,38,38,39,39,40,40,40,41,41,41,42,42,42,43,43,44,44,45,45,46,46,47,47,48,48,49,49,49,50,50,50,50,50,50,50,49,49,49,48,47,46,45,44,43,42,41,40,39,38,37,37,36,36,36,36,37,37,38,39,40,41,42,44,45,46,47,49,50,51,52,53,54,55,56,56,57,57,57,57,57,57,57,56,56,56,55,55,55,54,54,54,54,54,53,53,53,53,53,53,53,53,52,52,52,52,52,52,52,52,52,52,52,52,52,51,51,51,51,51,51,51,51,51,52,52,52,52,52,52,52,53,53,53,53,53,54,54,54,54,55,55,55,55,56,56,56,57,57,57,57,58,58,58,58,59,59,59,59,59,59,60,60,60,60,60,60,60,60,60,60,60,60,60,60,59,59,59,59,59,58,58,58,57,57,56,56,56,55,55,54,54,53,53,53,52,52,51,51,50,50,50,49,49,49,49,49,49,49,49,49,49
22,22,22,22,22,22,23,23,23,24,24,25,25,26,26,27,27,28,29,29,30,31,32,32,33,34,35,36,36,37,38,38,39,40,40,40,41,41,42,42,42,43,43,44,44,45,45,46,46,46,47,47,47,47,47,47,47,47,47,47,47,48,48,49,50,51,52,54,55,56,58,59,60,62,63,64,66,67,68,69,69,70,70,71,71,71,70,70,69,68,68,67,66,65,63,62,61,60,59,58,57,57,56,56,55,55,55,55,54,54,54,54,54,54,54,55,54,54,54,54,54,54,53,53,53,53,53,53,52,52,52,52,52,52,51,51,51,51,51,51,51,50,50,50,50,50,50,50,50,50,50,50,50,50,50,50,50,51,51,51,51,52,52,52,52,53,53,53,54,54,54,54,55,55,55,56,56,56,57,57,57,57,57,58,58,58,58,58,58,58,58,59,59,59,59,59,59,59,59,59,59,60,60,60,60,60,59,59,59,59,58,58,57,56,55,54,54,53,52,51,50,49,48,47,46,45,44,43,43,42,41,40,40,40,39,39,39,39,39,39
23,23,23,23,23,23,23,23,24,24,25,25,25,26,26,27,27,28,28,29,29,30,31,31,32,33,33,34,35,36,37,38,38,39,40,41,41,42,43,43,44,44,44,45,45,45,45,45,44,42,41,39,36,34,32,30,29,27,26,26,26,27,29,31,35,40,45,52,59,66,74,82,90,98,106,114,121,128,135,140,145,148,151,152,152,151,148,145,141,136,130,124,118,111,104,97,91,84,78,72,67,63,59,56,54,52,51,50,50,50,50,51,51,52,53,53,54,54,54,54,54,53,53,53,52,52,52,52,52,52,51,51,51,51,51,51,51,51,50,50,50,50,50,50,49,49,49,49,49,49,49,49,49,49,49,49,49,49,49,50,50,50,50,51,51,51,51,52,52,52,53,53,53,54,54,54,55,55,55,56,56,56,56,56,57,57,57,57,57,57,57,57,58,58,58,58,58,59,59,60,60,61,61,62,62,62,62,62,61,61,60,58,57,55,53,51,48,46,43,41,38,36,33,31,28,26,23,21,19,17,15,13,12,11,11,10,10,10,10,10
19,19,19,19,19,19,20,20,20,21,21,22,22,23,23,24,24,25,26,26,27,28,28,29,30,31,32,33,34,35,35,36,37,37,38,38,39,39,40,40,41,41,42,43,44,44,45,46,45,45,43,42,40,39,37,36,35,35,35,36,38,41,44,50,56,64,73,83,94,105,117,130,142,154,166,177,188,197,206,213,219,223,225,225,223,219,214,207,198,188,178,166,155,142,130,118,106,94,83,73,64,56,50,45,41,39,37,37,37,38,39,41,43,45,47,49,51,53,54,54,54,54,53,53,53,53,53,52,52,52,52,52,51,51,51,51,50,50,50,50,49,49,49,49,49,48,48,48,48,48,48,48,48,48,48,48,48,48,48,48,49,49,49,49,49,50,50,50,51,51,51,52,52,52,53,53,53,54,54,54,54,55,55,55,55,56,56,56,56,56,56,57,57,57,57,58,58,59,59,60,61,62,62,63,63,64,64,63,63,62,60,59,57,54,51,48,45,42,39,36,32,29,25,22,18,15,12,9,6,3,1,0,0,0,0,0,0,0,0,0
7,7,7,7,7,7,7,8,9,9,10,11,12,13,15,16,17,18,19,21,22,23,25,26,27,29,30,32,33,34,34,34,33,33,32,32,31,30,30,30,31,32,33,35,38,42,47,51,56,61,65,70,75,79,84,89,95,100,106,112,119,126,133,141,149,158,167,176,185,195,204,214,222,230,238,245,250,255,255,255,255,255,255,251,244,236,226,214,201,188,173,158,143,128,112,97,83,69,56,44,34,25,18,12,9,7,7,8,10,13,17,21,26,31,36,40,44,48,51,53,54,55,56,56,56,56,56,55,55,54,54,53,52,51,51,50,50,49,49,49,48,48,48,48,48,47,47,47,47,47,47,47,47,47,47,47,47,47,47,48,48,48,48,48,48,49,49,49,49,50,50,50,51,51,51,52,52,53,53,53,54,54,54,54,55,55,55,55,56,56,56,56,57,57,57,57,58,58,59,59,60,60,61,61,61,62,62,61,61,60,59,58,57,55,53,51,49,47,45,42,40,38,35,33,31,28,26,24,22,20,18,17,16,15,14,14,14,14,14,14
0,0,0,0,0,0,0,0,0,1,2,3,5,6,8,9,11,13,15,16,18,20,22,23,25,27,29,31,32,33,33,32,31,30,28,26,25,24,23,23,23,24,26,30,34,40,48,56,65,74,84,93,104,114,124,135,145,156,166,176,186,195,204,213,221,228,235,241,246,251,255,255,255,255,255,255,255,255,255,254,249,243,235,226,216,205,193,180,166,152,137,123,108,94,79,66,52,40,28,18,9,1,0,0,0,0,0,0,0,0,5,10,16,23,29,35,41,46,50,53,55,56,57,58,58,58,58,57,57,56,55,54,53,52,51,50,49,48,48,48,48,47,47,47,47,47,47,47,47,47,47,47,47,47,47,47,47,47,47,47,47,48,48,48,48,48,48,49,49,49,49,50,50,50,51,51,52,52,52,53,53,53,54,54,54,55,55,55,56,56,56,56,57,57,57,57,58,58,58,58,58,59,59,59,59,59,59,59,58,58,58,57,57,56,56,55,54,54,53,52,52,51,50,49,49,48,47,46,46,45,45,44,44,44,43,43,43,43,43,43
2,1,1,1,1,2,2,3,4,5,6,7,8,9,10,12,13,15,16,17,19,20,22,24,25,27,28,30,32,32,32,32,32,31,30,29,28,27,27,27,27,29,30,33,37,41,47,53,60,67,75,83,91,99,107,115,123,131,138,146,153,160,166,172,177,181,185,189,191,194,195,196,197,196,196,194,192,189,186,182,177,171,165,158,150,142,133,124,115,105,95,85,75,66,56,47,39,31,23,17,11,6,2,0,0,0,1,4,7,11,15,20,25,30,35,39,44,48,51,54,55,57,58,58,58,58,58,57,56,56,55,54,52,51,50,49,49,48,48,47,47,47,47,47,47,47,47,47,47,48,48,48,48,48,48,47,47,47,46,46,45,44,44,43,42,41,41,40,39,39,39,38,38,38,38,39,39,40,41,41,42,43,45,46,47,48,49,51,52,53,54,55,56,57,57,58,59,59,59,59,59,59,59,59,59,59,58,58,58,58,57,57,57,57,57,56,56,56,55,55,55,55,54,54,54,53,53,53,53,52,52,52,52,52,52,52,52,52,52,52
13,13,13,13,13,13,13,14,14,15,15,16,17,17,18,19,19,20,21,22,23,24,24,25,26,28,29,30,31,32,33,33,34,34,35,35,36,36,37,37,38,39,40,41,42,44,46,48,50,52,54,56,58,59,61,63,65,67,69,71,72,74,76,77,79,80,82,83,84,85,86,86,87,87,88,88,88,87,87,86,85,84,83,81,79,77,75,72,70,67,65,62,59,56,54,51,49,46,44,43,41,40,39,39,38,39,39,40,41,43,44,46,47,49,50,52,53,54,55,55,56,56,56,56,56,55,55,54,54,53,52,52,51,50,50,49,49,48,48,48,47,47,47,47,47,47,47,48,48,48,48,48,48,48,48,47,47,47,46,46,45,44,43,42,42,41,40,39,39,38,37,37,37,37,37,37,38,38,39,40,41,42,44,45,46,47,49,50,51,53,54,55,56,57,57,58,59,59,59,60,60,60,60,60,60,59,59,59,58,58,58,57,57,57,56,56,55,55,54,53,53,52,52,51,51,50,50,49,49,48,48,47,47,47,47,47,47,47,47,47
18,18,18,18,18,18,18,18,18,19,19,20,20,21,21,21,22,22,23,23,24,25,25,26,27,28,29,30,31,32,33,34,35,36,37,38,39,40,40,41,42,43,43,44,44,45,45,45,45,45,45,44,44,43,43,42,41,41,40,40,39,39,38,38,38,38,37,37,36,36,35,34,34,33,33,33,33,34,35,36,38,40,43,46,50,55,59,65,70,75,81,86,92,97,102,107,111,115,118,120,122,123,123,122,121,118,115,112,108,104,99,94,89,84,79,74,70,65,62,58,55,53,51,49,48,48,48,48,48,48,49,49,50,50,51,51,51,51,51,51,50,49,48,47,46,45,44,43,42,41,41,41,41,42,43,44,46,48,51,55,59,63,67,71,76,80,85,89,93,97,100,103,106,108,109,110,110,109,108,106,103,100,97,94,90,86,82,78,74,70,67,63,60,58,56,54,53,52,52,52,52,52,53,53,54,55,55,56,57,57,57,57,57,56,56,56,55,54,54,53,53,52,51,51,50,50,49,49,48,48,47,47,46,46,46,46,46,46,46,46
16,16,16,16,16,16,16,17,17,17,18,18,19,19,20,20,21,22,22,23,23,24,25,26,27,28,29,30,31,32,33,34,35,35,36,37,38,38,39,40,41,41,42,43,44,44,45,46,47,47,48,48,48,49,49,49,49,49,50,50,50,50,51,51,52,52,52,51,50,48,47,45,44,42,41,40,40,41,42,44,46,50,55,61,69,77,87,97,107,118,129,139,150,160,170,179,187,194,200,204,207,208,207,204,200,194,187,179,170,160,149,139,128,117,106,95,85,76,68,60,54,49,45,43,41,40,40,40,41,43,44,46,48,50,52,53,54,55,55,54,53,51,49,46,44,41,38,36,34,33,32,32,32,34,36,40,45,51,58,67,77,87,98,109,120,132,143,154,164,174,183,190,196,201,204,205,204,202,198,192,185,177,167,158,147,136,125,115,104,93,84,74,66,59,53,49,45,43,42,41,41,42,43,45,47,49,51,52,54,56,57,57,57,56,56,56,55,54,54,53,53,52,51,51,50,50,49,49,48,48,47,47,46,46,46,46,46,46,46,46
16,16,16,16,16,16,16,17,17,17,18,19,19,20,20,21,21,22,22,23,24,24,25,26,27,28,29,30,31,32,33,34,35,35,36,37,37,38,39,39,40,41,42,42,43,44,45,46,47,48,49,50,50,51,51,52,52,53,53,54,54,55,56,56,57,58,57,57,56,55,53,52,50,49,48,47,47,47,48,50,52,56,61,67,74,82,91,101,111,121,132,142,152,162,171,180,188,194,200,204,206,207,206,203,199,193,186,178,169,160,150,139,129,118,107,97,87,77,69,61,54,48,44,40,37,35,34,33,33,33,34,34,35,36,37,38,38,39,38,38,37,35,34,32,30,29,27,26,26,25,26,26,28,31,34,39,44,51,59,68,78,89,100,111,122,134,145,155,165,175,183,191,197,201,204,205,205,202,198,192,185,177,167,158,147,136,126,115,104,93,84,74,66,59,53,49,45,43,42,41,41,42,43,45,47,49,51,52,54,56,57,57,57,56,56,56,55,54,54,53,53,52,51,51,50,50,49,49,48,48,47,47,46,46,46,46,46,46,46,46
17,17,17,17,17,17,17,17,18,18,19,19,20,20,21,21,22,22,23,24,24,25,26,27,27,28,29,30,31,32,33,34,35,35,36,37,37,38,39,39,40,41,41,42,43,44,45,46,47,48,49,49,50,51,51,52,52,53,53,54,54,55,56,56,57,58,58,58,58,58,58,57,57,57,56,56,56,57,57,58,59,61,63,65,68,71,75,79,82,86,91,95,98,102,106,109,112,114,116,118,119,119,118,117,116,114,111,109,106,102,99,95,91,86,82,78,73,68,64,59,55,51,47,43,39,35,32,29,26,23,21,19,16,15,13,12,11,10,9,9,9,10,10,11,12,14,15,17,20,22,25,28,31,34,38,41,45,49,54,58,62,67,71,76,80,84,88,92,96,99,102,105,107,108,109,110,110,109,108,106,103,100,97,94,90,86,82,78,74,70,67,63,60,58,56,54,53,52,52,52,52,52,53,53,54,55,55,56,57,57,57,57,57,56,56,55,55,54,54,53,53,52,51,51,50,50,49,48,48,47,47,47,46,46,46,46,46,46,46,46
18,18,18,18,18,18,18,19,19,19,20,20,21,21,22,22,23,23,24,25,25,26,27,27,28,29,30,31,32,33,34,35,35,36,37,37,38,39,39,40,41,41,42,43,44,45,46,47,47,48,49,50,50,51,51,52,52,53,53,54,54,55,55,56,57,58,58,59,60,61,61,62,62,63,63,64,64,64,65,65,65,64,64,64,64,63,62,61,60,60,58,57,56,55,54,53,52,51,51,50,50,49,49,49,50,51,52,53,54,55,56,58,59,59,60,60,60,60,59,58,56,53,51,48,44,40,37,33,29,25,21,17,14,11,8,6,4,3,2,2,3,4,6,8,10,13,16,20,23,27,30,33,37,40,42,44,46,48,49,49,49,49,48,47,46,45,44,43,41,40,39,38,38,37,37,37,38,38,39,40,41,42,43,45,46,47,49,50,51,52,54,55,56,57,57,58,59,59,59,60,60,60,60,60,60,59,59,59,58,58,58,57,57,56,56,56,55,54,54,53,53,52,51,51,50,50,49,49,48,48,47,47,47,46,46,46,46,46,46,46
19,19,19,19,19,19,19,19,20,20,21,21,22,22,23,23,24,24,25,25,26,27,27,28,29,30,31,32,33,34,35,35,36,37,38,38,39,40,40,41,41,42,43,44,45,45,46,47,48,49,50,50,51,51,52,52,53,53,53,54,54,55,55,56,57,57,58,59,60,61,62,63,63,64,65,65,66,66,66,66,66,66,65,64,63,62,60,58,57,55,53,50,48,46,44,43,41,39,38,37,36,35,35,36,36,37,39,40,42,44,46,47,49,51,53,54,55,56,56,57,56,55,54,53,51,49,47,45,43,41,38,36,34,32,30,29,28,27,26,26,26,27,27,29,30,31,33,34,36,38,39,41,43,44,45,46,47,47,48,48,47,47,46,45,44,44,43,42,41,40,39,39,38,38,38,38,39,39,40,41,42,43,44,45,47,48,49,50,52,53,54,55,56,57,57,58,59,59,59,60,60,60,60,60,59,59,59,59,58,58,58,57,57,57,56,56,55,55,54,53,53,52,52,51,51,50,50,49,49,48,48,47,47,47,47,47,47,47,47,47
20,20,20,20,20,20,20,21,21,21,22,22,23,23,24,24,25,25,26,27,27,28,29,29,30,31,32,33,34,35,36,37,37,38,39,39,40,41,41,42,43,43,44,45,46,47,47,48,49,50,50,51,51,52,52,53,53,53,54,54,55,55,56,56,57,58,58,59,59,60,60,61,61,61,62,62,62,62,63,63,64,64,65,65,66,67,67,68,69,69,70,71,71,72,72,72,73,73,73,73,73,72,72,71,71,70,69,69,68,67,66,65,64,63,62,60,59,58,57,56,56,55,54,54,53,53,52,52,52,52,52,51,51,51,51,51,51,50,50,50,49,49,49,48,48,48,48,48,47,47,47,47,47,47,47,47,47,47,47,47,47,47,47,47,47,47,48,48,48,48,48,49,49,49,50,50,50,51,51,52,52,52,53,53,54,54,55,55,55,56,56,56,57,57,57,57,58,58,58,58,58,58,58,59,58,58,58,58,58,58,58,57,57,57,56,56,55,55,54,54,53,53,52,51,51,50,50,49,49,49,48,48,48,47,47,47,47,47,47,47
21,21,21,21,21,21,21,22,22,23,23,24,24,25,25,26,26,27,27,28,29,29,30,31,32,33,33,34,35,36,37,38,39,39,40,40,41,42,42,43,43,44,45,45,46,47,48,49,49,50,51,51,52,52,53,53,54,54,55,55,55,56,56,57,58,58,58,58,58,57,56,55,54,53,53,52,52,53,54,55,57,59,63,67,72,78,84,90,97,105,112,119,126,133,139,145,150,155,158,161,163,163,162,160,157,153,147,142,135,128,121,114,106,98,91,83,76,70,64,59,54,50,48,46,44,44,43,44,44,45,46,47,48,49,50,51,52,52,52,52,51,51,50,50,49,49,49,48,48,48,47,47,47,46,46,46,46,46,46,46,46,46,46,46,46,47,47,47,47,48,48,48,49,49,50,50,50,51,51,52,52,53,53,53,54,54,55,55,55,56,56,56,57,57,57,57,58,58,58,58,58,58,58,58,58,58,58,58,58,58,57,57,57,56,56,55,55,54,54,53,53,52,52,51,51,50,50,49,49,48,48,48,47,47,47,47,47,47,47,47
23,23,23,23,23,23,23,23,24,24,25,25,26,26,27,27,28,28,29,29,30,31,32,32,33,34,35,36,37,38,38,39,40,40,41,41,42,42,43,43,44,44,45,46,47,47,48,49,50,51,51,52,53,53,54,54,55,55,55,56,56,57,58,58,59,59,59,58,57,55,54,52,50,49,47,47,46,46,47,49,52,56,61,68,76,85,95,105,116,128,139,151,162,173,184,193,202,209,215,219,222,223,222,218,213,207,199,190,180,170,158,146,135,122,111,99,88,78,68,60,53,47,42,39,37,35,35,35,35,36,38,39,41,43,44,46,47,47,47,47,46,46,46,45,45,45,45,45,45,45,45,45,45,45,45,45,45,45,45,45,46,46,46,46,46,47,47,47,47,48,48,48,49,49,50,50,51,51,51,52,52,53,53,54,54,54,55,55,55,56,56,56,57,57,57,57,58,58,58,58,58,58,58,58,58,58,58,58,58,58,58,57,57,57,56,56,55,55,54,54,53,52,52,51,51,50,50,49,49,48,48,48,47,47,47,47,47,47,47,47
24,24,24,24,24,24,24,25,25,25,26,26,27,27,28,28,29,29,30,30,31,32,32,33,34,35,35,36,37,38,39,40,40,41,41,42,43,43,44,44,45,45,46,47,47,48,49,50,51,52,52,53,54,54,55,55,56,56,57,57,58,58,59,59,60,60,60,60,59,58,57,56,55,54,53,53,52,53,53,55,56,59,63,67,72,78,85,92,99,107,115,123,130,137,144,151,156,161,165,168,170,170,169,167,163,159,153,147,140,133,125,117,109,101,92,85,77,70,63,57,52,48,45,43,41,40,39,39,39,40,41,42,43,44,45,45,46,46,46,46,45,45,45,45,44,44,44,44,44,44,44,44,44,44,44,45,45,45,45,45,45,46,46,46,46,46,47,47,47,48,48,48,49,49,49,50,50,51,51,52,52,53,53,53,54,54,55,55,55,56,56,56,57,57,57,57,58,58,58,58,59,59,59,59,59,59,59,59,59,58,58,58,58,57,57,56,56,55,55,54,54,53,53,52,52,51,51,50,50,49,49,48,48,48,48,48,48,48,48,48
26,25,25,25,25,26,26,26,26,27,27,27,28,28,29,29,30,30,30,31,32,32,33,33,34,35,36,37,38,38,39,40,41,41,42,42,43,44,44,45,45,46,47,47,48,49,50,51,52,53,53,54,55,55,56,56,57,57,58,58,59,59,60,60,61,61,62,62,62,63,63,63,63,63,63,63,63,63,63,64,64,64,65,65,66,67,68,69,70,70,71,72,73,74,75,75,76,76,77,77,76,76,76,75,74,73,72,71,70,68,67,65,64,62,61,59,58,57,55,54,53,52,51,50,49,49,48,48,47,47,47,47,46,46,46,46,46,45,45,45,45,44,44,44,44,44,44,44,44,44,44,44,44,44,45,45,45,45,45,45,46,46,46,46,46,47,47,47,47,48,48,48,49,49,50,50,50,51,51,52,52,53,53,53,54,54,54,55,55,55,56,56,57,57,57,58,58,58,58,59,59,59,59,59,60,60,60,60,59,59,59,59,59,58,58,57,57,57,56,55,55,54,54,53,53,52,52,51,51,50,50,49,49,49,49,49,49,49,49,49
27,27,27,27,27,27,28,28,28,28,29,29,30,30,30,31,31,31,32,32,33,33,34,35,35,36,37,38,38,39,40,41,41,42,43,43,44,44,45,46,46,47,48,48,49,50,51,52,53,53,54,55,55,56,56,57,57,58,58,59,59,60,60,61,61,62,62,63,64,64,65,65,66,66,66,67,67,67,67,67,66,66,65,65,64,63,62,60,59,58,56,55,53,52,50,49,48,47,46,45,44,43,43,43,43,43,43,44,45,46,46,47,48,49,50,51,51,52,52,53,53,53,53,52,52,52,52,51,51,50,50,49,49,48,47,47,46,45,45,44,43,42,41,41,40,39,38,37,37,36,35,35,35,34,34,34,34,34,35,35,36,36,37,38,39,40,41,42,43,44,45,46,47,48,49,50,51,52,52,53,53,54,54,54,55,55,55,55,55,56,56,56,56,57,57,57,58,58,58,59,59,59,60,60,60,60,60,60,60,60,60,60,60,60,59,59,58,58,57,57,56,56,55,55,54,54,53,53,52,52,51,51,51,50,50,50,50,50,50,50
29,29,29,29,29,29,29,29,29,30,30,30,31,31,31,32,32,33,33,33,34,34,35,36,36,37,38,38,39,40,41,41,42,43,43,44,44,45,46,46,47,47,48,49,49,50,51,52,53,54,54,55,55,56,56,57,57,58,58,59,59,59,60,60,61,62,62,63,63,63,64,64,64,65,65,65,65,65,65,65,65,65,65,65,65,65,64,64,64,63,63,63,62,62,61,61,60,60,59,59,58,58,57,57,57,56,56,56,56,56,55,55,55,55,55,55,54,54,54,53,53,52,52,51,51,51,51,50,50,50,50,49,49,48,48,47,46,46,45,44,43,41,40,39,38,36,35,34,33,32,31,30,29,29,29,28,28,29,29,30,31,32,33,34,35,36,38,39,41,42,44,45,47,48,50,51,52,53,53,54,54,55,55,55,55,55,55,55,56,56,56,56,56,56,57,57,58,58,58,59,59,60,60,60,60,61,61,61,61,61,61,61,61,60,60,60,59,59,58,58,57,57,56,56,55,55,54,54,53,53,53,52,52,52,52,52,52,52,52,52
29,29,29,29,29,29,30,30,30,30,31,31,32,32,32,33,33,33,34,34,35,35,36,36,37,38,39,39,40,41,42,42,43,43,44,45,45,46,46,47,47,48,48,49,50,51,51,52,53,54,54,55,55,56,56,57,57,58,58,59,59,60,60,60,61,62,62,62,63,63,64,64,64,64,64,65,65,65,65,65,65,65,65,65,65,65,65,65,64,64,64,64,64,63,63,63,63,62,62,61,61,61,60,60,59,59,59,58,58,58,57,57,57,56,56,55,55,54,54,53,53,52,51,50,49,48,47,45,44,43,43,42,42,41,42,42,43,44,45,47,50,53,56,59,63,66,70,73,77,81,84,87,89,92,94,95,96,96,96,95,93,91,89,86,83,80,77,74,70,67,64,61,58,55,53,52,50,49,49,48,48,49,49,50,50,51,52,53,54,55,56,56,57,58,58,59,59,59,60,60,60,61,61,61,61,61,62,62,62,62,62,61,61,61,61,60,60,60,59,59,58,58,57,57,56,56,55,55,54,54,54,53,53,53,53,53,53,53,53,53
29,29,29,29,29,29,29,30,30,30,31,31,31,32,32,33,33,34,34,35,35,36,36,37,37,38,39,40,41,41,42,43,43,44,44,45,45,46,46,47,47,48,48,49,50,50,51,52,53,54,54,55,55,56,56,57,57,58,58,59,59,60,60,61,61,62,62,63,63,63,64,64,64,64,64,64,65,65,65,65,65,65,64,64,64,64,64,64,64,64,63,63,63,63,62,62,62,61,61,61,60,60,59,59,58,58,58,58,57,57,57,56,56,56,55,55,55,54,54,53,53,52,50,48,46,43,41,38,36,34,33,32,31,31,32,34,37,41,46,53,61,69,79,89,100,111,122,133,143,153,163,172,180,186,191,195,197,197,195,192,187,181,173,165,155,145,135,125,114,103,93,83,74,66,58,52,48,44,41,40,39,39,40,41,42,44,47,49,51,53,56,57,59,60,60,60,61,61,61,61,62,62,62,62,62,62,62,62,62,62,62,62,61,61,61,60,60,60,59,59,58,58,57,57,56,56,55,55,54,54,54,53,53,53,53,53,53,53,53,53
29,29,29,29,29,29,29,29,30,30,31,31,31,32,32,33,33,33,34,34,35,36,36,37,37,38,39,40,41,41,42,43,43,44,44,45,45,46,46,47,47,48,48,49,50,50,51,52,53,54,54,55,55,56,56,57,57,58,58,58,59,59,60,60,61,61,62,62,62,63,63,63,63,64,64,64,64,64,64,64,64,64,64,64,63,63,63,63,63,63,62,62,62,61,61,61,60,60,60,59,59,58,58,58,57,57,57,56,56,56,56,56,55,55,55,55,54,54,54,53,53,52,50,48,46,43,41,38,36,34,32,31,31,31,32,34,38,42,48,55,63,73,83,94,106,118,130,141,153,164,174,184,192,199,205,209,211,211,209,205,200,193,185,176,166,155,144,132,121,109,98,87,78,69,61,54,49,45,42,40,40,40,40,42,43,45,48,50,53,55,57,59,61,62,62,62,63,63,63,63,63,63,64,64,64,64,64,63,63,63,63,63,62,62,62,61,61,61,60,60,59,59,58,58,57,57,56,56,55,55,55,54,54,54,54,54,54,54,54,54
29,29,29,29,29,29,29,30,30,30,31,31,31,32,32,33,33,33,34,34,35,35,36,36,37,38,38,39,40,41,42,42,43,43,44,45,45,46,46,47,47,48,48,49,50,51,51,52,53,54,54,55,55,56,56,56,57,57,57,58,58,59,59,59,60,60,61,61,61,62,62,62,62,63,63,63,63,63,63,63,63,63,63,63,63,62,62,62,62,62,61,61,61,60,60,60,59,59,59,58,58,57,57,57,56,56,56,56,55,55,55,55,55,54,54,54,54,53,53,53,52,52,51,50,49,48,47,45,44,43,43,42,42,42,42,43,45,46,49,52,55,60,64,69,74,79,84,89,94,98,103,107,111,114,116,118,119,120,119,117,115,112,109,105,101,97,92,87,83,78,73,69,65,61,58,56,54,52,51,51,51,51,52,52,53,55,56,57,58,60,61,62,62,63,63,64,64,64,64,64,65,65,65,65,65,65,65,65,65,64,64,64,64,63,63,63,62,62,61,61,61,60,60,59,59,58,58,57,57,56,56,56,56,55,55,55,55,55,55,55
29,29,29,29,29,29,29,29,30,30,30,31,31,31,32,32,32,33,33,34,34,35,35,36,37,37,38,39,40,40,41,42,42,43,44,44,45,45,46,46,47,48,48,49,50,50,51,52,53,53,54,54,55,55,55,56,56,56,57,57,57,58,58,58,59,59,59,60,60,60,61,61,61,61,62,62,62,62,62,62,62,62,62,62,62,62,61,61,61,61,61,60,60,60,59,59,59,58,58,58,57,57,57,56,56,56,56,56,55,55,55,55,55,55,54,54,54,54,54,53,53,53,53,53,53,53,52,52,52,52,52,52,52,52,52,52,51,51,50,50,49,48,48,47,46,45,45,44,43,42,42,41,41,40,40,40,40,41,41,42,42,43,44,45,46,47,48,49,50,51,52,53,54,55,56,57,58,59,60,61,61,62,62,62,63,63,63,63,63,64,64,64,64,65,65,65,66,66,66,66,66,66,66,67,67,67,66,66,66,66,66,66,65,65,65,64,64,63,63,62,62,61,61,60,60,59,59,58,58,58,57,57,57,57,56,56,56,56,56,56
28,28,28,28,28,28,28,28,29,29,29,30,30,31,31,31,32,32,33,33,34,34,35,36,36,37,38,39,40,40,41,42,42,43,44,44,45,45,46,46,47,47,48,49,49,50,51,51,52,53,53,53,54,54,55,55,55,55,56,56,56,57,57,57,58,58,58,59,59,59,60,60,60,60,61,61,61,61,61,61,61,61,61,61,61,61,61,61,61,61,61,60,60,60,60,60,59,59,59,59,58,58,58,58,57,57,57,57,57,56,56,56,56,56,56,56,55,55,55,55,55,54,54,54,54,54,54,54,54,54,54,54,54,54,54,53,53,52,52,51,50,49,48,47,46,45,44,43,42,41,41,40,39,39,39,38,39,39,39,40,40,41,42,43,44,45,46,48,49,50,52,53,54,56,57,59,60,61,62,63,64,65,66,67,67,68,68,69,69,70,70,71,71,71,72,72,72,72,72,72,72,72,71,71,70,70,70,69,68,68,67,67,66,66,65,64,64,63,63,62,62,61,61,60,60,59,59,58,58,58,57,57,57,56,56,56,56,56,56,56
27,27,27,27,27,27,27,27,28,28,29,29,29,30,30,31,31,32,32,33,34,34,35,36,36,37,38,39,40,40,41,42,43,43,44,44,45,45,46,46,47,47,48,48,49,50,50,51,51,52,52,53,53,54,54,54,54,55,55,55,55,56,56,57,57,57,58,58,58,59,59,59,60,60,60,60,60,60,61,61,61,61,61,61,61,61,61,61,61,61,61,61,61,60,60,60,60,60,60,59,59,59,59,59,59,58,58,58,58,58,58,58,57,57,57,57,57,57,56,56,56,56,55,55,55,55,55,54,54,54,54,54,54,54,53,53,53,53,53,53,53,53,53,53,53,53,53,53,53,53,53,53,53,53,54,54,54,54,54,55,55,55,55,56,56,56,56,57,57,57,57,58,58,58,59,59,59,60,60,60,61,61,61,61,62,62,62,62,63,63,63,63,64,64,64,65,65,65,66,66,66,66,67,67,67,67,67,68,68,68,67,67,67,67,66,66,65,65,64,64,63,62,62,61,60,60,59,59,58,58,57,57,56,56,56,56,56,56,56,56
27,27,27,27,27,27,27,27,28,28,28,29,29,30,30,31,31,32,32,33,34,34,35,36,36,37,38,39,40,40,41,42,42,43,44,44,45,45,45,46,46,47,48,48,49,49,50,51,51,52,52,53,53,53,54,54,54,55,55,55,55,56,56,56,57,57,58,58,58,59,59,59,59,60,60,60,60,60,60,61,61,61,61,61,61,61,61,61,61,61,61,61,61,61,60,60,60,60,60,60,59,59,59,59,59,59,58,58,58,58,58,58,58,57,57,57,57,57,57,56,56,56,56,56,55,55,55,55,55,55,54,54,54,54,54,54,54,54,54,54,54,54,54,54,54,54,54,54,54,54,54,55,55,55,55,55,55,56,56,56,57,58,58,59,60,60,61,61,62,62,62,62,61,61,60,59,58,56,55,52,50,48,46,43,41,39,36,34,33,31,30,29,28,28,29,30,31,33,34,37,39,42,44,47,50,53,56,58,61,63,65,67,68,69,70,70,70,70,69,68,68,67,66,64,63,62,61,60,59,59,58,58,57,57,57,57,57,57,57,57
27,27,27,27,27,27,27,27,28,28,29,29,29,30,30,31,31,32,32,33,34,34,35,36,36,37,38,39,40,40,41,42,42,43,44,44,45,45,46,46,47,47,48,48,49,49,50,51,51,52,52,53,53,54,54,54,54,55,55,55,56,56,56,57,57,57,58,58,58,59,59,59,60,60,60,60,60,60,61,61,61,61,61,61,61,61,61,61,61,61,61,61,61,60,60,60,60,60,60,59,59,59,59,59,58,58,58,58,58,58,58,57,57,57,57,57,57,56,56,56,56,56,56,55,55,55,55,55,55,55,54,54,54,54,54,54,54,54,54,54,54,54,54,54,54,54,54,55,55,55,55,55,55,55,56,56,56,56,57,57,58,59,60,61,62,63,63,64,65,65,65,64,64,62,61,59,56,53,50,46,42,37,33,29,24,20,16,12,9,6,4,2,1,1,1,2,4,7,10,14,18,22,27,32,37,41,46,51,55,59,63,66,68,70,72,73,73,73,73,72,71,70,69,67,66,64,63,62,61,60,59,59,58,58,58,58,58,58,58,58
27,27,27,27,27,27,27,27,28,28,28,29,29,30,30,31,31,32,32,33,34,34,35,36,36,37,38,39,40,41,41,42,43,43,44,44,45,45,46,46,47,47,48,49,49,50,50,51,52,52,53,53,53,54,54,54,54,55,55,55,55,56,56,56,57,57,58,58,59,59,60,60,60,61,61,61,62,62,62,62,62,61,61,61,60,60,59,58,57,56,55,55,54,53,52,51,50,49,49,48,48,47,47,47,47,48,48,49,49,50,50,51,52,53,53,54,55,55,56,56,56,56,57,57,57,56,56,56,56,56,55,55,55,55,54,54,54,54,54,54,54,54,54,54,54,54,54,54,54,54,54,55,55,55,55,55,55,56,56,56,57,58,58,59,60,61,61,62,62,62,62,62,62,61,60,58,57,54,52,49,46,43,40,37,34,31,28,26,23,21,20,19,18,18,18,19,21,23,25,28,31,34,38,41,45,49,52,55,59,61,64,66,68,70,70,71,71,71,71,70,69,68,67,66,65,64,63,62,61,60,59,59,59,59,58,58,58,58,58,58
27,27,27,27,27,27,27,27,28,28,28,29,29,30,30,31,32,32,33,33,34,35,35,36,37,38,39,39,40,41,42,43,43,44,44,45,45,46,46,47,47,48,48,49,50,50,51,52,52,53,53,53,54,54,54,54,55,55,55,55,56,56,56,56,57,57,58,58,59,59,60,60,60,61,61,61,62,62,62,62,62,62,61,61,60,60,59,58,57,56,55,54,53,52,51,50,49,48,47,47,46,46,46,46,46,46,47,47,48,49,50,50,51,52,53,54,54,55,56,56,56,57,57,57,57,56,56,56,56,56,55,55,55,54,54,54,54,53,53,53,53,53,53,53,53,53,53,53,53,53,53,53,53,53,53,54,54,54,54,54,55,55,55,55,55,56,56,56,56,57,57,57,57,57,57,58,58,58,57,57,57,57,56,56,56,56,55,55,55,55,55,55,55,55,56,56,57,58,58,59,60,61,62,62,63,64,65,65,66,66,67,67,67,67,67,67,67,66,66,65,65,64,64,63,62,62,61,61,60,60,59,59,59,58,58,58,58,58,58,58
27,27,27,27,27,27,27,28,28,29,29,30,30,31,31,32,32,33,34,34,35,36,36,37,38,39,40,41,42,42,43,44,45,45,46,46,47,47,48,48,48,49,49,50,51,51,52,52,53,53,54,54,54,55,55,55,55,56,56,56,56,57,57,57,57,58,58,58,57,57,56,56,55,55,54,54,54,54,55,55,56,58,60,62,65,68,71,75,79,83,87,91,95,98,102,105,108,111,113,114,115,115,115,114,112,110,107,104,101,97,93,89,85,81,77,73,69,66,62,59,57,55,53,52,51,50,50,50,50,50,50,51,51,51,52,52,52,52,52,52,52,52,52,51,51,52,52,52,52,52,52,52,52,52,52,52,51,51,51,51,50,50,49,48,48,47,47,46,46,46,46,46,46,46,46,47,48,49,50,51,53,54,55,57,58,60,61,62,64,65,66,68,69,69,70,71,71,72,72,72,72,71,71,71,70,70,69,69,68,68,67,67,66,66,65,65,65,64,64,63,63,62,62,62,61,61,61,60,60,59,59,59,59,59,58,58,58,58,58,58
28,28,28,28,28,28,28,28,29,29,30,30,31,32,32,33,33,34,35,35,36,37,38,39,39,40,41,42,43,44,44,45,46,46,47,47,48,48,49,49,49,50,50,51,51,52,53,53,54,54,55,55,55,56,56,56,56,57,57,57,57,57,58,58,58,58,58,57,56,54,52,50,49,47,46,45,44,44,45,47,49,53,58,64,71,79,88,97,107,118,129,139,150,160,169,178,186,193,198,203,205,206,205,203,199,193,186,178,170,160,150,140,129,119,108,98,88,79,71,63,57,52,48,45,43,41,41,41,41,42,43,45,46,47,49,50,51,51,51,51,50,50,50,50,50,50,50,50,51,51,51,51,51,51,50,50,49,49,48,47,46,45,44,43,42,41,40,39,38,37,37,36,36,36,36,36,37,38,39,40,41,43,44,46,48,49,51,53,54,56,58,59,61,62,63,64,65,65,66,66,67,67,67,67,67,67,67,67,66,66,66,66,66,65,65,65,65,64,64,64,63,63,62,62,61,61,61,60,60,60,59,59,59,59,59,59,58,58,59,59
30,30,29,29,30,30,30,30,31,31,32,32,33,33,34,34,35,35,36,37,37,38,39,40,41,41,42,43,44,45,46,47,48,48,49,50,50,51,51,52,52,53,53,54,54,55,56,56,57,57,58,58,58,58,58,59,59,59,59,59,59,59,59,59,59,59,59,58,56,55,53,51,49,48,46,45,45,45,46,47,50,53,58,64,71,79,88,98,108,119,129,140,151,161,170,179,187,194,199,203,205,206,204,200,195,189,181,172,162,151,140,129,117,105,94,83,72,63,54,46,40,35,31,29,27,27,27,28,29,31,34,36,39,41,44,46,47,49,49,49,49,49,48,47,47,46,45,44,44,43,43,43,43,43,44,45,46,48,50,53,55,58,61,64,68,71,74,77,80,83,85,88,90,91,92,93,93,93,92,90,89,87,84,82,79,77,74,71,69,66,64,62,60,58,57,57,56,56,56,56,57,57,58,59,60,60,61,62,63,63,64,64,64,64,64,64,64,64,63,63,62,62,62,61,61,60,60,60,59,59,59,58,58,58,58,58,58,58,58,58
31,31,31,31,31,31,31,32,32,33,33,33,34,34,35,35,36,36,37,37,38,38,39,40,41,42,43,44,45,46,47,48,49,50,52,53,54,54,55,56,57,58,59,60,60,61,62,62,63,63,63,63,63,63,63,62,62,62,61,61,61,61,60,60,60,60,60,59,59,58,58,57,56,56,56,55,55,55,56,56,57,59,60,62,65,68,72,76,80,84,89,93,97,101,105,108,111,113,114,115,115,113,111,108,104,99,94,88,82,75,68,61,55,48,42,36,30,25,21,17,14,13,12,12,13,14,16,18,21,24,27,30,33,36,39,42,44,46,48,49,48,48,46,45,43,41,38,36,35,33,32,32,32,33,35,39,43,49,57,65,74,83,93,104,114,125,135,145,155,164,172,179,184,189,192,193,192,190,186,180,174,166,158,149,139,129,119,109,99,90,81,73,65,59,54,50,47,45,44,44,44,45,47,49,51,53,55,57,59,61,62,63,63,63,63,63,63,63,62,62,62,61,61,60,60,59,59,59,58,58,58,58,57,57,57,57,57,57,57,57
31,31,31,31,31,31,31,32,32,33,33,34,34,35,36,37,37,38,39,40,40,41,42,43,43,44,45,46,46,47,47,47,47,47,47,47,47,47,47,47,47,47,47,47,48,48,49,49,50,50,51,52,52,53,53,54,55,55,56,56,57,58,58,59,59,60,60,61,61,62,62,63,63,64,64,64,64,64,64,64,64,63,63,62,62,61,61,60,60,60,59,59,58,57,56,55,54,53,51,49,47,44,41,38,35,32,28,24,21,17,14,11,7,5,2,0,0,0,0,0,0,0,0,0,1,4,7,10,14,17,21,25,29,32,36,39,42,45,47,48,49,48,47,45,43,40,38,35,33,31,29,29,29,30,33,36,42,49,57,66,77,88,100,112,124,136,148,160,171,181,190,198,205,210,213,215,214,211,206,200,192,183,174,163,152,140,128,117,105,94,83,74,65,58,52,47,44,41,40,40,40,41,43,45,47,49,52,54,57,58,60,61,61,61,61,61,61,61,60,60,60,60,59,59,58,58,58,58,57,57,57,57,57,56,56,56,56,56,56,56
14,14,14,14,14,14,15,16,17,18,19,21,23,25,27,29,31,34,36,38,40,42,44,45,46,47,48,48,48,47,46,44,42,40,38,35,32,30,27,25,22,20,18,17,16,15,15,15,16,16,18,19,20,22,24,26,28,30,32,35,37,39,41,43,46,47,49,51,53,54,55,57,58,59,60,61,61,62,62,63,63,63,64,64,64,64,64,64,64,64,63,63,62,62,61,60,58,57,55,53,50,47,44,41,37,33,29,25,21,17,13,9,5,2,0,0,0,0,0,0,0,0,0,0,0,0,3,6,10,14,18,23,27,31,35,38,41,44,47,48,49,50,49,49,48,46,45,43,41,40,39,38,38,38,38,40,42,46,49,54,59,64,70,75,81,87,93,98,104,109,113,117,120,123,125,126,125,124,122,119,116,112,108,103,98,92,87,82,77,71,67,62,59,55,53,51,49,48,48,48,48,49,50,51,52,53,54,55,56,57,58,59,59,59,59,59,59,59,59,58,58,58,58,58,58,57,57,57,57,57,57,57,56,56,56,56,56,56,56,56
49,49,49,49,49,49,49,49,49,49,49,49,50,51,51,52,53,54,54,55,55,55,55,55,55,54,52,51,49,46,43,40,36,32,28,24,21,17,13,10,7,5,3,1,0,0,1,3,5,8,11,15,19,24,28,33,38,43,48,53,57,62,66,69,72,75,76,78,78,79,78,78,77,76,75,74,73,71,70,68,67,66,66,65,65,65,65,66,66,67,67,68,68,69,69,69,68,68,67,65,64,61,59,56,52,49,45,41,37,33,29,25,21,17,14,11,8,6,4,3,3,3,3,5,7,9,11,14,17,21,24,28,31,34,37,40,43,45,47,49,50,50,51,51,51,51,50,50,49,48,47,47,46,45,44,44,43,43,42,42,41,41,40,40,39,39,38,38,38,37,37,37,37,37,37,38,38,39,39,40,41,41,42,43,44,45,46,47,48,49,50,51,52,52,53,54,54,55,55,56,56,56,56,56,56,56,56,56,56,57,57,57,57,57,57,57,57,57,57,57,57,57,57,56,56,56,56,56,56,56,56,56,56,56,56,56,56,56,56,56
163,164,164,164,164,163,161,159,156,152,148,143,138,133,128,122,116,111,105,99,93,87,81,75,70,64,59,53,48,43,39,35,31,27,24,21,19,17,15,15,15,15,16,18,21,24,29,34,41,48,56,65,74,84,93,103,112,121,129,137,144,151,156,160,162,163,163,161,158,154,149,143,137,130,123,115,108,100,93,86,80,74,69,65,62,59,58,57,57,57,57,58,59,60,62,63,64,65,65,65,64,63,62,60,58,56,54,52,49,47,45,43,41,39,37,35,33,32,31,30,29,29,29,29,30,31,32,33,35,36,38,39,41,42,43,45,46,47,47,48,48,48,49,49,49,48,48,48,48,47,47,46,46,45,44,44,43,42,41,40,39,38,37,36,35,33,32,31,30,30,29,28,28,28,28,28,29,29,30,31,32,34,35,36,38,39,41,42,44,46,47,48,50,51,52,53,54,55,55,56,56,56,56,56,56,56,56,56,56,56,56,56,56,56,56,56,56,56,56,56,56,56,56,56,55,55,55,55,55,55,55,54,54,54,54,54,54,54,54,54
239,241,241,241,241,239,236,232,227,221,213,205,197,188,178,168,158,148,137,127,117,107,97,87,79,70,62,55,49,43,39,35,31,29,27,26,26,27,28,30,33,36,40,45,51,57,63,71,80,90,101,112,124,135,147,158,169,180,190,199,206,213,218,221,223,222,220,216,210,203,195,185,175,165,153,142,131,120,109,98,88,80,72,65,60,56,53,51,50,50,51,52,53,55,57,58,60,62,63,64,65,65,64,64,64,63,63,62,62,61,61,61,60,60,59,59,58,58,57,56,56,55,54,54,53,53,53,52,52,52,51,51,50,50,50,49,49,48,48,47,47,47,46,46,46,45,45,45,45,44,44,44,44,44,43,43,43,43,43,42,42,42,42,42,42,42,42,42,42,42,42,42,42,43,43,43,43,44,44,44,45,45,45,46,46,46,47,47,48,48,48,49,49,50,50,51,51,52,52,53,53,53,54,54,54,55,55,55,55,56,56,56,56,56,56,56,56,56,56,56,55,55,55,55,54,54,54,54,53,53,53,53,53,53,53,53,53,53,53,53
176,177,178,178,177,176,174,172,169,164,159,154,148,142,136,129,123,116,109,102,95,89,82,76,71,65,60,56,52,49,46,44,43,42,41,41,42,43,44,46,48,51,54,58,62,66,71,76,82,89,96,103,111,118,126,133,140,147,153,159,164,168,171,173,173,173,171,168,164,160,154,148,141,134,127,119,111,104,97,90,83,77,72,67,64,61,59,58,57,57,57,58,58,59,61,62,63,64,65,66,66,66,66,66,66,66,66,66,66,66,66,67,67,67,66,66,66,66,65,65,64,63,63,62,61,60,59,59,58,57,56,55,54,53,53,52,51,50,49,48,48,47,47,46,46,46,46,45,45,45,45,45,45,45,45,44,44,44,44,43,43,43,43,43,42,42,42,42,42,42,42,42,42,42,42,43,43,43,43,43,44,44,44,44,45,45,45,46,46,47,47,47,48,48,49,49,50,50,51,51,52,52,52,53,53,53,54,54,54,54,54,55,55,55,55,55,55,55,55,54,54,54,54,53,53,53,53,52,52,52,52,52,52,52,52,52,52,52,52,52
62,62,62,62,62,62,62,62,62,62,61,61,61,60,60,59,59,58,58,58,57,57,56,56,56,56,56,56,56,56,56,56,56,57,57,57,57,58,58,59,59,60,61,61,62,63,64,66,67,68,70,71,72,74,75,76,78,79,80,81,82,83,83,84,84,84,84,84,84,83,82,82,81,80,79,78,77,76,75,74,73,72,71,70,70,69,69,69,68,68,68,68,68,68,68,68,68,68,68,68,68,67,67,67,66,66,66,66,65,65,65,65,64,64,64,63,63,62,62,61,61,60,59,59,58,58,57,57,56,56,55,55,54,53,53,52,52,51,51,50,49,49,49,48,48,48,47,47,47,47,47,46,46,46,46,45,45,45,44,44,44,44,43,43,43,43,43,42,42,42,42,42,42,42,42,42,42,42,43,43,43,43,43,44,44,44,45,45,45,46,46,46,47,47,48,48,49,49,49,50,50,51,51,51,52,52,52,52,53,53,53,53,53,54,54,54,54,53,53,53,53,53,53,52,52,52,52,52,51,51,51,51,51,51,51,51,51,51,51,51
22,22,22,22,22,22,23,23,24,26,27,28,30,31,33,35,36,38,40,42,44,45,47,49,51,52,54,56,57,59,60,61,62,63,63,64,64,65,65,65,65,65,65,65,65,65,65,65,64,64,63,62,61,60,59,58,57,57,56,55,54,54,54,54,54,54,55,55,56,57,58,59,61,62,63,65,66,67,68,70,71,72,72,73,74,74,74,74,74,74,74,74,74,73,73,73,72,72,71,71,70,70,69,69,69,68,68,68,67,67,67,67,66,66,65,65,64,64,63,63,62,61,61,60,60,59,59,59,58,58,58,57,57,56,56,55,54,53,52,51,50,48,47,46,45,44,42,41,40,39,38,37,36,36,35,34,34,33,33,33,33,33,34,34,34,35,35,36,37,37,38,39,40,40,41,41,42,42,43,43,43,43,44,44,44,44,44,44,45,45,45,45,46,46,46,47,47,48,48,48,49,49,49,50,50,50,51,51,51,51,52,52,52,52,52,52,52,52,52,52,52,52,52,52,51,51,51,51,51,51,51,51,50,50,50,50,50,50,50,50
40,40,40,40,40,40,40,40,41,41,42,43,43,44,45,45,46,47,48,48,49,50,51,52,53,54,55,56,57,58,58,59,60,61,61,62,62,63,63,64,64,64,65,65,66,66,67,67,67,68,68,68,68,68,68,68,68,68,68,68,68,68,68,68,69,69,69,70,70,71,71,71,72,72,72,73,73,74,74,74,74,75,75,75,75,75,75,75,75,75,75,75,75,75,74,74,74,74,73,73,72,72,72,71,71,70,70,70,69,69,68,68,68,67,67,66,66,65,64,64,63,62,62,61,61,61,60,60,60,60,59,59,58,58,57,56,55,54,53,51,50,48,46,45,43,41,39,38,36,35,33,32,31,29,28,28,27,26,26,26,26,27,27,28,29,30,31,32,33,34,36,37,38,39,40,40,41,42,42,43,43,43,43,44,44,44,44,44,44,44,44,45,45,45,46,46,47,47,47,48,48,48,49,49,49,50,50,50,51,51,51,51,51,52,52,52,52,52,52,52,52,51,51,51,51,51,51,51,50,50,50,50,50,50,50,50,50,50,50,50
44,44,44,44,44,44,44,44,45,45,46,46,47,47,47,48,48,49,50,50,51,51,52,53,54,54,55,56,57,58,59,59,60,60,61,62,62,63,63,64,64,65,65,66,66,67,68,68,69,70,70,70,71,71,71,72,72,72,73,73,73,73,74,74,74,75,75,76,76,76,76,77,77,77,77,77,77,77,78,78,78,78,78,78,78,78,78,78,77,77,77,77,77,77,77,76,76,76,75,75,75,74,74,73,73,72,72,72,71,71,70,70,70,69,69,68,68,67,66,65,65,64,63,61,60,59,58,56,55,54,53,52,52,51,51,51,52,52,53,55,57,59,62,65,68,71,74,78,81,84,87,89,91,93,94,95,95,94,93,91,89,87,84,80,77,73,69,65,62,58,54,51,47,44,42,39,38,36,35,35,35,35,35,35,36,37,38,39,40,41,42,43,44,44,45,45,45,46,46,47,47,47,48,48,49,49,49,49,50,50,50,50,51,51,51,51,51,51,51,51,51,51,50,50,50,50,50,50,50,50,49,49,49,49,49,49,49,49,49,49
44,44,44,44,44,44,44,44,45,45,46,46,47,47,48,48,49,49,50,51,51,52,53,53,54,55,56,57,57,58,59,60,60,61,61,62,62,63,63,64,64,65,65,66,66,67,68,69,69,70,70,71,72,72,72,73,73,74,74,74,75,75,76,76,76,77,77,78,78,78,79,79,79,79,79,80,80,80,80,80,80,80,80,80,80,79,79,79,79,79,79,79,78,78,78,77,77,77,76,76,75,75,74,74,74,73,73,72,72,72,72,71,71,70,70,69,69,68,68,67,66,64,63,60,58,55,52,50,47,45,43,42,41,41,41,43,45,49,54,60,67,75,85,95,105,116,127,137,148,158,167,175,183,189,194,197,198,197,195,190,185,177,169,160,150,139,128,117,105,94,83,72,62,53,45,39,33,29,26,24,23,23,23,24,26,28,30,32,35,37,39,41,42,43,44,44,45,45,46,46,46,47,47,48,48,48,49,49,49,50,50,50,50,51,51,51,51,51,51,50,50,50,50,50,50,49,49,49,49,49,49,49,48,48,48,48,48,48,48,48
44,44,44,44,44,44,44,44,45,45,46,46,47,47,48,48,49,49,50,51,51,52,53,53,54,55,56,57,58,59,59,60,61,61,62,62,63,63,64,64,65,65,66,66,67,68,69,70,70,71,72,72,73,74,74,75,75,75,76,76,77,77,78,78,79,79,80,80,81,81,81,81,82,82,82,82,82,82,82,82,82,82,82,82,82,82,82,81,81,81,81,81,81,80,80,80,79,79,79,78,78,77,77,76,76,75,75,74,74,74,73,73,72,72,71,71,70,69,69,68,67,65,63,61,58,55,52,49,46,44,42,40,39,39,40,41,44,48,53,60,68,77,87,97,109,120,132,144,155,166,176,185,193,200,205,208,210,209,206,202,195,188,179,169,158,146,134,122,110,98,86,74,64,54,45,38,32,27,24,22,21,20,21,22,24,26,28,31,33,36,38,40,41,43,43,44,44,45,45,46,46,47,47,48,48,48,49,49,50,50,50,50,51,51,51,51,51,51,51,50,50,50,50,49,49,49,49,48,48,48,48,48,48,47,47,47,47,47,47,47
44,44,44,44,44,44,44,44,45,45,46,46,47,47,47,48,49,49,50,50,51,51,52,53,54,55,55,56,57,58,59,60,61,61,62,62,63,64,64,65,65,66,67,67,68,69,70,71,72,72,73,74,74,75,75,76,76,77,77,77,78,78,79,79,80,80,81,81,81,82,82,82,82,83,83,83,83,83,83,83,83,83,83,83,83,83,83,83,83,83,83,83,83,82,82,82,82,81,81,81,80,80,79,78,78,77,77,76,76,75,75,74,73,73,72,71,71,70,69,68,67,65,64,62,60,59,57,55,54,52,51,50,49,49,49,49,49,50,52,54,57,61,64,69,73,78,83,87,92,96,100,104,107,110,112,113,113,113,111,109,106,102,98,94,89,84,79,74,68,63,58,53,49,44,41,38,35,33,32,31,30,30,31,31,32,33,34,35,37,38,39,40,41,42,43,44,44,45,46,47,47,48,49,50,50,51,52,52,53,53,53,54,54,54,54,54,54,53,53,53,52,52,51,51,50,50,49,49,48,48,48,47,47,47,47,47,47,47,47,47
44,44,44,44,44,44,44,44,45,45,46,46,47,47,48,48,49,49,50,50,51,52,53,53,54,55,56,57,58,59,60,61,62,62,63,64,64,65,66,66,67,68,68,69,70,71,72,73,74,74,75,76,76,77,77,78,78,78,79,79,80,80,80,81,81,82,82,83,83,83,84,84,84,84,84,84,85,85,85,85,85,85,85,85,85,85,85,85,85,85,85,85,85,84,84,84,84,83,83,83,82,81,81,80,79,79,78,77,77,76,76,75,74,73,73,72,71,70,69,68,66,65,64,63,63,62,61,61,60,59,59,58,57,57,56,55,53,52,51,49,47,46,44,43,41,40,39,37,36,35,34,33,32,31,30,29,29,28,28,27,27,28,28,28,29,29,30,31,32,32,33,34,35,35,36,37,37,38,38,38,39,39,39,40,40,40,40,40,41,41,41,41,41,42,42,42,42,42,43,43,43,43,43,43,43,43,43,43,43,43,43,43,43,44,44,44,44,44,45,45,45,45,45,46,46,46,46,46,46,47,47,47,47,47,47,47,47,47,47,47
44,43,43,43,43,44,44,44,45,45,46,46,47,48,48,49,49,50,51,52,52,53,54,55,56,57,58,59,60,61,62,63,64,64,65,66,66,67,68,68,69,69,70,71,72,73,74,74,75,76,77,77,78,78,79,79,80,80,80,81,81,82,82,83,83,84,84,85,85,85,86,86,86,86,87,87,87,87,87,87,87,87,87,87,87,87,87,87,87,86,86,86,86,86,85,85,84,84,83,83,82,81,81,80,79,79,78,78,77,76,76,75,75,74,73,72,71,70,69,68,67,66,65,64,63,62,61,61,60,59,59,58,57,56,55,54,53,51,49,48,46,44,42,41,39,37,36,34,33,31,30,29,28,27,26,25,24,24,23,23,23,24,24,25,25,26,27,28,29,30,31,32,33,34,35,36,36,37,38,38,39,40,40,41,41,42,42,42,42,42,42,42,41,41,40,39,38,36,34,33,31,29,27,25,23,22,20,19,18,17,16,16,16,16,17,18,19,21,23,24,26,28,30,33,35,37,39,41,42,44,45,47,48,48,49,49,49,49,49,49
43,43,43,43,43,43,44,44,45,45,46,47,47,48,49,49,50,51,52,53,53,54,55,56,57,59,60,61,62,63,64,65,66,66,67,68,68,69,70,70,71,71,72,73,74,74,75,76,77,78,79,79,80,80,81,81,82,82,82,83,83,84,84,85,85,86,86,87,87,87,88,88,88,89,89,89,89,89,89,89,89,89,89,89,89,89,88,88,88,88,87,87,87,86,86,85,85,84,83,83,82,81,80,79,79,78,77,77,76,76,75,75,74,73,73,72,71,70,69,68,66,65,64,63,62,61,60,59,58,57,56,55,54,53,52,51,50,49,48,47,46,45,44,43,43,42,41,41,41,40,40,39,39,39,38,38,37,37,36,36,35,35,35,34,34,34,34,34,34,34,34,34,34,34,34,34,34,35,35,36,36,37,38,39,40,40,41,41,42,42,42,41,40,39,38,36,34,32,29,26,23,20,17,14,12,9,7,5,3,1,0,0,0,1,2,3,5,7,10,13,16,19,22,25,28,31,34,37,40,42,44,46,48,49,49,50,50,50,50,49
43,43,43,43,43,43,44,44,45,45,46,47,47,48,49,50,50,51,52,53,54,55,56,57,58,59,60,61,63,64,65,66,67,67,68,69,69,70,71,71,72,73,73,74,75,76,77,78,79,80,80,81,82,82,83,83,84,84,84,85,85,86,86,87,87,88,88,89,89,89,90,90,90,90,91,91,91,91,91,91,91,90,90,90,90,90,89,89,89,88,88,88,87,87,87,86,85,85,84,83,82,81,81,80,79,78,77,76,76,75,74,74,73,72,71,70,69,68,67,66,64,63,62,61,60,59,58,57,56,55,54,54,53,52,51,50,49,48,47,46,44,44,43,42,41,40,40,39,39,38,38,37,37,37,36,36,35,35,34,34,34,34,33,33,33,33,33,34,34,34,34,34,34,34,34,35,35,35,35,36,36,36,37,37,38,38,38,39,39,39,39,39,38,38,37,36,35,34,32,31,29,27,26,24,23,21,20,19,18,17,17,17,17,18,18,19,21,22,24,25,27,29,31,33,35,37,39,40,42,43,45,46,47,47,48,48,48,48,48,48
43,43,43,43,43,43,44,44,45,45,46,47,47,48,49,50,50,51,52,53,54,55,56,57,58,59,60,62,63,64,65,66,67,68,69,69,70,71,71,72,73,74,74,75,76,77,78,79,80,81,82,82,83,84,84,85,85,86,86,86,87,87,88,88,89,89,90,90,90,91,91,91,91,91,91,91,91,91,91,91,91,90,90,90,90,89,89,89,89,88,88,88,87,87,87,86,85,85,84,83,82,81,80,79,78,77,76,75,75,74,73,72,71,70,69,68,67,66,65,63,62,60,59,58,57,56,55,55,54,53,52,52,51,50,49,48,47,46,45,44,43,42,41,41,40,39,39,38,37,37,36,36,36,35,35,34,34,33,33,32,32,31,31,31,31,31,31,31,31,31,31,31,31,31,31,31,32,32,32,32,32,32,33,33,33,33,34,34,34,34,35,35,36,36,37,37,37,38,38,39,39,39,40,40,40,40,41,41,41,42,42,42,43,43,43,44,44,44,44,44,44,45,45,45,45,45,45,45,45,45,45,45,45,45,45,45,45,45,45,45
43,43,43,43,43,43,44,44,45,45,46,47,47,48,49,50,51,51,52,53,54,55,56,57,59,60,61,63,64,65,66,67,68,69,70,71,72,72,73,74,74,75,76,77,78,79,80,81,82,83,83,84,85,85,86,86,87,87,88,88,88,89,89,90,90,90,91,91,91,92,92,92,92,92,92,92,92,92,92,91,91,91,90,90,90,89,89,88,88,88,87,87,87,86,86,85,84,84,83,82,81,80,78,77,76,75,74,73,72,71,71,70,69,68,67,66,64,63,62,61,59,58,57,55,54,54,53,52,51,50,50,49,48,48,47,46,45,44,43,42,41,40,39,39,38,38,38,37,37,36,36,36,35,34,34,33,32,31,30,29,27,26,25,24,23,22,21,20,19,18,17,17,16,16,16,16,16,17,17,18,19,20,20,22,23,24,25,26,28,29,30,32,33,34,36,37,38,39,40,41,42,43,44,44,45,46,46,47,47,48,48,48,49,49,49,49,49,49,49,49,48,48,47,47,46,46,46,45,45,45,44,44,44,44,44,44,44,44,44,44
43,43,43,43,43,43,43,44,44,45,46,47,48,48,49,50,51,52,53,54,55,56,57,58,59,61,62,63,65,66,67,68,69,70,71,72,73,73,74,75,76,76,77,78,79,80,81,82,83,84,84,85,86,86,87,87,88,88,88,89,89,89,89,90,90,90,91,91,91,92,92,92,92,92,92,92,92,92,91,91,91,90,90,89,89,88,88,87,87,86,86,85,85,84,84,83,82,81,81,79,78,77,76,75,74,73,72,71,70,69,68,67,66,65,64,63,62,61,60,59,57,56,55,53,52,52,51,50,49,48,48,47,46,45,45,44,43,42,41,40,39,38,38,38,37,37,37,37,37,36,36,36,35,34,34,32,31,30,28,26,24,22,20,17,15,13,11,9,8,6,5,3,2,2,2,2,2,3,4,5,6,8,10,12,14,16,19,21,23,25,28,30,32,34,35,37,38,39,40,40,41,41,42,42,42,42,42,42,42,42,42,43,43,43,44,44,44,44,44,44,44,44,44,44,44,44,43,43,43,43,43,43,43,43,43,43,43,43,43,43
43,43,43,43,43,43,43,44,44,45,46,47,48,49,49,50,51,52,53,54,55,56,58,59,60,61,63,64,66,67,68,69,70,71,72,73,74,74,75,76,77,77,78,79,80,81,82,83,83,84,85,85,86,86,87,87,88,88,88,88,89,89,89,89,89,90,90,90,90,90,91,91,91,91,91,91,90,90,90,90,89,89,88,88,87,86,86,85,85,84,84,83,82,82,81,80,79,79,78,77,75,74,73,72,71,70,69,68,67,66,65,65,64,63,62,61,60,59,58,56,55,54,52,51,50,49,48,48,47,46,45,45,44,43,42,41,41,40,39,38,37,36,36,35,35,35,35,35,34,34,34,34,33,33,32,31,30,28,27,25,23,22,20,18,16,14,13,11,9,8,7,6,5,5,4,4,5,5,6,8,9,10,12,14,16,18,20,22,24,26,28,30,31,33,35,36,37,38,39,39,40,40,40,40,41,41,41,41,41,41,41,41,42,42,42,43,43,43,43,43,43,43,43,43,43,43,43,43,43,43,43,43,43,43,43,43,43,43,43,43
43,43,43,43,43,43,43,44,44,45,46,47,48,49,49,50,51,52,53,54,55,57,58,59,60,62,63,64,66,67,68,69,70,71,72,73,74,74,75,76,77,77,78,79,80,80,81,82,83,84,84,85,85,86,86,86,87,87,87,87,87,88,88,88,88,88,88,89,89,89,89,89,89,89,89,89,89,88,88,88,87,87,86,86,85,84,84,83,83,82,81,81,80,79,79,78,77,76,75,74,73,72,71,70,69,68,67,66,65,64,64,63,62,61,60,59,58,57,56,55,54,52,51,50,49,48,47,46,46,45,44,43,43,42,41,40,39,39,38,37,36,35,34,34,33,33,33,32,32,32,31,31,31,30,30,29,29,28,27,26,26,25,24,24,23,23,22,21,21,21,20,20,20,20,20,20,21,21,21,22,22,23,24,25,25,26,27,28,29,30,31,32,33,33,34,35,36,36,37,38,38,38,39,39,39,40,40,40,41,41,41,42,42,42,43,43,43,43,43,43,43,43,43,43,43,43,43,43,43,43,43,43,43,43,43,43,43,43,43,43
43,43,43,43,43,43,43,44,44,45,46,47,48,49,50,51,52,53,54,55,56,57,58,60,61,62,64,65,67,68,69,70,71,72,73,74,75,75,76,77,77,78,78,79,80,81,81,82,83,83,84,84,85,85,85,85,85,86,86,86,86,86,86,86,86,86,86,86,86,86,86,86,86,86,86,85,85,85,85,84,84,83,83,82,81,80,80,79,79,78,77,77,76,75,75,74,73,72,71,70,69,68,67,66,65,64,63,62,61,61,60,59,59,58,57,56,55,54,53,52,51,50,49,48,47,46,45,44,44,43,42,42,41,41,40,39,38,37,37,36,35,34,33,33,32,31,31,31,30,30,29,29,29,29,28,28,28,28,27,27,27,27,27,27,27,28,28,28,28,29,29,29,29,30,30,30,31,31,31,31,31,31,32,32,32,32,32,32,33,33,33,33,34,34,35,35,36,36,37,37,37,38,38,39,39,39,40,40,41,41,41,42,42,42,43,43,43,43,43,43,43,43,43,43,43,43,43,43,43,43,43,43,43,43,43,43,43,43,43,43
43,42,42,42,42,43,43,44,44,45,46,47,48,49,50,51,52,53,54,55,57,58,59,61,62,63,65,66,68,69,70,71,72,73,74,75,76,76,77,77,78,79,79,80,80,81,82,82,83,83,84,84,84,84,85,85,85,85,85,85,84,84,84,84,84,84,84,84,84,84,84,83,83,83,83,83,82,82,82,81,81,80,80,79,78,77,77,76,75,75,74,74,73,72,72,71,70,69,68,67,66,65,64,63,62,61,60,59,58,58,57,56,56,55,54,53,53,52,51,50,49,47,47,46,45,44,44,43,42,42,41,41,40,40,39,39,38,37,36,35,35,34,33,33,32,32,31,31,30,30,29,29,29,28,28,28,28,27,27,27,27,27,27,27,27,27,28,28,28,28,29,29,29,30,30,30,30,31,31,31,31,32,32,32,32,33,33,33,33,34,34,34,35,35,36,36,37,37,37,38,38,38,39,39,40,40,40,40,41,41,41,42,42,42,43,43,43,43,43,43,43,43,43,43,43,43,43,43,43,43,43,43,43,43,43,43,43,43,43,43
43,43,43,43,43,43,43,44,45,45,46,47,48,49,50,52,53,54,55,56,57,59,60,61,63,64,65,67,68,70,71,72,73,73,74,75,76,76,77,77,78,78,79,79,80,80,81,81,82,82,82,82,82,83,83,83,83,82,82,82,82,82,81,81,81,81,81,80,80,80,80,80,79,79,79,79,78,78,77,77,76,76,75,74,73,73,72,71,71,70,69,69,68,67,67,66,65,64,64,63,62,61,59,58,58,57,56,55,54,54,53,52,52,51,50,50,49,48,47,46,45,45,44,43,42,42,41,41,40,40,40,39,39,38,38,37,37,36,36,35,34,34,33,33,32,32,31,31,31,30,30,30,29,29,29,29,28,28,28,28,28,28,28,28,28,28,28,28,29,29,29,29,30,30,30,31,31,31,31,32,32,32,33,33,33,33,34,34,34,35,35,35,36,36,37,37,37,38,38,38,39,39,39,40,40,40,40,41,41,41,42,42,42,42,42,43,43,43,43,43,43,43,43,43,43,43,43,43,43,43,43,43,43,43,43,43,43,43,43,43
44,44,44,44,44,44,44,45,45,46,47,48,49,50,51,52,53,54,56,57,58,59,60,62,63,64,66,67,68,69,70,71,72,73,73,74,75,75,75,76,76,77,77,77,78,78,79,79,79,80,80,80,80,80,80,80,80,80,80,80,80,80,80,79,79,79,78,78,78,78,77,77,77,76,76,76,75,75,74,74,73,72,72,71,70,69,68,68,67,67,66,65,65,64,64,63,62,61,61,60,59,58,57,56,55,54,53,53,52,51,51,50,50,49,48,48,47,46,45,45,44,43,42,41,41,40,40,39,39,39,38,38,37,37,37,36,36,35,35,34,34,33,33,32,32,32,31,31,31,31,31,30,30,30,30,30,30,30,29,29,29,29,29,29,30,30,30,30,30,30,31,31,31,31,31,32,32,32,33,33,33,33,33,34,34,34,34,35,35,35,35,36,36,36,37,37,38,38,38,39,39,39,39,40,40,40,40,41,41,41,41,42,42,42,42,42,43,43,43,43,43,43,43,43,43,43,43,43,43,43,43,43,43,43,43,43,43,43,43,43
45,45,45,45,45,45,46,46,47,47,48,49,50,51,52,53,54,55,56,57,59,60,61,62,63,64,66,67,68,69,70,70,71,72,72,73,73,73,74,74,74,74,75,75,75,75,76,76,76,76,77,77,77,77,77,77,77,77,77,77,77,76,76,76,75,75,75,74,74,74,73,73,72,72,72,71,71,70,70,69,68,67,67,66,65,64,63,63,62,61,61,60,60,59,59,58,57,57,56,55,54,53,52,51,51,50,49,49,48,47,47,46,46,45,45,44,44,43,43,42,41,40,40,39,39,38,38,37,37,37,36,36,36,36,35,35,35,34,34,33,33,33,33,32,32,32,32,32,32,31,31,31,31,31,31,31,31,31,31,31,31,31,31,31,31,32,32,32,32,32,32,32,33,33,33,33,34,34,34,34,34,34,35,35,35,35,35,35,36,36,36,36,37,37,37,38,38,38,39,39,39,39,40,40,40,40,41,41,41,41,42,42,42,42,42,43,43,43,43,43,43,43,43,43,43,43,43,43,43,43,43,43,43,43,43,43,43,43,43,43
47,46,46,46,46,47,47,47,48,49,49,50,51,52,53,54,55,56,57,58,59,61,62,63,64,65,66,67,68,69,70,70,71,71,72,72,72,72,72,73,73,73,73,73,73,73,73,74,74,74,74,74,74,74,74,74,74,74,74,73,73,73,73,72,72,71,71,70,70,70,69,69,68,68,67,67,66,66,65,64,64,63,62,61,60,59,59,58,57,57,56,55,55,54,54,53,52,52,51,50,49,49,48,47,46,46,45,44,44,44,43,43,42,42,42,41,41,40,40,39,39,38,38,37,37,36,36,36,36,35,35,35,35,35,34,34,34,34,33,33,33,33,33,32,32,32,32,32,32,32,32,32,32,32,32,32,32,32,32,32,32,32,32,33,33,33,33,33,33,33,34,34,34,34,34,35,35,35,35,35,36,36,36,36,36,36,36,37,37,37,37,37,38,38,38,39,39,39,39,40,40,40,40,41,41,41,41,41,42,42,42,42,43,43,43,43,43,43,44,44,44,44,44,44,44,44,44,44,44,44,44,44,44,44,44,44,44,44,44,44
48,48,48,48,48,48,49,49,49,50,51,52,52,53,54,55,56,57,58,59,60,61,62,63,64,65,66,67,68,68,69,70,70,70,71,71,71,71,71,71,71,71,71,71,71,71,71,71,71,71,71,71,71,71,71,71,70,70,70,70,69,69,68,68,67,67,66,66,65,65,64,64,63,63,62,62,61,61,60,59,59,58,57,56,55,54,53,53,52,51,51,50,49,49,48,48,47,46,46,45,44,43,43,42,41,41,40,40,40,39,39,39,38,38,38,38,37,37,37,36,36,36,35,35,35,35,34,34,34,34,34,34,34,34,33,33,33,33,33,33,33,33,33,33,32,32,32,32,32,32,32,32,33,33,33,33,33,33,33,33,33,33,34,34,34,34,34,34,34,35,35,35,35,35,36,36,36,36,37,37,37,37,37,37,37,37,38,38,38,38,38,38,39,39,39,39,40,40,40,40,41,41,41,41,41,42,42,42,42,42,43,43,43,43,43,44,44,44,44,44,44,44,44,44,45,45,45,45,45,45,45,45,45,45,45,45,45,45,45,45
50,50,50,50,50,50,50,51,51,52,52,53,54,55,55,56,57,58,59,60,60,61,62,63,64,65,65,66,67,68,68,69,69,70,70,71,71,71,72,72,72,71,71,71,70,70,69,68,67,66,65,64,63,61,60,59,57,56,55,54,52,51,50,49,48,48,47,47,47,47,47,48,48,49,49,50,50,51,51,51,51,51,51,51,50,50,49,49,48,47,47,46,45,44,43,43,42,41,40,40,39,38,38,37,37,37,36,36,36,36,36,36,36,36,36,36,36,36,36,35,35,35,35,34,34,34,34,33,33,33,33,33,33,32,32,32,32,32,32,32,32,32,32,32,32,32,32,33,33,33,33,33,33,34,34,34,34,35,35,35,35,35,35,36,36,36,36,36,36,36,37,37,37,37,37,37,38,38,38,38,38,38,38,38,38,38,38,39,39,39,39,39,39,39,40,40,40,40,40,41,41,41,41,41,41,42,42,42,42,42,43,43,43,43,43,44,44,44,44,44,44,44,45,45,45,45,45,45,45,45,45,45,45,45,45,45,45,45,45,45
52,51,51,51,51,52,52,52,52,53,53,54,55,55,56,57,57,58,59,60,60,61,62,63,63,64,65,65,66,66,67,68,68,69,69,69,70,70,70,70,70,70,70,69,69,68,68,67,66,65,64,63,61,60,59,58,56,55,54,53,52,50,49,48,47,47,46,46,46,45,46,46,46,46,46,47,47,47,47,47,47,47,47,46,46,45,45,44,43,43,42,41,40,40,39,38,38,37,36,36,35,34,34,33,33,33,33,32,32,32,32,32,32,32,32,33,33,33,32,32,32,32,32,32,32,32,31,31,31,31,31,31,31,31,31,31,31,31,31,31,31,32,32,32,32,33,33,33,33,34,34,34,34,35,35,35,36,36,36,36,37,37,37,37,37,37,37,38,38,38,38,38,38,38,38,39,39,39,39,39,39,39,39,39,39,39,39,39,39,39,39,39,40,40,40,40,40,40,41,41,41,41,41,41,41,42,42,42,42,42,43,43,43,43,43,43,44,44,44,44,44,44,44,44,45,45,45,45,45,45,45,45,45,45,45,45,45,45,45,45
52,52,52,52,52,52,52,53,53,53,54,54,55,55,56,57,57,58,59,59,60,60,61,62,62,63,63,64,64,64,64,64,63,63,62,61,61,60,59,59,59,59,59,60,61,63,65,67,70,73,76,80,84,88,91,95,99,102,105,107,110,111,112,112,112,111,109,106,104,100,96,92,88,83,78,74,69,64,59,54,50,46,42,39,36,34,32,30,30,29,29,29,29,29,29,30,30,30,30,30,30,29,28,27,26,26,25,24,23,23,22,21,21,20,20,20,19,19,19,19,19,19,20,20,21,21,22,22,23,24,25,25,26,27,28,29,29,30,31,31,32,33,33,33,34,34,34,34,35,35,35,35,35,36,36,36,37,37,37,38,38,38,38,39,39,39,39,39,39,39,40,40,40,40,40,40,41,41,41,41,41,41,41,41,41,41,41,41,41,41,41,41,41,41,41,41,41,42,42,42,42,42,42,42,43,43,43,43,43,43,43,44,44,44,44,44,44,44,44,44,45,45,45,45,45,45,45,45,45,45,45,45,45,45,45,45,45,45,45,45
52,52,52,52,52,52,52,53,53,53,54,54,55,55,56,56,57,57,58,59,59,60,60,61,61,62,62,62,62,62,61,60,58,56,54,52,50,49,47,47,46,47,48,50,53,57,62,69,76,85,94,103,113,124,134,144,153,163,171,178,185,190,194,196,196,194,191,186,179,172,163,154,144,133,122,111,99,88,77,67,57,48,40,33,27,23,20,17,16,16,16,16,18,19,20,22,24,25,26,26,26,25,24,23,21,20,18,17,15,13,12,11,9,8,7,6,6,5,5,5,5,5,6,7,8,9,11,12,14,16,18,19,21,23,25,27,28,30,31,32,33,34,35,35,35,36,36,36,36,36,36,36,36,36,36,36,37,37,38,38,38,39,39,39,39,40,40,40,40,40,41,41,41,41,41,42,42,42,42,42,42,42,42,42,42,42,42,42,42,42,42,42,42,42,43,43,43,43,43,43,43,43,44,44,44,44,44,44,44,44,44,45,45,45,45,45,45,45,45,45,45,45,45,45,45,45,45,45,45,45,45,45,45,45,45,45,45,45,45,45
52,52,52,52,52,52,52,52,53,53,53,54,54,55,55,56,57,57,58,58,59,59,60,60,61,61,61,62,62,61,59,57,55,52,50,47,45,42,41,40,39,40,42,44,48,54,61,69,80,91,103,116,129,143,157,170,183,195,207,217,225,232,238,240,241,239,235,229,220,211,199,187,174,160,145,131,116,101,87,73,60,49,38,29,22,17,13,10,8,8,8,10,11,13,15,18,20,22,23,24,24,23,22,20,18,16,14,12,10,8,6,4,3,1,0,0,0,0,0,0,0,0,0,0,1,3,5,7,9,11,14,16,19,21,23,25,27,29,31,33,34,35,35,36,36,37,37,37,37,37,37,36,36,36,36,37,37,37,38,38,39,39,39,39,40,40,40,41,41,41,41,41,42,42,42,42,43,43,43,43,43,43,43,43,43,43,43,43,43,43,43,43,43,43,43,44,44,44,44,44,44,44,44,44,45,45,45,45,45,45,45,45,45,45,45,45,45,45,45,45,45,45,45,45,45,45,45,45,45,45,45,45,45,45,45,45,45,45,45,45
