21,21,21,20,21,20,20,20,20,88,32,20,20,20,20,20,20,19,20,18,9,20,20,20,20,20,20,20,20,20,47,57,21,21,20,20,20,19,20,19,20,20,20,20,20,20,19,18,20,18,20,20,20,20,20,20,20,20,20,20,20,20,20,21,20,97,17,19,20,20,20,20,20,20,20,20,20,20,20,20,20,20,20,21,20,21,20,20,20,20,20,20,20,20,20,20,20,7,154,6,13,105,18,20,19,22,22,23,25,24,101,23,93,30,28,32,29,29,28,28,27,27,26,26,18,25,21,24,1,23,20,20,9,175,48,20,20,20,8,131,11,22,100,20,19,20,20,20,20,20,15,13,20,20,30,77,21,20,21,9,18,67,168,0,15,16,132,8,20,20,22,0,22,20,20,21,4,20,20,20,20,20,20,20,18,20,20,19,20,77,30,20,20,20,20,20,20,38,66,18,22,0,22,20,20,20,20,20,20,20,15,13,20,5,151,0,20,20,20,20,18,20,22,1,21,20,20,20,8,130,88,17,19,20,20,20,20,20,20,20
21,21,21,21,21,20,20,20,21,9,19,21,21,21,21,20,21,21,20,32,88,20,20,20,20,20,20,20,20,20,20,21,19,21,20,111,17,21,21,22,0,23,20,20,20,20,20,20,5,152,8,19,0,16,111,19,20,21,20,20,21,6,147,0,22,20,20,20,20,20,20,20,18,20,20,20,20,20,20,20,20,20,21,21,21,21,21,21,20,20,20,20,20,20,20,19,20,24,1,26,4,14,146,16,34,39,43,46,45,55,58,61,62,65,67,45,71,68,66,65,63,60,57,52,50,45,43,25,162,13,27,29,27,0,17,22,21,18,122,12,22,0,9,20,19,19,19,20,20,20,52,64,17,11,20,21,21,21,21,89,33,14,0,67,52,21,2,22,5,151,0,154,7,20,20,12,122,18,20,20,20,20,20,22,0,22,20,20,20,20,20,20,20,21,20,20,20,21,20,20,6,154,7,21,21,21,20,20,20,20,85,108,21,22,0,113,17,20,21,20,20,20,8,131,15,20,20,20,20,20,20,20,20,20,20,20,20,20,20,21
21,21,21,21,19,9,20,20,20,21,22,23,12,133,19,23,22,22,20,22,22,21,20,20,20,21,20,20,20,20,21,21,21,21,21,5,22,21,22,10,152,7,21,21,20,20,20,20,25,0,115,20,179,24,6,21,22,22,22,22,22,23,0,123,12,20,20,20,20,20,20,20,20,19,20,20,20,20,19,20,20,20,21,21,21,21,21,21,65,53,21,22,18,22,24,26,29,33,35,31,165,28,41,67,74,81,89,111,139,104,105,105,106,107,108,108,108,108,107,108,107,105,102,100,96,93,89,139,80,72,66,44,53,42,39,37,34,31,12,27,11,156,9,21,19,19,19,20,20,20,21,2,43,61,151,10,21,21,21,21,21,21,21,19,21,19,21,21,23,12,90,18,8,20,20,20,20,20,20,20,20,20,20,6,152,10,20,20,18,20,20,20,21,21,19,16,14,22,21,20,111,17,20,21,21,21,20,20,20,21,16,15,22,22,23,22,22,9,20,21,21,21,21,21,20,20,20,20,20,20,21,20,20,20,20,12,122,18,21,19
23,22,22,22,34,75,22,22,22,22,23,21,26,7,25,24,23,23,23,23,23,23,23,24,23,22,22,22,22,22,22,22,22,21,21,21,21,21,23,90,35,23,21,21,20,20,20,20,5,151,0,20,20,20,21,22,23,23,17,142,5,21,21,21,20,20,18,8,154,6,21,4,20,20,20,20,20,20,20,20,20,21,21,21,21,11,122,18,15,19,8,29,31,36,43,51,57,51,71,79,87,98,59,110,115,61,117,114,115,115,115,113,117,57,114,109,143,122,105,183,101,112,112,113,113,116,118,109,116,114,111,106,100,125,110,80,73,66,60,53,47,43,37,35,27,25,22,22,18,20,16,132,8,22,0,23,21,21,21,7,21,21,21,21,21,21,21,21,21,19,9,23,87,20,20,20,20,20,20,20,20,20,20,20,20,20,24,99,20,20,20,21,23,23,23,55,66,23,23,21,5,21,21,22,22,22,21,21,21,21,24,23,23,23,20,22,21,89,27,23,23,23,23,21,20,20,20,20,21,21,22,22,10,21,22,23,6,21,21,23
24,25,25,25,24,115,21,24,24,14,22,23,24,24,24,18,16,23,7,153,12,22,22,19,23,23,23,23,23,23,23,23,23,23,21,21,22,23,23,12,22,7,24,22,21,20,20,20,20,32,88,20,20,18,21,19,21,21,22,2,22,20,20,21,20,20,20,22,0,22,12,122,18,20,20,20,20,20,20,20,21,21,21,22,21,21,10,8,33,24,156,46,62,72,81,90,98,102,105,109,110,110,111,111,111,119,109,110,111,112,113,115,114,125,115,116,109,111,113,100,112,111,110,109,108,110,111,118,114,114,114,114,101,114,111,129,135,106,101,97,92,87,81,46,61,49,40,33,28,25,22,20,20,21,21,19,24,101,18,112,20,21,21,21,21,21,21,21,21,20,20,24,100,20,9,18,20,20,20,20,21,3,22,20,20,20,19,7,21,21,21,21,21,22,22,22,23,23,23,21,21,21,21,20,23,23,22,21,21,23,22,22,23,22,21,21,25,101,23,23,24,24,23,19,21,20,20,20,21,23,10,24,102,28,21,23,23,22,22,23
25,26,26,26,26,25,25,24,24,90,35,24,24,24,24,52,67,20,24,2,23,21,21,22,23,23,20,10,133,19,23,23,23,23,21,23,23,23,23,23,15,124,21,23,22,21,21,20,20,18,9,20,19,20,21,21,21,9,132,17,20,20,20,20,20,20,20,20,20,88,32,20,20,14,140,6,21,20,20,22,22,23,25,26,30,34,34,163,49,72,71,76,100,107,98,111,111,158,113,111,110,111,112,116,120,124,128,133,138,142,147,153,155,158,166,70,170,159,155,152,148,147,143,79,136,88,125,87,117,119,112,101,184,96,105,104,104,108,110,112,113,114,114,107,101,92,79,65,59,42,33,27,23,22,22,23,23,8,21,21,21,20,21,21,20,18,20,20,19,20,20,20,20,20,88,32,20,20,57,48,17,132,7,20,21,20,20,21,21,21,21,21,21,21,21,21,21,21,21,21,21,21,21,21,22,21,21,18,22,2,25,22,23,21,21,21,22,23,23,25,4,26,23,22,21,20,20,21,22,22,114,21,26,3,25,21,21,21,20,22
24,24,24,24,22,14,23,24,23,23,24,79,45,24,24,23,23,22,9,26,24,22,23,23,23,24,6,25,6,24,23,23,23,22,22,20,22,23,23,23,23,25,3,25,22,21,21,21,21,20,98,18,20,21,21,21,21,23,3,22,20,20,20,20,20,20,18,19,20,9,18,21,21,22,2,23,22,24,10,152,21,20,43,50,60,70,76,88,66,80,109,112,112,105,176,159,109,105,116,121,126,103,129,148,155,161,167,175,180,184,187,190,191,192,189,237,188,193,190,188,185,183,180,187,172,119,165,159,154,111,132,133,127,125,120,115,109,107,106,106,108,109,110,111,111,111,109,107,60,83,67,52,41,31,26,25,23,23,21,19,21,21,21,21,20,20,19,20,20,21,21,21,21,21,20,18,20,20,57,48,21,21,20,21,21,21,21,21,21,7,19,21,21,21,21,21,21,21,21,21,21,20,8,21,21,13,122,18,14,140,2,15,22,19,22,23,24,23,24,13,152,8,21,21,21,21,20,21,20,23,24,24,12,156,6,21,19,21,15,128
55,67,23,24,36,88,24,24,24,24,24,15,21,24,24,19,134,8,126,13,21,24,23,24,21,17,108,21,23,17,24,23,23,23,20,103,20,21,21,21,21,12,135,117,17,21,21,21,21,20,97,18,21,21,21,21,21,9,132,17,20,20,20,20,20,20,20,8,19,20,21,22,22,23,23,23,26,25,42,11,61,72,82,91,100,105,143,123,94,97,108,109,111,105,195,110,132,139,147,155,162,190,179,181,183,195,201,196,196,191,196,194,131,185,186,179,144,168,187,186,186,187,182,216,186,188,186,194,181,179,175,172,169,164,153,151,141,133,127,124,117,105,112,107,105,106,109,111,114,113,108,54,85,66,49,31,31,27,24,9,22,21,20,4,21,20,20,20,20,21,21,22,24,1,23,21,20,20,20,20,21,20,20,19,22,22,22,21,18,111,20,21,19,15,140,7,23,1,21,21,21,25,88,154,8,23,59,42,20,20,53,65,21,23,23,24,24,24,24,24,23,21,21,21,21,20,20,21,7,23,113,21,24,19,22,21,21,21,22,6
18,16,24,24,24,24,24,24,24,21,24,24,23,23,23,24,6,26,25,25,24,24,26,3,23,11,124,22,24,24,23,23,23,24,36,76,23,22,21,21,21,20,22,3,21,21,21,21,21,21,21,21,21,21,21,21,21,23,4,21,20,20,20,21,21,7,21,100,24,21,24,23,25,25,28,35,45,57,59,185,89,107,163,58,111,109,105,185,106,117,115,123,135,141,149,156,182,172,178,181,190,110,189,178,183,184,185,184,175,218,181,180,184,175,173,171,177,172,170,170,172,168,213,169,183,200,179,121,177,180,181,182,184,183,214,176,175,170,163,167,180,212,135,132,124,116,112,111,110,113,116,123,114,106,112,131,64,35,39,121,30,11,12,133,18,22,20,21,20,21,21,22,11,156,9,21,19,21,21,21,21,20,21,21,23,23,23,22,21,21,22,5,21,15,0,23,6,147,13,20,20,20,23,0,23,19,59,23,131,16,22,3,23,21,22,23,24,24,24,24,23,21,18,22,7,140,15,19,123,15,9,25,24,24,23,21,21,21,20,21
23,23,25,8,25,24,23,12,24,22,24,24,24,24,23,23,26,4,24,24,24,23,11,155,9,24,24,24,24,24,24,24,23,23,23,23,22,21,21,23,0,24,21,21,21,21,21,21,21,33,88,20,20,20,22,21,21,21,21,21,15,14,21,21,19,203,17,22,23,23,25,81,53,42,54,70,84,97,105,110,113,114,105,120,152,121,120,115,134,136,188,179,166,176,179,193,88,195,184,182,180,190,180,223,186,179,179,179,210,181,184,181,208,183,183,183,183,180,178,186,89,180,173,173,174,178,172,198,173,173,173,173,172,174,211,175,180,181,212,181,181,176,172,165,158,150,141,132,123,116,135,142,116,125,48,119,105,98,84,72,53,131,33,31,27,24,23,22,22,22,21,21,22,18,22,22,21,23,3,8,140,15,21,21,21,23,21,7,20,20,12,121,19,65,53,21,21,21,21,20,20,20,21,21,21,21,68,41,3,22,17,132,10,21,21,20,24,24,24,24,23,23,24,20,23,2,22,21,22,23,25,3,24,20,23,21,21,21,21,23
23,24,17,124,16,24,28,102,24,25,24,79,46,20,24,24,10,148,16,24,23,23,25,2,23,23,24,24,24,26,24,7,22,14,24,23,21,21,21,10,152,6,21,21,21,21,21,21,21,19,10,21,21,21,18,21,21,21,21,21,53,65,21,21,21,9,23,12,26,31,37,39,58,80,97,110,115,116,114,108,77,191,117,130,138,145,153,161,183,186,181,186,188,188,186,183,179,179,177,176,172,206,176,182,184,185,186,189,192,197,207,119,208,200,200,200,198,198,196,194,207,192,193,193,180,145,185,179,180,179,177,174,171,174,181,88,173,171,174,175,173,173,171,189,176,169,171,164,155,145,115,99,118,107,190,108,115,114,112,149,110,93,78,56,45,38,31,26,25,24,10,155,0,20,21,21,19,10,132,19,2,20,21,21,19,0,158,87,20,88,32,21,21,21,21,19,21,21,21,33,89,21,21,18,112,20,21,21,21,21,19,21,19,21,21,23,19,25,24,90,35,23,23,23,22,19,21,21,21,21,9,155,11,24,23,21,12,147,6,22
23,21,21,21,21,21,23,23,23,23,23,15,16,23,23,22,19,24,24,24,24,23,10,155,9,23,15,149,10,20,20,133,33,78,20,23,21,9,21,21,21,20,20,21,21,19,21,21,21,21,20,22,22,21,21,22,5,21,21,21,21,21,21,23,24,26,33,110,43,55,70,89,104,118,125,125,123,111,94,129,142,134,158,165,174,180,184,186,187,188,185,185,162,142,180,176,177,175,182,196,87,205,196,197,201,201,202,206,208,211,209,229,210,214,213,212,209,228,206,208,208,225,187,180,192,147,201,199,197,193,191,187,184,151,157,194,178,172,172,170,176,76,180,77,180,216,176,182,178,173,165,157,146,137,140,119,115,110,110,105,111,115,112,104,102,78,62,47,36,29,28,0,105,27,20,21,19,20,20,21,21,21,21,21,33,92,1,23,21,10,19,21,21,21,21,19,19,21,21,20,11,22,21,21,7,19,21,21,21,21,19,21,21,21,23,23,23,23,23,9,20,22,21,20,20,21,21,21,21,20,98,151,8,21,21,21,22,0,23,21
21,23,1,22,22,24,2,25,23,22,13,123,21,23,25,4,23,22,23,24,24,24,24,24,24,19,25,0,26,22,22,22,23,23,24,24,27,102,23,23,23,20,23,22,22,22,21,21,19,21,21,21,21,19,21,13,123,21,22,22,21,21,24,25,30,39,48,42,77,91,186,114,128,129,135,69,137,144,156,161,169,177,182,186,184,189,189,189,185,182,180,186,128,193,186,188,192,213,223,205,226,210,212,232,216,217,218,219,222,223,235,237,223,227,140,222,220,215,218,218,218,215,217,217,216,215,213,211,211,209,208,205,204,202,200,179,169,191,188,184,178,188,179,78,183,174,184,176,179,182,181,180,175,177,80,153,150,125,118,112,110,110,113,120,67,122,107,88,71,54,43,35,28,25,23,22,22,21,22,2,23,21,21,21,21,23,23,23,22,22,13,123,19,21,21,21,21,21,21,22,24,20,21,22,6,19,21,21,21,21,21,21,21,21,23,23,23,23,21,21,21,21,21,21,21,19,21,21,5,22,9,0,21,21,21,21,21,21,21,23
22,9,148,15,24,10,156,11,23,21,23,7,23,23,9,141,13,21,22,23,23,24,9,155,10,25,22,22,23,9,140,13,21,20,23,21,23,23,24,24,24,16,21,24,23,23,21,21,18,21,21,21,21,21,21,22,20,23,24,24,25,26,31,40,32,55,82,101,111,122,110,183,126,129,136,158,160,173,181,186,186,186,206,183,208,182,180,180,179,180,180,182,205,202,205,208,213,228,102,237,232,130,227,223,221,218,217,214,209,238,127,208,206,202,214,198,197,196,196,198,200,201,203,205,208,211,215,228,221,222,221,228,222,216,212,212,111,218,208,205,201,198,193,204,183,186,122,182,175,173,175,177,179,191,84,193,84,164,150,141,134,126,120,116,117,121,123,120,111,98,85,63,49,38,30,26,24,23,17,142,8,21,21,21,19,10,159,89,23,23,24,3,21,22,5,7,24,23,21,21,21,21,23,0,113,19,20,21,21,22,22,21,43,61,24,23,23,23,21,21,21,21,21,21,21,21,21,18,122,13,21,22,101,27,23,21,21,21,22,23
23,23,23,23,23,24,25,23,23,23,23,23,23,59,50,23,22,22,23,23,24,24,26,3,26,24,24,23,23,25,4,24,23,23,23,21,22,23,23,23,23,78,44,22,23,23,23,22,21,21,21,20,21,21,21,23,23,24,26,29,34,42,54,57,192,190,108,117,120,122,125,125,65,162,80,188,184,188,187,187,185,183,178,181,183,184,184,186,189,193,198,201,216,182,220,225,224,226,226,222,216,227,203,196,187,157,150,89,158,142,194,138,135,141,130,128,128,128,128,131,132,199,133,145,146,123,169,179,188,242,204,207,210,207,212,208,228,214,217,215,218,214,144,210,201,196,190,184,178,175,171,169,170,171,192,180,183,206,180,175,170,162,152,141,130,123,111,190,107,188,79,114,89,72,43,40,33,28,24,23,23,23,23,8,153,15,2,13,23,23,21,21,21,15,128,160,60,23,22,20,112,18,8,154,7,21,21,22,22,23,24,23,39,170,15,24,24,24,23,21,23,23,23,23,23,23,20,23,22,22,23,23,11,22,23,23,22,23,23,24
24,24,23,8,152,103,17,24,23,22,23,24,23,59,50,23,23,23,23,24,24,24,24,24,24,24,24,23,23,23,19,17,24,24,24,23,23,21,21,21,21,21,19,24,23,24,23,20,24,34,89,22,22,22,22,23,24,28,33,45,86,108,93,104,110,100,118,161,122,128,139,150,174,177,200,190,190,187,183,183,184,188,191,195,198,198,202,208,214,218,222,224,226,134,228,214,226,196,188,174,160,145,132,119,113,65,104,63,163,74,72,81,84,37,67,72,74,72,68,168,64,67,78,80,95,146,98,98,116,118,133,143,149,197,168,212,192,201,205,229,214,219,231,218,226,214,207,197,216,186,183,180,178,174,174,204,177,178,196,181,182,194,178,171,160,144,133,112,112,106,134,60,124,109,99,81,62,48,38,31,25,25,24,26,3,25,19,24,24,23,22,22,23,23,24,19,17,24,24,24,10,0,24,22,22,22,22,23,23,24,25,3,23,15,24,24,24,23,24,24,24,24,24,24,24,24,23,24,24,24,24,24,23,24,12,153,8,23,17,19
19,132,13,26,4,13,25,26,25,25,25,25,24,23,23,23,23,23,23,23,23,23,23,23,22,22,22,21,22,23,56,67,24,24,24,25,23,23,22,22,21,21,21,22,20,24,23,23,23,22,14,24,21,23,24,27,36,49,66,83,93,102,114,117,117,117,119,120,139,150,170,183,190,191,190,187,185,186,189,193,199,204,208,209,211,215,222,225,228,227,224,217,206,209,177,160,143,131,112,99,82,157,70,66,60,66,35,66,48,45,64,67,131,76,76,72,68,72,66,51,67,65,61,34,63,60,66,128,72,73,78,83,87,94,104,117,130,144,155,162,160,173,182,190,198,205,211,212,203,199,200,196,211,189,185,176,177,182,78,178,223,100,183,183,180,186,181,152,199,56,87,121,118,117,114,109,98,87,70,57,45,36,29,26,25,24,24,11,23,24,15,124,21,24,24,24,24,24,24,19,0,255,0,23,20,21,22,23,23,24,19,134,11,24,25,23,23,23,23,22,22,23,23,24,24,20,24,25,26,28,27,24,24,19,25,3,25,23,67,55
24,7,26,24,27,26,27,27,28,28,29,10,25,20,23,24,24,24,7,24,23,23,21,19,111,20,20,21,21,23,22,23,25,24,24,21,23,21,21,21,21,21,21,21,20,20,24,23,24,24,24,24,25,27,34,46,66,84,100,108,112,114,115,118,124,131,141,156,169,229,194,219,195,190,186,185,188,195,205,212,230,218,218,222,140,224,233,221,183,179,182,164,144,126,108,93,81,48,67,64,64,51,65,64,67,68,71,72,60,182,63,74,69,81,83,83,72,49,90,88,96,84,96,88,80,28,81,80,81,30,73,75,72,71,72,73,79,85,90,96,152,105,114,125,140,157,175,192,208,233,207,223,103,214,203,197,190,183,178,201,171,103,177,180,183,187,186,180,169,171,145,135,125,118,119,114,111,110,106,97,83,69,27,44,34,29,25,102,27,24,24,62,45,22,23,24,23,22,22,21,15,2,25,22,20,21,21,21,22,23,23,23,24,25,16,22,23,24,0,23,21,19,22,23,24,25,24,25,27,21,26,24,11,155,9,20,23,23,23,23
23,23,24,24,24,24,24,24,25,25,17,124,22,25,24,24,24,22,124,15,7,159,90,24,9,22,22,21,22,23,23,24,17,124,15,22,21,21,21,20,21,21,21,21,21,22,20,23,24,25,27,28,32,41,60,82,92,111,114,113,114,123,61,138,146,156,172,183,189,191,195,191,190,217,190,215,202,209,213,219,151,104,230,216,227,207,193,174,154,134,98,98,85,64,172,58,66,71,35,80,82,94,91,95,97,97,96,94,97,49,88,81,62,78,62,73,158,88,126,129,64,65,117,148,105,112,113,118,117,120,107,103,103,101,98,95,88,92,79,75,73,73,77,85,83,87,120,129,210,169,184,195,205,209,210,208,206,202,198,187,186,195,182,181,181,159,154,194,203,183,175,162,151,139,63,107,112,112,118,111,110,103,94,77,63,39,158,21,28,11,20,15,20,23,23,23,21,21,23,13,92,23,10,154,7,21,21,21,22,23,24,24,24,24,24,24,23,7,154,7,20,20,20,21,22,23,24,24,26,3,26,23,25,0,115,23,23,23,24,6
23,23,24,24,36,87,24,23,24,24,24,24,24,24,24,24,24,23,22,23,26,3,11,24,24,24,24,23,23,23,23,23,23,7,24,22,22,21,21,21,21,22,2,24,19,21,21,21,18,29,27,40,37,77,99,110,179,118,118,128,67,144,162,162,179,205,188,187,186,194,189,193,199,199,220,111,220,215,212,233,204,216,182,180,161,145,125,106,86,65,155,60,71,74,56,62,88,94,105,105,115,76,122,124,122,117,111,106,103,98,94,85,60,77,78,78,80,84,87,88,186,123,187,102,123,144,141,182,145,141,61,131,131,162,161,143,144,73,126,110,96,84,54,74,136,172,68,87,89,111,142,164,164,179,195,205,211,212,210,207,203,200,197,191,187,188,189,186,197,89,191,181,222,167,172,145,132,128,94,137,117,114,111,108,95,86,51,57,40,120,28,25,20,23,23,23,21,22,9,163,69,23,23,0,23,22,20,20,24,24,24,25,27,26,26,24,24,20,21,21,22,21,21,19,23,0,17,24,9,153,14,23,23,23,0,21,23,23,17,127
23,24,24,24,22,13,22,22,23,25,4,25,23,67,56,23,23,20,21,23,23,24,22,24,24,24,15,21,24,24,24,24,24,23,23,23,23,23,22,22,21,13,148,8,23,21,23,48,86,41,56,79,157,117,128,130,128,130,138,149,174,174,177,198,186,183,183,172,219,131,186,204,209,215,219,223,240,219,213,192,174,146,128,45,74,82,122,88,101,94,100,115,90,96,103,114,106,123,125,128,133,136,137,133,126,118,110,107,95,186,94,97,89,84,79,76,69,170,57,84,98,125,137,133,198,40,121,130,135,131,140,127,129,134,202,151,164,167,159,204,141,53,112,94,87,82,78,60,75,77,83,92,104,111,211,156,184,198,208,210,212,210,208,205,201,197,192,188,181,196,189,84,186,187,115,173,162,152,141,132,122,113,100,83,107,105,99,87,72,57,43,33,28,25,24,20,23,23,24,34,80,23,21,21,11,152,9,24,24,26,26,27,25,25,25,24,24,23,23,23,24,23,21,21,5,171,60,23,24,24,23,24,24,24,91,35,23,23,23,21
23,24,24,26,4,25,21,21,21,12,152,10,25,17,19,23,20,23,23,23,23,22,11,23,23,23,78,45,24,24,25,26,25,9,25,24,24,24,23,23,23,23,23,24,26,30,21,47,57,75,96,118,132,136,135,135,136,154,169,181,189,188,223,121,193,160,181,204,180,200,208,216,223,225,225,228,116,209,175,147,120,98,83,74,73,75,60,83,44,90,101,108,114,119,126,123,202,130,136,133,141,130,127,121,115,107,102,101,106,101,148,99,92,86,86,81,81,66,85,99,104,112,116,113,114,77,188,113,115,122,111,119,114,116,117,141,150,159,165,156,155,153,127,118,112,107,97,255,56,83,78,76,77,81,73,85,120,141,161,180,196,207,211,212,212,209,207,202,194,188,183,201,186,187,211,176,175,173,169,160,146,132,121,116,107,107,109,107,101,87,66,138,46,39,32,27,24,23,23,23,21,23,23,22,25,2,27,24,24,24,20,134,12,24,24,24,20,24,21,23,20,23,21,21,21,19,22,20,23,22,22,23,24,24,13,153,9,24,23,23
23,24,24,10,152,12,22,20,22,22,23,20,10,116,20,23,26,0,17,24,24,27,100,22,22,22,23,23,23,10,142,18,20,224,8,24,24,24,20,24,23,24,27,32,39,52,66,81,97,113,126,135,137,137,141,148,206,177,187,189,189,187,185,132,188,193,188,195,204,214,223,228,229,223,228,186,161,132,110,93,58,79,79,84,134,97,169,118,58,118,123,126,131,132,134,134,143,135,127,99,52,120,110,112,102,99,101,108,112,110,96,88,78,70,49,80,83,178,120,79,109,104,101,105,59,149,102,43,118,79,187,107,111,113,118,126,131,136,142,141,142,139,129,132,123,198,74,47,191,98,176,94,87,82,78,53,78,85,98,118,142,169,186,200,207,183,177,217,215,208,201,194,188,187,176,218,190,183,177,176,173,164,140,101,128,117,112,112,111,68,99,74,77,65,54,39,30,26,24,23,23,24,23,24,23,24,23,23,23,23,24,6,25,25,2,25,23,8,154,6,23,23,22,22,22,22,19,44,76,21,22,23,23,22,24,3,26,24,21,23
23,24,24,24,24,24,24,24,24,23,23,23,12,114,17,21,11,149,71,35,90,23,24,23,23,23,23,22,21,24,5,24,24,8,25,24,24,26,5,27,27,33,41,55,70,86,98,118,117,124,129,131,137,148,165,179,188,188,182,215,179,184,188,214,198,205,210,229,223,227,227,174,189,182,153,120,99,85,81,84,94,97,105,111,110,122,129,63,205,130,132,134,133,131,127,130,53,82,106,108,99,93,95,52,93,98,105,114,177,104,93,72,41,53,60,75,88,86,110,108,106,101,90,76,95,91,98,107,50,121,108,108,107,107,107,111,102,108,92,118,117,118,163,127,128,117,132,140,77,138,104,105,115,64,102,90,82,76,75,77,88,108,127,142,159,186,208,195,169,211,202,193,192,190,190,185,179,171,208,172,175,177,181,227,153,141,128,117,112,114,105,100,93,87,79,68,55,40,30,25,24,24,24,23,23,23,23,22,21,21,21,21,22,9,152,14,1,27,2,93,36,24,23,24,24,24,21,20,14,23,26,3,25,21,21,21,21,22,24,23
19,133,13,6,153,14,28,90,24,24,23,23,22,21,21,21,6,148,0,151,0,154,8,21,21,21,21,21,21,21,16,17,19,21,35,90,24,13,158,20,42,55,72,90,103,113,72,66,121,122,128,140,154,174,143,82,207,189,198,188,198,108,213,210,215,221,227,154,222,212,198,179,146,114,95,81,79,87,99,113,125,133,145,65,150,144,146,144,139,135,131,127,123,117,110,103,97,92,87,85,38,156,70,72,76,81,171,96,96,95,76,57,46,45,57,75,130,118,104,93,107,101,100,99,95,95,95,93,94,62,94,94,94,92,91,90,174,109,142,107,104,103,155,109,111,112,117,121,140,137,142,152,139,141,126,118,110,102,91,146,80,81,85,119,125,129,158,190,211,207,205,204,204,206,205,201,191,190,58,150,169,172,175,177,174,167,153,141,127,116,108,103,100,98,96,83,70,63,49,35,27,24,101,27,22,21,21,21,21,21,21,21,21,24,20,9,155,10,24,13,22,24,24,24,24,24,24,23,21,24,10,155,11,23,21,21,21,23,23,23
24,6,25,26,3,25,22,89,23,23,23,23,23,23,22,21,21,23,25,3,27,0,23,21,21,21,21,21,21,21,54,66,23,23,21,102,25,24,40,54,70,69,96,112,116,117,124,130,127,139,148,210,189,194,207,217,193,192,196,228,209,229,237,227,224,227,225,213,190,183,131,106,93,82,82,88,100,115,129,148,172,206,174,221,146,152,148,141,131,122,114,109,100,161,87,87,82,68,74,69,72,49,60,58,59,90,97,79,83,76,63,49,41,46,61,80,95,102,128,206,50,108,103,93,104,101,99,97,97,97,97,97,97,97,95,95,56,95,88,92,92,92,88,83,99,97,135,116,110,119,145,79,154,148,145,139,134,136,123,104,107,88,91,84,85,94,111,142,177,191,207,213,215,233,155,204,217,202,207,185,177,173,171,173,177,113,179,163,205,140,125,113,106,103,102,86,77,73,73,54,38,27,11,22,21,21,20,21,21,21,21,23,23,23,23,21,23,23,23,24,20,21,24,24,24,23,23,23,24,24,24,23,12,24,13,22,24,23,23,23
20,24,19,23,23,23,24,24,24,24,24,24,24,24,23,23,23,23,23,23,23,21,21,21,21,21,21,21,21,23,23,24,20,24,28,19,43,57,71,88,101,116,117,117,118,123,139,76,162,171,195,98,145,196,196,196,153,187,216,109,235,225,205,176,223,209,186,155,123,98,85,82,86,94,103,116,130,144,153,157,157,149,151,142,149,130,134,124,113,104,97,93,107,114,82,79,77,137,78,74,72,67,64,62,58,52,29,68,67,75,66,56,119,67,76,91,99,104,108,108,121,114,113,175,109,112,111,110,109,109,110,142,125,111,109,109,105,96,162,83,85,86,82,184,81,183,79,91,97,113,64,132,136,139,141,143,141,98,139,134,124,180,114,106,98,89,38,105,62,144,163,187,205,217,163,227,172,197,208,220,195,189,182,176,175,187,180,181,166,123,142,135,123,113,97,125,126,182,90,79,60,41,17,23,24,22,21,21,21,21,21,21,23,7,24,23,23,23,23,24,25,24,24,24,9,141,2,148,15,24,24,27,100,24,91,36,24,24,20,23
22,22,22,25,3,25,24,24,24,24,24,24,24,23,23,22,22,23,23,23,23,23,22,22,22,22,22,23,23,23,24,24,26,31,40,58,71,88,103,113,117,150,131,124,131,143,156,171,184,193,208,107,205,194,204,93,231,220,181,212,226,228,234,207,228,150,119,95,83,80,88,98,109,120,128,137,147,156,173,164,160,153,148,140,129,194,109,108,93,176,75,81,79,77,77,78,79,84,67,84,81,73,76,63,61,68,63,37,71,37,58,74,68,86,98,104,110,114,116,129,122,125,126,126,124,120,193,108,123,125,125,121,123,123,119,104,98,109,94,102,96,92,92,93,96,81,94,92,123,119,104,110,116,120,130,167,133,137,139,138,137,139,135,131,134,11,118,99,60,101,107,127,151,174,133,208,218,222,227,114,229,211,201,190,181,177,175,173,220,106,169,156,139,181,191,96,64,98,83,100,92,65,119,35,25,24,24,22,21,21,20,21,19,121,15,23,23,23,24,24,24,24,24,24,26,1,23,4,9,25,24,24,24,25,24,24,24,24,24,23
23,23,23,9,153,14,24,24,23,24,24,24,23,23,21,21,21,23,23,22,14,23,23,23,23,24,7,23,23,24,25,30,39,52,69,59,101,75,114,119,122,122,132,145,158,171,181,187,193,195,205,193,194,199,201,230,217,224,233,232,226,216,191,163,115,98,86,84,90,101,113,126,137,146,148,151,153,156,92,157,144,137,130,125,120,114,105,95,68,60,70,66,69,72,76,80,84,77,181,75,85,126,103,82,178,34,71,67,67,70,76,87,147,100,107,112,117,133,131,73,142,136,135,133,126,99,123,214,136,135,136,158,206,155,143,108,101,133,153,115,117,110,105,103,142,105,97,94,91,91,96,97,100,104,93,105,124,124,125,128,143,132,201,133,137,141,129,122,179,101,97,95,100,113,131,153,179,198,211,219,222,234,215,212,201,190,182,120,163,181,170,166,163,119,110,195,116,103,87,109,82,96,74,51,36,21,25,24,17,17,22,22,23,25,24,24,24,24,23,90,35,24,24,23,20,24,23,21,124,16,24,24,26,27,24,24,24,24,23,22
23,24,24,21,24,23,23,23,23,21,23,23,23,23,21,21,21,21,23,36,91,24,24,23,24,17,109,18,24,27,35,36,163,76,98,108,113,122,118,125,133,146,159,174,182,188,191,189,189,189,121,197,138,210,229,219,223,226,186,188,196,166,118,76,89,89,95,105,116,91,126,133,201,143,153,153,150,145,130,200,118,116,111,107,89,91,81,61,149,52,50,51,65,61,176,74,84,86,86,87,88,89,89,92,37,84,160,62,70,73,81,91,90,105,109,115,130,2,148,195,137,143,142,141,134,104,143,138,144,144,143,139,136,76,134,132,138,53,92,189,87,123,119,116,145,114,106,103,101,99,95,99,89,80,186,94,49,79,110,120,58,134,122,114,122,141,140,139,129,135,125,109,97,91,92,101,120,142,179,199,208,216,237,225,222,212,202,208,179,172,170,170,167,207,212,149,152,65,132,119,112,192,102,83,57,40,27,24,67,56,24,24,24,21,24,24,24,26,3,15,21,23,23,23,23,23,23,24,24,24,24,24,25,21,27,25,24,24,24,24
24,24,24,24,24,23,23,23,23,23,23,24,20,23,24,0,133,10,23,23,24,24,23,24,24,16,124,25,30,39,62,77,79,107,113,117,120,125,134,144,157,170,179,186,197,73,157,185,188,194,201,209,236,98,248,226,224,221,209,179,137,109,102,101,99,110,122,133,142,151,146,131,117,108,119,139,134,124,117,100,107,101,91,77,136,61,58,55,53,55,61,66,73,78,64,73,84,86,88,89,89,89,89,88,84,84,67,80,77,79,85,94,152,110,114,119,127,144,139,134,148,147,148,149,151,147,206,146,150,148,148,147,146,142,141,138,137,148,135,122,126,130,128,127,118,119,117,113,110,106,103,58,93,89,40,69,91,95,98,102,105,109,115,126,130,129,129,133,140,148,158,139,123,109,98,93,93,98,114,142,95,188,208,221,228,240,217,154,199,189,181,215,88,186,180,176,171,171,145,129,122,107,85,104,67,54,36,28,23,24,24,26,4,25,24,24,24,12,156,10,23,23,25,6,24,24,24,24,24,24,21,24,24,24,24,24,24,24,24,24
24,24,24,24,23,23,23,102,27,21,23,24,24,23,9,141,0,23,20,23,9,155,11,24,24,26,29,35,46,68,55,104,111,114,119,126,136,146,159,171,180,150,76,195,181,199,186,189,197,208,224,216,218,247,142,220,222,185,148,118,99,101,50,52,128,135,147,163,161,160,153,172,139,120,121,121,116,110,106,101,95,83,59,60,52,52,54,59,64,59,164,74,81,83,84,150,86,98,46,99,94,92,89,86,86,85,90,46,86,83,92,49,102,113,120,127,133,138,143,146,148,150,153,154,162,187,151,158,155,154,152,151,149,146,145,146,147,143,142,143,169,134,134,134,133,130,126,122,118,115,107,176,76,90,83,74,180,77,89,91,94,99,104,110,113,116,118,127,138,149,99,153,143,133,123,112,103,97,93,95,118,127,158,216,207,138,225,160,215,208,203,191,203,181,180,182,184,185,101,162,172,121,118,116,105,82,56,38,27,24,24,9,148,16,23,24,24,24,23,21,23,23,11,134,20,20,24,24,24,23,23,23,26,3,26,23,23,24,24,24
24,24,45,79,23,7,24,12,19,25,24,24,23,66,55,23,23,23,23,23,25,3,27,26,13,154,18,50,73,92,107,114,119,123,135,146,159,168,217,183,187,192,200,180,182,185,192,202,209,214,216,217,152,225,212,217,151,124,99,93,86,91,122,135,145,153,159,112,162,156,199,104,116,104,111,102,176,91,97,93,84,75,130,61,56,58,63,68,76,83,70,88,73,90,89,90,90,68,103,96,96,94,91,77,88,88,89,95,89,74,93,109,110,118,126,130,137,143,139,149,166,171,155,158,160,197,163,191,160,159,149,156,147,197,146,128,121,143,143,141,139,136,175,138,136,135,130,127,123,120,115,90,185,90,85,69,68,85,84,85,81,161,95,101,90,116,110,117,127,136,143,145,147,145,141,134,126,117,108,99,95,85,190,118,158,183,201,140,206,207,203,196,186,177,172,173,180,188,200,179,104,142,126,130,168,108,131,81,44,33,24,22,24,24,23,9,23,23,23,23,23,22,22,24,24,25,24,21,123,15,23,24,12,155,0,151,10,24,24,24
24,24,21,18,2,100,20,23,25,24,24,23,23,17,18,23,23,23,23,23,24,25,24,29,34,21,55,167,88,110,134,146,131,143,158,170,180,185,181,188,187,183,217,182,218,199,207,214,218,220,222,221,161,192,156,129,101,93,96,105,118,129,140,142,157,160,163,111,153,143,191,121,118,172,95,78,58,80,79,77,74,70,60,173,60,71,74,78,83,87,88,77,176,82,97,93,96,97,98,143,105,97,73,170,89,92,94,92,79,181,90,107,123,59,136,135,141,141,198,152,153,153,158,159,162,157,163,100,173,154,210,151,168,145,153,149,148,146,146,144,143,141,128,202,131,136,133,130,127,124,120,114,108,101,92,42,89,87,85,84,84,69,178,79,179,45,87,101,97,195,122,140,145,160,153,66,199,65,149,127,118,109,83,95,105,127,143,178,193,201,201,153,174,185,180,179,181,188,190,194,185,164,149,65,124,124,89,90,67,47,37,29,25,24,22,99,20,22,23,23,23,23,23,23,23,23,23,23,7,24,23,24,24,24,82,145,9,24,24,24
23,23,23,8,152,88,22,24,24,24,24,24,4,22,25,36,67,21,124,16,27,5,30,31,44,61,86,89,116,119,124,134,154,167,178,183,181,125,183,187,190,194,192,212,212,218,222,224,226,223,216,196,178,138,151,105,97,105,120,130,140,146,152,197,155,157,157,162,149,138,128,105,53,101,85,78,73,64,63,63,64,69,75,63,84,84,72,87,89,91,90,87,86,90,53,90,97,99,100,93,93,159,179,86,96,96,95,92,88,91,101,108,117,137,132,138,145,147,152,155,148,158,159,160,163,163,163,208,78,171,161,164,79,163,153,153,153,150,149,149,153,146,144,131,142,139,137,141,73,130,123,118,112,107,100,100,90,89,88,88,88,128,89,89,89,76,152,82,95,85,109,123,142,68,156,161,137,161,73,144,153,147,129,107,92,85,186,172,176,220,209,219,211,201,195,194,104,195,213,188,193,178,163,145,165,133,126,121,106,86,63,45,33,26,23,99,24,102,23,23,23,22,11,133,18,23,23,23,23,23,23,23,21,24,26,4,27,24,24,24
55,65,21,21,22,112,21,24,24,24,24,6,255,0,9,136,10,23,7,25,11,157,19,44,51,88,109,119,125,132,146,176,170,183,184,183,174,189,184,205,229,207,216,181,199,234,232,223,212,195,170,141,117,105,104,112,124,134,142,148,153,156,155,158,67,116,147,144,137,125,109,199,107,86,81,66,44,69,65,64,71,38,84,87,81,83,162,91,94,95,94,92,88,93,56,144,97,100,100,144,109,90,100,98,97,96,100,88,82,88,73,109,121,129,138,143,147,150,152,148,205,157,161,163,165,165,165,164,165,165,163,159,158,157,158,157,156,154,153,146,112,150,148,146,144,143,142,138,166,145,135,120,117,114,105,99,96,94,91,92,90,83,87,86,86,88,89,80,68,82,133,98,104,127,139,145,145,139,192,199,163,172,163,143,114,94,90,97,140,182,200,215,215,218,221,102,216,189,184,171,129,179,178,169,146,135,155,134,116,182,85,72,52,39,27,114,20,11,24,9,23,23,25,3,22,21,23,21,15,24,24,24,24,24,24,24,24,24,24,24
16,14,22,23,24,24,24,24,24,24,23,24,3,25,23,24,6,25,24,24,26,30,43,64,97,54,121,128,138,151,150,66,236,199,185,179,222,194,197,146,198,216,234,232,244,235,225,195,164,143,155,114,105,115,127,138,145,150,153,155,155,162,86,173,153,138,133,127,116,107,98,92,89,89,88,106,196,70,74,74,78,90,89,90,138,102,94,96,98,98,96,95,93,91,93,94,100,101,103,99,102,102,100,98,97,97,56,90,86,48,102,112,119,134,140,146,150,153,156,158,159,161,155,163,165,165,165,165,165,165,163,159,158,158,158,172,176,157,156,156,155,154,153,150,147,147,144,143,135,138,69,126,107,88,106,68,99,96,96,95,95,94,91,89,87,86,87,87,88,69,78,86,147,106,121,132,140,144,166,163,153,159,152,157,138,113,92,87,41,123,153,187,209,214,211,224,204,199,201,183,177,181,184,185,176,157,132,124,121,108,113,99,70,41,45,30,25,24,20,113,22,23,23,22,21,23,24,45,79,24,24,25,23,23,23,24,23,23,24,24
23,24,23,24,24,24,24,23,24,24,23,23,23,23,23,19,133,13,24,24,25,41,61,97,110,129,184,139,157,175,194,200,192,188,190,206,199,140,209,227,220,218,214,218,210,203,178,141,113,98,90,135,117,140,149,154,154,158,150,155,150,144,153,137,138,160,118,156,99,95,92,92,93,93,93,91,90,87,86,85,88,91,94,79,96,96,93,98,100,100,100,104,51,99,96,98,108,103,106,148,113,110,102,87,97,95,92,89,87,93,103,114,167,136,141,147,153,157,160,163,156,159,213,167,165,166,159,167,166,164,162,159,157,170,159,159,159,159,159,158,166,74,161,151,147,147,145,143,141,136,128,123,116,111,105,106,99,102,83,102,52,68,52,98,77,91,89,89,78,176,58,77,81,91,106,119,132,142,150,77,145,130,199,192,136,133,109,89,78,57,96,136,181,118,216,215,211,210,157,200,206,184,183,185,183,176,158,142,129,120,116,110,115,127,24,49,32,26,24,11,2,80,44,23,23,23,23,23,24,24,25,19,24,19,23,23,23,24,23,24
23,24,24,24,24,23,23,23,24,24,24,15,20,23,23,55,67,23,23,31,45,31,74,59,129,132,143,161,180,192,197,197,197,200,207,133,217,218,223,226,226,219,211,193,197,143,122,102,97,104,126,122,184,153,158,180,116,162,198,144,142,138,134,131,123,114,102,86,90,136,101,95,95,96,96,96,96,94,92,92,92,94,77,184,86,99,131,115,104,103,102,99,107,100,102,109,54,111,108,101,108,65,94,172,96,83,94,91,92,96,94,113,122,133,141,148,155,159,162,159,208,164,152,141,157,116,213,163,166,121,156,164,171,92,165,163,163,164,96,165,158,171,185,151,147,146,144,133,140,134,127,121,115,109,105,100,99,61,185,88,103,100,102,90,181,29,92,87,83,85,66,82,82,81,90,103,117,131,140,152,138,138,144,136,205,136,126,111,95,73,176,81,119,172,189,210,213,233,225,96,212,197,187,179,180,182,199,176,149,132,120,116,110,95,137,65,48,33,22,102,152,0,20,23,23,19,135,0,125,15,23,23,23,3,23,23,23,16,18,128
24,24,25,21,24,22,24,24,24,24,24,74,44,23,23,19,18,29,35,48,67,100,118,126,127,144,165,184,196,198,194,195,202,209,216,221,223,152,226,229,221,204,178,142,183,92,98,105,67,133,89,146,149,154,164,74,170,142,215,162,73,136,127,120,110,100,94,142,86,82,91,98,96,97,100,100,99,96,96,95,95,95,148,99,99,100,139,117,107,104,124,131,102,103,105,113,109,108,118,107,107,105,101,84,78,175,91,93,94,97,160,109,121,132,143,149,155,159,163,165,167,169,172,101,175,174,168,168,169,174,168,168,167,167,165,163,163,163,174,154,117,157,149,149,146,143,136,198,128,130,124,117,112,108,105,100,99,99,99,99,97,96,95,95,76,255,71,105,128,89,90,86,59,77,80,88,101,112,124,132,136,139,141,140,135,131,130,159,191,93,68,77,83,110,143,180,205,215,215,233,211,206,197,189,113,183,180,182,170,152,133,121,128,145,114,97,53,48,32,24,25,8,26,6,24,24,0,149,0,22,21,21,0,155,9,23,23,24,24,7
24,24,21,11,21,24,25,24,24,22,24,24,23,23,23,24,30,38,51,73,95,115,128,133,189,165,187,201,203,200,197,198,225,228,219,221,242,164,225,215,196,162,128,130,111,93,106,124,146,145,147,147,149,149,149,146,167,149,125,131,140,124,113,101,97,91,87,78,89,96,50,81,91,100,100,100,100,113,135,83,97,95,97,100,100,103,104,104,104,109,52,172,96,169,104,73,112,116,54,113,105,82,93,102,107,50,92,92,94,98,108,113,166,129,140,146,155,160,136,146,169,168,170,170,170,170,170,170,171,171,170,170,170,162,166,165,158,209,159,163,166,156,152,148,149,69,142,131,129,128,121,115,110,105,112,101,100,101,86,102,100,98,98,98,100,81,170,91,89,89,77,85,82,77,75,71,161,95,106,114,122,131,134,131,109,116,118,119,111,166,97,80,73,79,99,134,170,204,223,221,218,214,221,201,217,86,181,167,175,172,156,77,127,114,106,67,184,62,44,32,0,123,10,133,19,23,21,21,21,21,21,22,102,27,23,23,23,22,21,22
24,24,22,124,17,24,24,24,24,24,23,23,23,23,24,29,37,54,72,105,105,125,91,144,166,188,201,205,213,209,204,223,108,134,247,232,95,167,197,175,148,116,97,84,93,97,104,134,188,143,149,149,147,146,142,138,134,131,130,70,123,117,115,132,95,91,89,89,91,94,104,99,101,102,103,101,99,105,83,184,89,97,99,100,106,103,104,104,105,95,188,91,110,104,113,104,114,160,94,106,102,103,101,100,99,111,122,90,93,93,78,111,109,124,98,137,155,161,170,170,167,166,170,174,170,172,173,174,174,173,172,171,166,207,168,166,176,75,169,159,159,155,152,147,141,148,157,138,124,122,118,113,107,110,53,107,101,93,187,91,100,80,92,100,107,95,96,50,92,85,150,81,58,75,70,70,62,81,90,97,94,99,126,121,197,116,122,125,128,115,111,96,86,44,78,101,132,148,165,215,220,219,212,209,164,200,189,179,210,175,167,164,135,121,111,107,98,40,58,28,155,10,24,24,23,23,4,21,21,21,23,23,19,23,23,23,23,21,21,21
23,23,23,24,24,24,24,24,23,23,23,23,23,26,30,40,41,76,101,59,177,131,161,75,197,200,224,205,202,207,231,217,220,237,104,228,206,141,152,128,90,95,96,110,126,141,145,142,135,144,145,144,143,140,137,133,128,122,115,119,106,59,101,95,95,95,94,92,93,99,51,107,104,104,109,56,108,53,102,99,99,100,105,101,68,91,107,110,69,110,96,109,102,90,114,168,111,95,187,153,100,100,100,86,87,173,73,192,123,104,147,108,112,118,136,146,92,159,162,164,164,165,151,131,170,182,175,184,175,175,174,174,174,173,171,169,168,180,164,162,158,154,151,147,146,67,131,121,118,117,102,65,110,102,101,106,51,106,101,100,100,103,101,103,56,126,126,92,89,92,57,85,84,75,69,67,68,72,76,82,94,104,113,124,130,131,130,129,129,128,123,122,101,90,64,43,43,127,84,199,215,221,231,214,211,201,195,185,176,173,171,168,156,140,122,112,107,98,39,45,31,25,24,24,23,18,132,9,21,21,23,23,23,23,23,24,23,23,22,22
23,23,20,15,24,24,24,24,20,24,20,21,25,31,42,56,161,88,113,120,127,147,167,202,200,205,205,207,232,232,119,126,236,226,222,208,180,155,115,87,179,87,113,137,77,155,207,137,142,142,141,137,135,132,128,123,116,109,133,122,96,94,96,82,99,98,96,96,95,96,107,101,104,101,99,108,105,53,102,100,91,185,65,103,102,136,103,111,71,112,111,111,111,114,115,120,122,110,107,97,102,100,91,170,90,87,84,64,87,49,158,106,69,114,91,129,155,151,129,138,161,162,164,165,170,108,175,120,174,176,176,176,176,176,175,175,175,169,166,164,159,153,147,143,136,141,122,118,113,94,251,175,95,101,101,101,109,100,100,100,100,100,101,102,101,100,103,92,94,46,97,44,87,41,76,53,58,65,73,81,81,90,99,110,121,131,118,171,131,132,137,79,119,98,175,89,78,88,113,152,197,209,149,221,214,233,203,198,184,178,174,176,174,96,152,118,114,103,92,63,40,29,26,6,23,48,57,20,20,21,23,23,23,23,25,4,72,41,17,128
23,24,45,79,24,10,24,24,24,24,24,25,31,43,59,79,95,101,96,139,179,168,185,227,202,203,159,195,223,228,229,245,225,220,203,176,141,109,91,86,97,114,130,143,159,149,74,150,140,139,136,134,121,198,106,117,102,100,95,98,109,129,113,202,94,159,98,99,100,93,99,137,118,134,124,100,99,107,99,100,104,90,107,106,105,115,102,186,100,182,104,112,114,115,118,82,58,116,107,106,103,100,97,94,90,82,78,78,85,104,97,113,164,114,125,131,138,144,157,157,155,158,162,165,166,179,81,210,176,171,177,173,180,180,179,164,155,170,168,153,152,150,146,127,125,124,118,112,116,108,93,92,104,102,104,105,103,103,100,100,101,102,104,103,103,98,132,104,128,87,85,89,81,83,67,176,66,76,77,45,81,81,87,96,108,110,195,115,130,135,136,136,129,118,105,88,78,70,85,63,89,187,210,221,221,218,211,229,199,192,187,101,189,183,156,137,119,111,98,78,53,34,16,133,17,48,57,20,20,21,23,23,25,2,12,153,55,41,25,0
24,24,24,24,23,114,21,22,23,24,24,29,39,59,78,96,108,119,131,147,168,187,201,200,204,204,217,221,226,248,228,226,214,197,165,132,102,84,84,98,114,132,136,197,149,162,163,140,130,137,135,129,121,100,85,47,105,99,99,91,177,96,100,101,102,94,104,108,51,151,112,100,104,106,105,105,59,104,100,100,102,104,106,107,107,109,112,102,118,105,116,114,115,117,117,117,116,112,110,107,102,98,94,92,90,86,80,79,85,97,106,110,110,111,146,136,127,135,116,125,148,151,157,161,165,167,185,168,175,204,173,208,177,180,180,175,171,168,158,212,175,145,134,197,165,118,111,112,61,93,104,103,104,105,107,106,107,106,104,103,90,106,104,104,92,166,65,90,83,88,87,86,84,82,81,81,81,79,79,78,77,76,77,82,92,104,115,125,129,139,67,142,130,128,118,102,84,70,64,83,100,139,178,206,220,221,220,211,211,204,193,195,223,196,172,152,132,118,109,91,69,44,30,24,23,22,6,145,12,21,23,23,11,155,10,23,23,23,17,128
24,24,24,26,2,15,24,23,23,24,22,131,52,79,50,100,99,131,146,167,186,200,204,205,205,209,166,202,234,117,240,212,169,109,123,97,82,74,98,152,140,144,161,142,150,144,133,198,182,132,129,120,112,105,105,101,103,101,100,87,108,100,104,95,106,105,106,105,112,166,54,113,107,115,106,113,108,100,100,100,103,91,108,109,117,112,115,117,119,119,117,118,130,149,117,117,117,114,111,112,89,97,93,93,94,82,76,89,94,102,108,110,109,110,155,6,133,125,131,136,140,146,152,156,166,186,216,166,171,170,177,103,174,173,174,173,164,210,154,150,144,137,92,126,119,112,107,104,97,178,95,106,106,108,109,109,108,106,106,72,182,95,104,104,103,89,99,92,90,89,89,89,88,88,87,86,85,88,50,89,78,75,70,71,78,89,105,118,128,130,140,182,131,129,126,137,131,85,68,61,69,95,132,172,203,218,222,221,215,211,202,193,179,184,180,166,144,128,116,105,86,27,156,13,24,24,26,2,23,21,21,23,23,24,24,23,14,20,23,23
24,24,24,9,165,80,24,23,24,30,27,40,74,96,117,123,134,146,164,184,196,202,214,205,209,214,227,240,228,242,107,194,148,178,87,83,88,154,121,85,149,160,73,207,147,146,142,127,133,127,120,112,105,102,100,100,80,92,120,255,39,105,102,232,96,106,106,106,106,71,111,107,115,65,117,59,108,103,102,102,94,189,99,112,75,116,118,120,101,107,122,121,119,116,121,118,117,115,111,75,182,88,95,96,100,103,104,100,95,188,105,111,112,98,113,123,114,118,121,124,140,137,143,148,151,154,153,163,162,162,166,99,212,158,166,163,160,146,148,142,136,131,130,119,113,109,105,102,101,102,114,108,111,111,111,102,109,75,105,110,105,104,103,102,100,97,170,87,94,90,69,91,89,89,90,90,89,88,94,49,85,73,66,64,67,76,91,105,118,129,134,127,133,131,129,127,120,104,90,65,58,70,89,206,112,212,137,229,221,217,216,106,246,183,183,176,160,140,125,113,98,79,33,37,27,24,24,23,23,21,21,21,24,24,24,24,78,40,21,22
24,24,23,22,24,24,24,24,28,96,63,74,94,109,121,135,148,166,182,193,196,228,134,205,224,220,223,224,226,215,236,165,124,95,83,88,104,124,143,167,157,164,158,144,148,144,137,129,122,115,111,106,104,102,101,102,103,104,100,87,104,94,121,132,108,108,107,107,107,117,112,111,112,112,117,60,111,106,105,105,104,106,107,111,153,124,119,122,115,131,66,125,122,122,122,120,117,114,112,115,106,102,102,103,105,107,107,107,111,100,116,114,106,192,106,115,110,118,68,126,66,138,132,135,138,143,145,147,147,146,143,202,141,151,150,150,146,141,137,133,128,121,115,112,102,188,96,104,103,111,60,115,99,114,113,166,108,112,106,106,106,104,104,91,100,108,45,100,95,95,159,91,92,93,92,93,90,89,89,87,81,72,64,60,62,66,73,86,101,117,127,131,130,129,128,139,128,121,69,84,69,48,79,88,147,174,226,241,225,223,222,244,92,197,187,185,174,156,126,123,110,92,69,30,33,22,133,12,23,21,21,21,21,23,24,24,23,23,21,21
24,24,45,79,24,24,24,24,35,42,69,92,107,119,131,149,168,185,196,199,199,196,207,213,166,218,227,223,219,197,214,138,103,80,86,101,123,176,158,162,228,159,159,151,143,136,128,116,109,113,102,102,102,103,104,104,139,118,104,104,101,174,97,102,110,114,109,109,111,83,107,114,115,115,114,125,67,115,107,106,112,108,157,98,114,117,119,114,183,119,131,122,122,121,121,121,117,117,115,74,110,108,107,110,112,97,92,111,111,115,118,115,114,113,120,115,143,119,187,114,120,69,129,125,132,116,131,173,134,132,132,134,142,81,140,134,132,128,126,124,120,115,111,107,108,93,108,105,105,106,112,95,188,169,109,118,110,108,107,107,106,106,98,173,103,54,103,94,95,95,85,96,95,95,95,95,93,89,89,86,80,72,65,63,62,63,65,71,83,93,192,118,48,193,131,70,135,130,120,103,74,176,124,82,102,135,190,0,247,227,220,215,208,199,185,140,185,166,210,125,118,104,74,149,35,28,0,150,13,21,20,20,20,21,22,23,23,23,21,21
55,67,21,15,24,24,25,105,54,51,88,107,116,129,146,167,183,196,200,200,201,206,214,226,145,235,226,217,82,145,65,106,100,120,94,71,137,144,158,170,77,183,155,146,143,67,117,105,106,51,94,187,98,104,105,104,98,99,108,102,104,106,107,108,105,74,111,111,111,110,120,113,115,140,134,102,102,111,110,109,71,108,93,191,72,175,114,115,184,109,123,122,122,123,121,121,118,117,118,116,115,103,113,94,100,116,115,112,113,115,117,116,114,101,76,115,149,130,106,186,113,121,121,121,121,120,120,114,120,121,123,124,125,136,125,123,120,120,119,119,117,114,110,108,107,107,107,94,108,109,95,162,96,106,115,75,112,111,111,110,109,109,106,105,56,101,170,87,95,95,95,95,100,49,101,96,95,95,90,87,81,76,71,69,68,66,65,64,71,62,81,105,197,108,122,127,130,132,130,119,104,84,43,69,82,103,134,222,200,220,225,223,217,209,202,213,190,182,163,141,125,111,95,71,49,29,137,0,25,22,21,21,21,21,23,23,78,44,23,21
18,17,25,24,24,24,33,40,55,97,107,107,127,143,162,182,194,199,201,203,209,217,228,234,254,229,210,190,89,120,102,77,74,75,106,131,139,156,153,156,161,92,152,139,126,119,176,92,99,98,100,85,73,104,104,104,102,105,59,101,100,102,108,57,113,151,189,105,112,115,56,119,114,112,114,117,117,115,113,113,115,110,112,114,116,182,153,135,109,188,115,125,127,126,124,122,121,121,120,120,114,172,114,118,118,118,116,114,114,115,117,117,108,192,105,115,117,119,130,112,124,123,122,123,121,121,120,118,118,118,119,115,191,111,119,117,117,117,117,117,117,114,112,109,108,108,102,185,103,60,121,108,189,113,115,114,114,114,113,112,111,115,98,98,110,100,87,99,96,96,102,98,98,107,143,107,98,95,99,89,86,83,82,80,78,75,71,68,68,76,84,96,112,66,120,122,126,129,140,63,128,97,76,68,75,48,104,147,105,221,116,233,222,215,205,125,195,188,175,154,134,118,105,88,65,45,14,28,9,152,13,22,21,23,25,3,17,20,16,17
23,24,39,179,17,32,47,58,184,94,110,184,140,175,178,197,230,200,206,214,221,231,237,240,233,219,195,163,126,98,77,72,80,165,116,135,140,101,152,153,152,148,141,130,117,107,90,101,99,100,100,100,100,101,147,96,103,100,100,99,99,100,104,176,112,144,179,108,101,115,109,173,113,117,117,119,119,119,117,111,86,116,117,117,89,120,70,122,146,141,126,128,129,129,133,161,123,121,133,121,122,157,75,129,121,120,118,115,114,115,120,107,119,116,85,109,117,125,70,124,122,123,123,123,123,123,122,121,121,121,120,120,100,182,114,117,115,115,108,192,111,116,113,111,110,108,109,110,112,123,117,119,108,92,117,115,124,114,114,108,112,82,169,149,87,102,59,105,89,101,67,102,100,100,69,95,103,102,56,93,90,92,77,90,87,88,79,76,75,74,76,85,96,107,113,118,121,126,130,145,86,112,90,73,67,79,131,113,157,177,228,222,226,219,212,202,194,198,183,178,147,150,126,100,82,59,40,28,27,4,25,21,21,22,80,161,9,23,66,55
22,23,22,0,41,97,61,137,104,113,126,143,169,103,192,202,201,221,210,222,231,238,240,236,229,215,187,151,110,85,73,80,99,118,129,105,146,147,149,190,148,141,132,120,110,100,96,97,99,99,86,89,103,102,87,184,92,110,99,99,121,129,104,107,111,80,45,114,191,160,115,107,117,117,119,121,122,122,121,121,121,121,121,122,122,123,124,126,122,123,127,129,129,129,127,122,127,133,62,132,125,101,124,149,84,127,117,113,113,115,112,197,115,117,120,116,117,120,145,140,122,123,111,124,111,123,122,122,120,171,121,121,120,107,117,116,114,114,118,106,120,129,116,114,111,110,111,114,116,119,121,121,121,122,117,123,58,122,115,154,120,111,110,106,105,103,108,106,166,96,93,187,94,104,107,104,81,92,97,96,96,86,180,89,94,63,71,75,80,79,80,83,89,99,107,115,121,128,134,137,137,126,107,84,69,69,87,100,121,147,229,114,236,227,219,208,195,127,186,115,162,182,119,110,97,74,52,32,22,24,8,154,8,18,102,21,23,23,23,23
22,23,20,27,31,35,74,86,109,118,137,160,188,117,108,213,215,106,233,231,241,245,245,239,227,207,169,129,93,77,78,101,61,140,148,156,147,147,148,141,142,131,121,111,103,97,95,96,99,107,195,186,95,112,103,104,107,61,67,106,99,98,104,107,108,116,122,113,115,146,124,117,117,97,105,122,124,124,126,126,125,125,124,123,124,125,126,127,128,128,128,129,118,130,129,84,131,129,129,127,125,101,114,114,125,107,117,113,120,115,122,127,127,122,87,110,117,117,115,117,122,113,200,108,193,115,121,121,123,106,123,122,121,118,117,113,102,188,111,119,128,60,127,118,115,114,116,118,120,122,122,122,121,120,120,123,117,110,117,87,109,113,111,91,93,106,110,55,105,103,105,91,106,105,154,114,105,102,101,100,100,100,98,97,95,82,185,137,44,91,90,55,90,89,178,105,115,143,165,143,143,138,121,99,74,68,76,90,107,126,152,207,216,229,227,218,205,195,193,191,181,158,136,145,125,88,65,41,29,22,12,0,22,21,6,23,23,23,23,23
23,23,24,30,45,22,89,106,119,168,160,178,192,181,196,209,216,222,230,240,246,246,246,242,220,183,138,104,115,104,94,112,143,145,152,152,148,146,144,141,135,123,113,105,100,119,126,99,100,100,103,104,110,53,112,106,107,106,113,105,112,103,104,106,108,111,111,115,117,111,116,92,107,122,123,123,125,127,129,129,129,129,123,124,125,126,133,66,136,128,128,130,194,123,129,136,129,129,129,126,123,122,122,145,128,183,109,111,66,113,112,117,120,120,122,115,114,101,125,117,115,188,53,120,116,116,117,118,119,172,122,123,122,110,118,135,144,106,119,121,122,124,129,121,119,122,73,122,123,123,123,122,122,121,116,89,119,164,122,82,119,109,187,104,110,106,105,104,93,104,104,106,106,108,58,190,56,120,60,106,101,100,100,104,95,91,89,80,96,136,101,99,94,95,83,89,158,117,129,139,143,140,129,107,83,68,67,72,173,106,134,162,196,230,239,225,217,206,199,194,189,174,151,123,111,99,80,28,34,36,89,21,20,21,21,23,23,23,20,23
23,23,26,20,55,81,101,116,131,147,166,187,200,206,210,216,224,230,238,245,246,247,246,226,191,148,105,84,74,79,183,125,143,148,148,147,143,141,138,132,124,113,105,100,100,97,96,102,103,103,161,103,106,106,107,107,109,109,108,113,79,134,104,105,105,102,111,114,117,125,120,125,110,122,131,123,127,128,129,129,129,130,169,126,126,128,129,139,151,146,132,81,72,133,129,129,129,129,127,124,122,119,118,119,103,110,107,104,100,92,86,87,96,105,108,110,106,191,57,116,115,104,114,112,112,113,114,116,118,122,123,123,116,182,118,121,121,123,125,123,125,125,89,126,122,131,128,124,127,126,124,124,124,124,124,122,121,122,121,126,118,108,102,109,182,99,106,105,169,101,106,107,109,109,110,96,115,55,119,105,101,99,90,41,95,91,89,136,96,88,94,95,95,98,97,99,103,112,118,133,138,138,134,116,89,68,61,71,74,101,115,134,168,201,217,229,224,215,203,195,190,180,163,139,122,108,91,67,43,20,24,22,8,17,112,22,22,22,23,23
20,24,47,187,29,90,110,132,140,157,178,193,200,202,219,111,231,234,237,238,240,234,221,192,151,110,83,75,84,103,114,140,147,147,145,142,138,141,131,120,110,101,98,100,100,88,85,103,106,106,97,107,107,107,109,111,111,111,110,109,104,93,184,100,113,149,111,114,118,79,122,118,192,117,67,132,128,129,129,129,129,128,128,129,129,129,129,131,127,128,131,131,143,130,130,129,129,128,126,123,119,115,112,87,167,96,101,98,91,80,75,74,78,86,95,102,114,111,138,133,116,116,114,113,113,114,114,117,120,123,125,126,124,123,123,124,124,114,99,126,128,129,128,139,131,63,133,126,84,77,190,122,128,77,131,126,124,85,120,115,188,167,115,114,100,110,107,106,106,108,109,111,103,110,110,110,144,122,106,104,101,99,97,96,93,91,91,147,98,102,98,98,98,82,85,96,97,114,143,127,167,136,134,122,102,76,63,62,77,95,107,118,127,136,209,225,227,220,204,197,188,185,173,150,131,117,103,78,53,34,25,23,102,27,9,23,23,23,23,23
24,26,51,91,79,97,117,92,147,172,189,200,202,205,210,242,235,241,244,235,228,215,184,213,107,78,151,75,97,116,136,142,142,137,139,135,129,85,116,96,95,91,94,101,102,103,103,103,105,106,107,108,102,111,152,118,112,99,112,111,111,111,94,107,106,108,111,114,117,111,122,125,115,127,127,128,129,129,130,118,129,128,135,129,124,197,124,132,132,131,132,134,123,136,134,132,129,129,127,117,202,103,108,133,124,100,99,95,92,90,91,91,88,83,83,94,63,109,108,111,117,117,117,124,116,116,118,120,123,134,129,129,128,127,127,127,127,126,127,129,136,129,135,63,135,124,181,127,128,194,111,130,118,129,129,119,126,131,123,124,99,123,117,116,112,113,113,109,109,111,111,111,158,112,110,110,108,107,106,104,100,90,180,90,93,62,94,68,97,66,100,100,100,99,98,85,77,89,163,96,104,199,130,131,113,92,44,63,47,89,102,110,125,192,183,214,225,222,235,200,193,188,181,162,141,124,113,91,63,39,14,24,25,19,23,23,24,3,25,23
24,29,38,52,85,107,126,142,162,177,194,203,200,212,220,235,240,255,240,236,222,217,170,112,70,69,59,88,108,133,75,141,145,160,130,118,120,113,102,136,92,86,92,82,88,100,102,96,90,107,109,112,151,111,105,111,108,193,57,116,113,111,110,108,109,110,112,116,116,172,122,120,193,120,129,129,129,129,114,255,164,126,90,130,132,121,105,121,132,132,132,125,198,131,135,132,130,130,117,130,49,122,111,102,101,99,171,100,98,103,106,109,102,101,84,89,98,106,112,113,103,100,122,75,123,120,121,123,128,84,130,129,129,129,130,129,129,129,119,139,78,129,90,129,129,130,121,129,129,129,129,121,193,177,124,176,124,125,125,119,195,105,120,117,117,101,101,58,116,111,112,111,103,190,102,109,108,106,105,103,103,102,99,131,92,97,92,72,98,67,95,166,99,99,97,98,96,71,74,88,105,113,136,137,128,107,83,50,73,81,99,109,118,72,167,194,218,227,225,131,202,194,187,173,151,132,119,102,77,47,119,21,23,24,23,20,15,148,8,23
24,31,46,68,95,116,133,104,169,215,202,205,249,216,241,242,255,116,246,230,224,76,95,99,77,70,80,95,123,125,139,128,127,124,119,169,110,101,90,81,81,91,94,98,100,102,104,109,69,110,109,112,159,111,111,113,114,113,122,114,114,113,111,111,111,113,115,123,119,121,133,124,128,131,70,136,138,127,117,119,122,129,130,134,86,133,161,145,134,134,134,135,136,136,135,132,129,122,198,117,132,116,114,111,107,107,102,58,111,109,111,113,115,54,98,99,105,110,107,111,117,122,122,124,124,117,127,128,129,130,131,131,132,132,131,131,130,128,189,66,171,132,139,131,131,131,131,131,130,129,129,129,129,128,128,83,127,125,125,125,120,209,131,115,114,117,115,124,114,114,113,114,115,100,112,110,102,104,101,101,103,101,96,90,93,93,94,100,98,80,96,90,100,98,96,95,83,169,28,82,95,117,134,140,137,122,90,173,54,76,94,105,111,125,138,170,206,224,227,230,205,198,195,182,165,141,127,111,89,59,37,25,23,23,23,24,23,23,23,23
26,35,54,78,104,123,141,168,183,202,212,232,224,237,246,246,246,244,238,222,204,152,113,93,74,75,86,111,73,131,129,127,120,176,111,111,103,84,84,75,87,61,102,59,102,90,89,106,107,108,110,111,111,113,113,114,114,114,117,63,120,114,104,90,114,66,115,82,119,127,61,132,126,131,88,136,74,145,202,125,129,129,131,133,142,136,159,145,136,136,136,136,136,136,136,179,131,131,129,134,63,128,123,66,115,113,115,115,116,116,116,114,112,109,150,116,111,114,140,134,117,120,123,118,195,163,128,130,132,132,133,133,125,201,69,138,130,130,130,130,132,133,133,135,136,135,134,133,132,129,129,129,129,128,128,133,125,125,125,124,123,117,119,144,136,115,181,109,175,110,115,115,114,111,111,109,141,119,132,131,89,84,99,97,96,97,98,99,100,104,102,101,100,99,95,92,169,81,81,77,88,110,130,138,139,132,111,87,68,67,83,99,107,112,123,147,182,213,225,220,209,206,95,201,172,147,132,117,99,70,44,28,23,23,23,23,23,23,20,23
28,42,67,91,113,81,150,182,197,224,219,223,235,245,255,244,247,242,233,200,60,136,152,43,78,78,94,112,118,133,130,125,121,109,113,165,97,175,74,130,189,87,99,107,103,106,109,107,97,110,111,111,71,113,69,113,114,119,66,124,114,114,116,118,114,174,113,117,118,122,123,126,127,134,20,142,129,127,234,120,129,129,130,133,128,136,136,136,136,136,139,140,136,136,136,129,136,135,134,132,130,127,124,130,121,122,123,124,124,124,119,126,112,111,112,114,117,118,119,119,121,123,126,129,118,179,121,135,134,135,135,134,139,65,142,127,187,113,104,132,133,134,135,136,136,136,135,134,132,131,129,129,129,129,128,126,125,86,121,121,121,122,122,121,130,119,108,118,110,104,116,114,111,109,107,107,107,106,104,56,107,93,182,94,100,105,50,100,188,95,104,103,101,99,97,95,82,92,84,77,83,102,121,134,137,133,129,98,64,57,75,93,105,110,116,129,160,194,217,232,214,203,217,193,182,156,139,112,109,80,52,32,25,24,76,27,124,21,23,23
32,51,78,103,120,145,157,123,203,136,220,227,234,245,122,255,132,245,218,193,174,115,82,77,69,176,69,92,190,131,129,123,118,115,110,94,96,68,183,63,78,104,101,102,104,106,106,106,172,106,111,114,165,115,154,127,90,104,121,115,115,117,117,117,117,116,117,109,130,126,126,128,129,129,138,128,129,130,122,131,123,130,131,131,180,136,136,136,136,136,116,167,129,135,135,136,136,136,136,135,139,80,132,129,129,129,130,129,174,124,129,67,104,113,107,187,168,122,125,126,128,129,129,129,130,118,200,129,135,135,135,135,133,132,131,131,123,135,138,123,135,135,130,136,136,136,136,136,136,134,131,128,130,129,129,127,125,128,123,122,124,115,125,127,67,127,119,117,107,190,107,111,108,106,148,111,102,100,84,86,99,101,88,102,103,104,113,75,93,108,106,104,101,100,97,95,95,94,89,81,79,94,112,139,134,137,75,110,82,66,68,83,110,101,191,112,140,174,207,220,215,209,203,206,193,167,136,192,109,90,61,38,26,20,102,22,6,4,25,23
36,57,88,110,129,146,173,196,209,214,219,173,213,239,243,244,255,225,201,164,179,102,85,77,82,81,114,195,125,132,128,120,115,112,107,101,96,148,98,93,98,80,93,104,57,99,90,111,111,112,113,113,115,115,154,120,118,117,104,115,115,117,118,72,121,117,121,172,61,91,121,129,129,130,130,131,133,194,126,130,177,128,132,133,135,135,106,125,136,136,136,127,137,82,139,135,136,136,136,136,135,144,134,134,134,134,133,121,147,125,132,60,178,115,115,105,115,127,129,130,147,153,132,132,132,178,134,135,135,100,130,136,135,134,133,132,133,122,98,200,130,138,169,136,136,136,136,136,136,129,210,142,133,129,129,127,125,126,126,125,132,179,123,132,121,120,119,117,113,110,156,106,106,103,93,99,100,99,101,96,99,101,105,106,107,109,110,116,109,108,106,105,101,100,97,95,101,94,92,85,80,88,112,60,140,135,133,120,95,73,49,83,54,114,99,114,126,157,192,212,210,221,226,202,198,176,143,193,112,95,68,41,27,24,23,23,15,148,7,23
39,63,95,116,136,156,184,206,214,216,221,239,243,246,246,246,241,216,183,146,118,96,81,79,91,109,128,138,160,150,127,118,113,109,105,101,98,96,97,142,106,100,100,101,102,169,89,111,103,190,108,116,109,117,117,117,117,111,181,113,115,114,117,124,117,120,121,122,121,174,127,125,128,130,132,134,77,125,131,130,130,132,126,133,133,134,140,138,136,138,137,129,197,138,145,134,135,130,136,135,147,135,136,136,135,135,134,125,138,134,206,121,172,114,115,118,123,129,130,141,57,189,127,132,139,167,133,135,135,142,127,137,137,124,134,135,135,137,141,136,136,136,175,138,137,136,136,142,77,139,106,167,125,130,129,129,129,128,128,128,132,125,131,70,124,120,111,189,110,110,158,93,107,103,101,100,100,108,49,79,111,109,110,112,112,112,112,111,110,107,106,104,101,100,100,99,59,86,101,88,83,67,98,117,133,153,143,134,107,67,160,66,91,105,111,118,118,176,178,203,209,207,206,205,201,184,163,129,125,99,71,45,29,24,10,23,23,23,23,23
41,71,98,120,140,165,193,211,234,218,227,246,117,255,246,245,231,203,171,134,105,91,78,81,99,117,136,142,144,135,126,108,115,110,103,100,99,99,97,89,183,86,98,101,110,49,114,111,114,102,117,117,162,119,117,118,118,118,117,117,103,98,117,125,120,121,122,122,125,126,128,158,141,131,132,132,132,131,131,131,130,131,213,134,133,133,135,137,128,139,137,137,126,145,67,141,137,169,135,136,65,144,136,136,135,134,126,196,117,212,140,119,73,111,113,113,180,127,126,122,203,120,134,132,131,126,133,134,136,164,206,129,130,212,150,136,136,136,136,136,130,201,133,139,137,136,136,135,145,134,135,135,130,130,130,130,129,129,128,129,118,119,125,125,124,123,124,99,93,113,96,191,100,107,84,103,107,107,117,118,110,115,117,71,118,106,192,105,110,107,101,167,109,101,100,97,85,167,56,92,66,177,76,106,133,69,157,140,139,103,63,68,84,101,112,128,117,126,148,192,232,217,236,210,218,97,177,134,98,105,79,50,31,20,203,22,23,23,23,23
45,41,102,129,71,197,91,228,219,224,231,241,255,244,246,242,221,171,116,135,145,87,77,94,103,119,188,148,56,114,125,179,108,119,103,101,100,105,50,100,76,91,93,81,87,113,107,109,111,114,116,117,117,118,117,117,118,118,118,119,122,122,122,74,125,122,123,125,127,133,64,137,132,133,133,133,133,132,125,198,127,132,126,133,135,135,136,131,182,137,138,137,137,137,137,142,138,188,65,176,141,131,134,134,133,133,132,131,137,51,124,110,103,102,106,113,110,129,97,146,129,130,129,130,131,132,132,134,136,130,135,136,136,136,137,138,137,137,137,137,140,130,135,202,130,136,136,136,135,134,134,141,67,127,197,124,129,123,128,128,124,181,119,185,130,68,130,127,126,125,156,101,114,112,88,108,112,113,95,102,117,118,118,116,191,109,102,113,110,107,107,99,56,109,107,77,120,181,91,103,138,77,55,92,116,136,144,138,109,82,64,62,77,94,108,108,118,119,204,173,212,243,0,245,211,217,180,153,124,110,84,54,34,27,0,22,23,23,23,20
44,60,185,66,164,104,220,214,224,164,226,246,244,255,246,237,211,186,194,117,102,85,84,48,116,132,136,143,139,120,56,106,115,133,98,76,101,100,107,95,92,89,88,96,99,100,104,107,110,113,76,118,118,119,118,117,117,118,120,121,122,122,123,122,123,132,125,126,139,127,140,131,133,134,134,132,131,134,136,126,142,136,137,126,143,67,144,130,192,138,139,137,137,137,131,101,135,93,145,135,135,186,152,131,131,132,132,130,129,121,106,99,88,86,65,91,114,116,128,122,124,126,129,129,130,130,132,133,133,133,133,135,136,113,119,146,136,139,139,139,140,140,141,128,137,136,136,136,137,125,117,118,140,132,120,131,130,170,131,129,129,128,134,63,129,137,135,65,129,123,114,197,156,118,117,116,118,118,119,119,119,118,118,119,105,115,113,111,111,109,107,106,106,106,104,95,100,91,79,97,63,82,128,85,107,128,140,138,118,91,58,50,70,87,103,114,118,123,139,196,210,224,246,216,213,203,187,159,188,107,84,55,37,6,93,32,24,23,16,18
44,58,88,132,149,176,204,227,225,240,241,247,255,133,246,225,203,121,130,117,100,85,87,104,82,157,150,145,150,123,91,93,94,94,101,105,103,109,52,112,50,103,96,105,59,61,104,98,87,111,122,117,119,120,121,121,121,121,121,122,122,122,134,125,126,83,129,128,62,136,130,132,135,136,136,151,164,69,140,130,101,140,133,202,128,147,136,139,142,142,137,135,135,137,129,124,120,125,134,130,134,153,140,126,198,63,135,133,131,133,155,102,91,99,67,183,104,118,147,150,68,131,129,129,129,176,131,133,133,132,133,133,133,135,141,69,136,136,137,133,102,138,137,136,143,135,131,129,187,192,130,76,149,159,143,132,130,130,129,129,129,129,128,137,128,128,127,138,128,127,82,125,117,110,123,121,121,121,121,120,119,117,118,118,117,115,113,112,111,109,107,101,185,78,81,178,84,99,100,98,96,84,126,83,103,123,164,148,125,101,75,64,68,83,99,111,117,114,200,110,181,215,239,215,207,202,187,162,137,110,84,53,22,157,10,25,24,24,67,56
41,152,91,125,150,179,204,226,220,234,234,246,246,243,231,211,184,143,128,114,98,88,96,118,156,76,168,145,117,95,82,165,86,98,100,100,103,104,115,106,115,103,106,62,110,107,103,106,174,107,116,119,121,122,123,124,124,124,123,122,123,132,65,132,129,128,126,130,141,128,130,160,146,136,136,137,136,146,135,139,140,154,139,137,136,136,138,140,146,75,143,131,117,98,117,93,90,63,42,116,62,161,140,130,119,140,123,197,140,66,140,121,113,60,127,122,126,127,103,112,147,139,136,133,133,125,133,133,131,131,129,126,122,118,118,121,127,131,136,138,141,136,142,67,95,135,162,145,125,135,132,142,132,139,65,133,132,130,130,129,129,133,66,136,129,130,131,129,129,128,133,125,117,196,106,121,120,120,140,204,109,116,116,117,117,117,114,114,112,111,109,108,93,115,105,100,173,91,96,92,75,86,58,84,102,119,129,136,130,113,91,77,89,123,96,107,117,122,119,96,177,217,106,229,229,198,186,163,140,114,85,55,35,21,24,24,24,24,24,24
74,107,101,127,151,178,202,214,217,223,235,246,246,238,221,197,169,143,130,108,95,73,106,122,143,151,154,138,110,91,86,78,98,95,52,107,103,106,117,103,188,93,184,77,76,103,105,108,59,118,163,120,123,126,127,123,180,126,102,174,118,127,129,129,128,176,127,142,63,136,131,129,134,136,136,116,109,133,137,134,113,69,148,137,136,136,138,139,140,149,134,130,128,126,117,163,81,69,65,72,93,96,112,72,122,127,132,125,136,141,99,133,172,133,132,134,106,115,137,136,121,116,137,136,134,133,133,131,127,161,121,108,104,107,113,124,72,136,132,132,132,133,133,147,135,136,134,133,123,131,133,75,140,136,142,167,132,131,130,131,130,129,133,186,128,132,141,129,117,197,113,126,124,120,176,120,120,119,114,103,117,114,115,116,117,117,117,117,116,153,119,88,107,64,109,126,130,114,133,96,64,90,87,87,100,118,133,138,138,125,92,72,76,74,93,106,120,127,129,142,172,207,234,119,218,205,192,168,144,115,87,55,35,21,24,25,24,24,24,24
43,66,114,160,153,187,200,142,213,224,247,143,249,237,219,191,164,139,121,103,64,176,60,114,118,194,146,105,105,95,93,96,99,167,109,98,189,104,54,117,97,105,172,93,179,93,104,107,117,121,149,121,123,126,127,128,120,128,132,121,131,74,135,129,129,121,128,129,129,130,119,129,197,128,135,133,140,68,140,139,148,142,141,137,136,137,137,150,137,136,135,141,129,129,127,119,105,89,75,64,60,64,71,90,96,109,118,125,185,130,136,137,136,136,137,132,186,199,130,128,138,137,136,117,200,124,128,165,109,92,88,86,92,100,112,125,138,129,138,129,131,119,133,135,136,136,136,129,187,128,132,134,131,132,131,131,129,130,132,132,133,135,132,120,129,132,74,148,159,117,177,125,126,123,90,115,120,120,129,119,117,117,116,117,117,117,117,117,117,111,100,153,200,103,111,105,101,98,92,96,98,89,84,84,160,118,133,139,113,112,112,93,80,84,49,111,125,130,143,139,167,204,220,239,216,210,189,170,144,114,84,52,34,27,26,0,27,13,134,20
37,58,87,97,141,108,196,230,217,227,237,255,246,237,220,196,166,138,117,100,218,68,88,103,110,92,91,99,98,98,98,101,106,99,111,112,98,109,106,106,106,107,94,107,98,180,103,109,111,114,117,120,122,123,124,126,125,124,136,128,128,137,128,129,129,129,129,129,129,124,198,125,124,136,135,135,132,143,133,136,137,137,137,136,142,141,88,72,147,138,138,78,140,132,130,84,125,116,90,75,67,55,52,50,161,62,86,100,99,117,123,127,133,123,138,139,129,137,134,195,129,131,124,177,101,111,100,82,79,69,66,79,92,135,150,111,108,132,81,136,120,200,126,134,135,136,136,136,133,130,97,86,129,129,129,129,129,130,132,135,133,103,118,129,129,129,129,130,129,122,94,128,127,126,124,122,124,128,70,124,120,118,117,117,117,77,119,118,117,111,196,59,102,115,112,109,107,101,100,93,71,89,82,83,88,118,139,141,138,132,113,93,80,77,98,69,128,100,63,145,161,198,219,226,217,208,222,166,143,112,81,52,32,26,13,153,9,26,7,25
38,65,46,99,206,164,196,76,223,234,244,246,247,237,232,98,170,151,151,102,50,73,59,104,113,106,94,91,95,99,103,106,106,167,109,114,111,107,106,105,105,106,107,107,109,98,111,111,113,115,117,120,122,122,124,112,124,130,72,129,130,82,134,129,129,129,129,129,129,130,132,134,135,135,135,135,136,146,162,135,128,201,130,136,100,129,144,137,139,135,196,136,138,82,136,137,129,119,194,154,86,68,54,87,62,53,57,62,64,80,89,99,100,188,114,128,138,70,142,130,122,111,101,92,84,75,65,61,55,54,61,53,101,122,69,139,135,133,135,142,169,137,136,136,136,136,145,136,136,134,134,134,129,125,129,129,129,131,135,134,133,130,129,126,124,123,124,127,119,198,125,129,134,128,126,126,126,126,124,132,121,121,118,150,117,125,119,119,119,118,117,117,115,113,111,108,106,103,100,98,95,89,80,79,150,118,106,130,137,133,139,125,79,77,89,114,126,144,123,136,156,195,221,228,222,210,195,170,143,107,58,52,33,26,24,24,24,24,25,24
36,56,97,124,149,226,204,233,253,237,246,246,245,231,213,202,172,138,121,98,65,78,92,100,128,119,101,90,92,99,105,106,123,146,115,114,111,76,102,102,103,106,107,108,110,111,111,114,115,118,120,122,123,125,120,196,118,125,128,128,130,75,199,123,139,121,130,131,132,133,133,133,134,135,135,136,144,68,135,135,136,125,136,135,134,135,136,137,140,143,134,141,137,194,131,133,131,129,127,118,105,84,64,46,43,47,48,69,99,55,58,64,70,76,86,97,113,75,122,107,91,76,65,59,55,52,31,38,48,53,63,85,106,122,129,131,132,133,136,137,139,140,140,140,138,153,81,137,136,136,136,135,145,162,134,134,134,133,133,133,131,128,124,120,119,116,116,119,122,111,125,124,88,128,128,126,126,126,129,70,132,116,190,103,193,114,120,125,59,124,116,115,100,112,109,108,106,105,102,86,104,74,83,80,150,119,137,143,166,157,128,104,82,75,86,106,127,131,201,126,151,191,218,227,223,223,212,172,143,111,84,52,33,26,22,24,24,24,21,24
35,55,87,173,147,183,206,233,113,250,243,246,241,226,208,185,91,144,120,99,150,79,89,193,124,126,106,93,91,99,105,107,108,112,114,114,111,112,104,100,103,105,107,110,111,112,114,116,118,121,122,125,120,197,122,118,130,123,187,127,129,129,118,137,63,182,131,132,133,133,133,132,143,132,135,136,135,147,135,136,136,135,142,135,136,136,136,137,138,133,196,137,140,130,137,136,134,131,129,126,117,100,80,53,46,76,86,48,47,48,49,50,50,50,55,66,83,99,169,173,57,55,49,50,29,47,50,47,48,55,70,93,116,73,132,132,134,136,136,138,140,140,141,130,145,67,144,136,136,130,194,135,136,136,136,136,136,134,132,130,129,124,121,117,114,111,111,113,115,118,120,120,87,126,94,122,135,128,129,129,129,127,127,126,110,173,118,116,126,83,116,105,186,98,108,108,96,107,92,185,48,183,75,87,94,118,137,146,150,164,140,118,91,77,85,97,198,132,136,134,149,186,215,227,220,202,160,170,140,106,75,48,31,25,24,24,24,24,17,19
33,54,89,104,144,134,206,224,230,238,244,246,239,232,202,176,162,70,126,98,72,80,71,117,132,126,108,94,89,97,105,64,114,145,114,114,114,110,107,104,103,107,108,111,113,114,117,118,121,123,125,126,128,118,125,197,121,130,120,129,129,129,128,128,139,128,129,131,131,131,133,138,68,141,135,136,136,136,136,130,100,136,94,134,136,136,137,139,139,140,129,140,142,141,140,138,136,132,129,124,119,109,95,76,65,50,45,48,47,47,48,48,48,47,47,52,65,84,82,70,65,52,48,125,158,41,30,50,51,46,25,106,115,134,130,132,135,137,83,146,140,140,133,202,131,137,163,147,114,123,131,140,140,139,139,138,136,134,132,129,129,124,112,180,109,111,110,110,111,112,115,118,125,123,87,132,79,119,136,127,127,126,128,125,123,113,120,118,101,126,3,120,107,106,106,104,175,99,102,100,96,93,81,91,143,123,133,154,156,84,161,131,99,82,84,94,185,130,136,135,147,183,214,227,223,210,195,166,137,104,71,44,30,24,24,24,24,24,67,56
33,54,87,174,146,179,206,224,234,251,248,246,255,118,200,207,197,128,78,181,71,78,97,115,131,128,110,95,87,84,179,100,183,100,121,154,115,114,111,108,106,106,110,112,113,124,124,120,122,125,126,128,129,129,129,129,129,129,129,130,119,129,129,135,58,100,128,134,63,136,129,135,68,141,136,136,137,141,143,139,142,136,135,134,134,132,187,139,140,139,137,139,141,143,135,105,141,174,129,125,119,115,96,99,85,71,60,53,34,49,128,48,53,29,51,49,59,77,91,88,73,47,59,45,59,55,54,51,56,62,187,98,121,128,129,133,134,149,150,141,141,141,176,137,144,139,134,136,144,144,143,79,146,139,140,140,138,141,64,137,129,125,121,106,111,130,136,107,171,105,111,112,115,117,126,123,122,210,88,148,146,152,128,126,123,127,119,108,201,107,116,140,118,105,106,106,106,106,104,100,99,98,149,96,103,101,133,68,157,156,153,133,102,72,178,91,106,135,136,134,146,137,196,228,220,209,191,155,133,98,67,40,27,24,24,25,8,24,25,8
32,50,81,115,147,183,217,217,231,172,234,246,243,241,198,176,138,129,115,79,77,75,92,115,139,66,128,101,90,94,89,106,108,68,114,109,117,117,114,111,109,108,110,115,70,74,73,128,128,116,130,129,129,128,184,129,129,129,133,124,193,128,127,126,125,128,122,121,134,123,127,128,140,130,133,135,136,126,110,139,137,136,134,132,132,134,155,148,140,140,137,136,138,140,143,148,142,134,135,129,126,117,192,107,108,96,80,66,61,56,46,33,64,64,133,58,65,83,100,102,86,163,74,76,73,65,59,57,63,81,101,119,127,129,131,135,144,71,147,143,141,139,131,137,103,133,140,140,141,142,141,149,137,137,145,173,140,143,145,137,131,132,124,117,115,109,113,58,103,115,149,109,111,114,155,125,100,55,136,138,128,128,125,123,116,88,117,120,57,78,108,101,102,103,104,105,106,106,103,109,99,97,96,99,97,189,115,134,143,151,151,132,102,85,67,97,114,129,132,179,144,185,212,243,247,103,188,202,182,88,62,38,15,24,24,16,124,22,18,128
31,45,76,110,145,115,90,223,226,249,248,246,246,226,210,83,156,54,118,93,76,76,96,119,138,151,126,108,92,91,97,104,106,115,111,113,115,117,117,115,113,103,94,181,124,123,127,126,120,197,125,118,130,131,76,129,127,127,105,109,108,101,122,121,121,121,121,127,60,126,119,120,122,127,128,130,131,136,138,141,90,138,136,133,132,132,130,134,137,137,140,140,136,136,138,142,142,142,138,135,131,129,129,127,124,116,105,82,62,71,68,78,78,83,73,83,89,103,117,120,111,110,59,108,92,78,67,65,73,85,187,118,131,134,135,137,137,151,150,69,148,139,137,138,90,139,140,142,142,142,142,138,136,136,130,98,140,96,134,100,124,102,115,113,120,115,112,119,108,105,65,95,159,111,109,116,130,129,132,69,152,149,123,120,117,116,113,111,111,108,107,106,104,88,79,105,104,102,107,52,102,95,95,97,103,113,109,128,138,148,149,135,104,91,46,100,111,125,129,122,141,175,220,126,231,229,190,155,112,87,57,39,103,24,23,24,22,23,24,24
29,43,72,105,139,166,188,145,226,103,222,246,247,236,107,174,186,197,109,93,77,79,73,126,141,143,127,110,95,88,95,112,56,109,110,115,114,116,117,122,114,170,189,99,122,108,104,126,128,129,122,198,123,129,127,125,123,122,121,136,65,122,119,120,121,121,120,117,125,112,111,114,61,125,122,125,128,132,190,129,111,139,137,136,141,133,132,135,136,136,119,104,137,129,201,134,141,142,140,137,135,132,136,74,132,144,143,111,103,94,88,87,91,99,106,110,113,121,131,133,130,125,112,92,103,88,77,76,89,108,111,134,136,136,137,140,148,73,89,158,141,142,140,139,147,139,139,140,142,142,142,137,136,136,138,145,140,138,136,134,131,124,187,177,120,121,57,116,106,101,95,186,88,108,112,117,95,114,127,127,122,119,119,117,114,112,110,108,109,70,106,106,106,102,180,91,100,100,98,96,97,81,95,96,103,107,208,145,79,150,153,79,114,89,95,97,111,121,126,129,141,174,206,244,226,211,188,153,120,85,56,24,23,24,24,16,124,22,24,24
28,37,71,102,138,174,89,233,228,251,248,246,246,236,223,170,140,135,120,98,73,180,101,129,106,141,159,131,86,90,92,61,66,99,183,76,113,116,119,84,114,121,121,121,122,123,125,125,127,129,129,129,128,126,123,121,120,120,123,65,134,117,117,117,116,114,111,107,103,102,102,101,108,178,112,129,124,119,98,141,148,141,147,138,72,123,134,135,135,135,134,190,130,137,126,181,138,140,140,144,67,141,131,138,130,127,126,126,122,110,80,104,104,111,119,125,130,134,138,129,137,132,128,118,115,94,89,94,107,122,131,136,136,138,133,197,140,141,190,138,141,154,140,140,134,134,187,138,140,141,140,137,136,136,143,172,140,139,137,136,132,130,118,128,123,115,185,104,66,98,91,92,98,106,112,117,119,122,124,122,118,181,109,113,112,111,108,106,105,110,105,103,102,100,100,98,103,94,94,91,81,181,82,91,66,108,120,128,148,200,152,152,111,92,88,97,111,122,127,129,142,174,218,123,226,206,180,147,114,89,107,35,25,24,13,23,8,24,24,24
27,40,40,101,144,192,208,223,232,245,246,246,246,243,215,177,153,139,123,100,59,78,113,136,103,150,188,106,240,84,89,93,108,105,94,102,114,118,122,159,128,121,120,124,125,123,125,126,128,128,120,197,160,121,172,120,111,118,118,117,115,112,110,109,104,100,95,92,92,99,96,98,100,94,117,65,126,130,136,130,185,141,112,67,103,138,132,196,137,134,135,136,136,136,137,130,137,139,139,137,147,134,133,132,132,134,76,136,130,128,126,116,113,114,118,122,126,130,133,195,130,131,121,181,51,107,103,101,193,129,138,128,136,136,137,132,144,140,182,139,150,67,146,138,170,144,131,139,139,140,139,136,136,136,136,134,139,139,137,135,145,130,129,127,124,139,143,112,98,181,75,94,149,106,116,115,117,119,100,113,116,102,111,109,109,108,105,102,96,159,97,98,97,96,94,95,55,96,90,86,89,64,57,80,96,109,75,129,144,150,164,148,113,92,86,96,111,122,129,131,142,172,205,222,239,201,177,142,111,76,39,32,22,24,91,36,23,23,24,24
27,23,60,93,134,163,187,147,233,245,246,246,246,243,216,192,153,141,127,102,92,96,131,67,171,155,143,125,91,90,91,97,102,106,109,166,114,120,121,122,121,119,119,100,107,123,126,116,101,128,127,111,79,119,112,113,175,115,114,100,98,87,101,97,100,135,85,84,86,63,49,98,95,102,109,106,107,130,128,203,131,141,97,154,138,138,129,138,19,137,132,134,136,137,138,139,139,139,139,138,136,136,133,133,131,130,138,129,130,130,133,124,128,120,119,112,175,121,128,131,130,125,120,107,113,112,113,120,116,100,126,186,135,134,134,119,114,139,140,141,139,139,137,136,136,136,145,138,139,149,135,135,147,135,137,88,141,140,140,148,0,176,140,127,122,122,111,185,94,71,84,43,141,107,82,109,117,117,131,75,119,116,56,106,101,98,97,146,87,68,180,76,89,89,89,91,92,94,93,77,52,166,48,81,91,87,99,114,138,153,163,150,116,90,85,95,108,126,129,131,142,169,201,228,113,189,143,143,111,75,48,31,27,26,22,24,23,23,23,24
9,32,51,84,124,157,183,208,228,242,246,246,246,243,227,88,156,137,122,110,84,91,76,227,142,208,134,118,99,92,96,90,108,98,111,112,117,118,121,121,118,117,118,120,123,124,126,127,130,124,123,121,119,119,117,116,113,121,106,181,98,102,91,85,80,63,178,62,80,85,92,90,96,104,112,107,110,132,139,142,144,143,143,142,140,123,187,134,144,133,132,132,135,145,139,141,142,142,142,139,140,81,134,132,129,129,127,127,121,190,84,129,92,133,133,132,116,122,123,127,129,128,125,125,123,120,123,127,129,133,132,133,139,75,136,134,190,134,132,201,134,126,137,134,134,138,82,138,141,73,144,144,69,141,136,146,139,137,142,137,147,98,117,124,119,105,99,92,93,80,76,81,88,101,109,112,115,121,70,64,117,105,105,93,90,87,81,70,78,80,66,85,87,92,94,96,97,97,88,185,80,186,86,69,82,181,102,117,129,148,142,126,121,94,84,95,111,84,127,125,140,168,201,221,217,203,177,140,72,77,47,32,27,26,24,24,24,3,25,21
128,21,41,65,112,153,172,197,216,232,240,247,246,244,220,185,156,134,128,53,63,89,115,52,156,136,130,110,93,89,94,174,99,171,106,105,194,110,118,117,117,117,117,120,120,131,122,122,122,121,111,121,155,194,109,115,116,58,115,106,99,91,83,78,77,81,68,141,81,56,87,94,102,112,119,125,129,135,139,142,143,142,142,140,134,201,130,137,136,136,136,136,136,84,134,142,143,144,143,141,136,145,66,160,148,130,129,127,127,125,167,136,175,143,145,146,144,136,132,136,141,143,139,135,133,132,133,135,133,130,129,129,131,145,136,137,130,140,140,127,130,201,127,131,134,132,138,69,144,137,137,136,135,136,136,138,144,178,154,136,133,134,130,124,120,92,91,99,91,80,76,78,64,96,105,111,111,112,114,109,90,81,91,88,85,81,78,79,65,86,88,92,96,98,101,101,102,102,102,100,100,100,89,181,72,96,100,109,122,141,160,155,107,68,82,93,110,122,128,170,145,165,224,220,220,199,170,137,111,71,47,31,29,3,23,24,15,148,9,24
24,26,57,109,106,81,165,199,213,231,242,190,224,245,227,167,126,147,153,107,94,86,102,125,138,136,123,103,119,110,97,104,109,111,111,115,103,117,114,169,114,115,116,114,192,56,122,119,118,117,169,114,117,103,115,112,148,122,104,99,93,86,78,75,76,80,89,144,89,95,93,73,98,118,123,128,130,138,145,142,151,142,141,139,136,148,135,148,136,136,119,112,125,100,202,137,143,144,143,141,136,131,140,129,133,136,133,127,124,129,132,136,135,142,145,146,144,136,133,141,149,153,148,142,138,138,138,137,135,129,128,134,69,145,138,138,139,149,166,137,136,136,177,129,95,123,139,144,135,136,136,136,134,136,136,140,142,149,68,145,134,130,129,124,113,184,105,99,164,66,80,75,58,89,99,103,89,49,91,77,175,88,89,86,91,88,86,78,184,87,49,103,100,97,101,106,108,86,85,103,100,99,67,85,83,43,105,108,121,139,149,139,106,78,73,86,114,119,126,82,135,163,195,223,223,201,173,138,109,71,45,31,15,155,10,24,24,24,24,24
24,25,33,56,45,123,150,131,218,148,246,255,249,246,231,192,159,138,124,109,91,87,101,121,135,133,120,101,78,78,93,104,110,111,111,113,113,159,114,104,112,112,112,116,52,123,116,117,117,115,105,112,111,109,109,107,65,89,81,81,85,80,75,71,74,80,91,89,100,58,102,120,119,120,125,129,131,123,106,143,92,143,139,137,142,78,147,70,145,137,136,64,155,148,69,148,142,142,142,135,135,135,135,136,139,154,157,144,159,133,141,139,137,142,142,138,132,129,130,139,149,153,151,144,141,142,142,133,201,118,140,133,147,139,135,197,130,140,136,138,135,131,44,128,131,136,83,126,137,136,136,135,134,136,137,140,141,141,141,137,136,161,141,118,121,111,176,97,58,183,75,72,68,72,62,86,96,102,91,93,82,97,110,133,104,102,100,98,101,101,109,102,104,133,128,109,101,187,105,104,100,98,93,82,57,73,58,109,148,157,144,126,91,64,62,81,50,121,122,123,134,167,198,219,236,201,174,128,80,76,45,31,23,26,25,24,16,148,9,24
24,24,24,44,72,106,146,179,207,255,113,255,246,247,234,196,214,66,137,100,93,95,149,126,138,137,123,104,85,80,90,103,96,112,106,83,111,102,109,109,107,107,107,109,117,116,178,97,90,113,166,109,109,105,100,96,151,176,68,77,78,76,71,69,71,82,96,104,105,156,108,116,118,121,125,145,152,146,165,142,140,139,137,137,176,73,146,127,138,137,149,237,0,144,148,138,140,141,140,172,144,130,138,141,142,139,137,137,136,131,103,139,135,144,138,136,133,132,134,147,141,156,146,137,143,142,142,144,129,177,73,116,129,143,143,132,194,137,141,137,136,133,138,133,135,135,158,208,128,136,135,135,135,136,137,138,138,138,136,136,135,133,123,194,119,113,94,137,101,92,80,69,61,59,64,67,74,80,87,93,101,60,126,145,96,104,109,76,107,108,108,109,110,113,111,111,109,107,105,117,143,96,92,80,70,67,83,105,121,130,125,106,76,56,55,70,95,112,119,173,133,120,180,219,220,208,179,142,112,39,50,32,26,26,25,24,26,4,26,24
23,23,28,37,64,97,134,167,195,168,241,243,246,247,240,214,173,154,119,190,93,47,105,61,150,156,139,100,94,84,73,89,184,102,107,115,53,109,105,104,101,100,101,104,112,60,101,112,114,110,166,107,105,99,95,45,85,66,147,131,86,82,75,71,75,86,100,114,53,175,116,116,118,124,128,129,130,135,138,141,140,139,138,138,177,138,133,198,129,136,135,134,156,170,146,137,139,140,140,140,136,188,141,142,142,141,140,139,140,140,184,141,149,142,139,136,134,130,127,62,129,69,140,182,141,172,142,144,68,150,132,149,146,120,127,144,143,144,144,137,141,134,132,144,134,134,130,132,134,135,135,128,198,132,138,142,136,136,138,88,133,104,124,73,125,116,112,90,83,177,68,67,62,59,58,62,74,89,90,107,112,120,112,105,185,148,114,123,113,113,114,114,114,113,111,110,107,105,107,51,94,94,89,80,68,72,79,99,115,117,109,90,67,55,57,71,93,111,108,117,134,162,192,220,223,209,183,147,121,77,49,35,26,22,113,23,21,23,23,24
23,5,26,33,53,84,120,193,87,225,226,241,246,246,243,211,175,158,160,116,98,87,98,137,149,134,75,196,93,77,193,117,97,168,96,99,107,99,100,144,107,99,100,101,105,106,106,107,106,107,96,108,68,91,85,83,88,95,98,103,107,103,107,120,87,91,104,111,126,118,121,122,122,130,69,122,113,136,139,142,142,141,141,140,133,138,137,126,137,135,134,135,135,85,71,152,140,140,140,140,140,166,152,142,142,141,139,151,139,142,135,142,142,142,140,141,79,123,109,100,100,116,132,159,134,133,144,178,155,99,198,144,149,126,131,142,194,125,109,130,100,135,142,65,141,120,132,132,137,138,135,136,126,136,129,100,136,136,136,143,133,131,130,119,117,186,109,114,125,57,49,68,66,62,65,76,93,100,178,183,111,119,118,62,196,109,116,82,117,118,117,116,114,112,110,103,99,100,99,96,94,89,78,178,66,40,82,96,104,123,113,90,65,54,60,72,100,153,135,124,136,159,218,232,227,211,196,148,76,85,54,24,28,24,10,24,24,24,24,24
17,118,138,21,45,49,105,130,180,187,215,235,246,246,243,213,178,151,137,120,98,83,93,119,148,142,192,133,112,95,80,70,180,80,99,103,99,99,98,152,98,100,100,100,102,104,91,104,102,99,102,47,98,87,90,96,105,112,118,120,120,117,105,93,48,97,105,112,117,122,129,49,118,128,140,134,136,136,187,137,136,142,96,149,137,137,132,205,82,154,134,135,135,136,137,81,141,140,140,140,141,138,140,142,142,142,148,71,147,142,136,204,135,141,140,136,139,118,103,93,116,86,106,98,130,137,142,142,143,151,147,115,135,151,157,77,131,144,141,139,136,136,136,135,127,198,122,132,110,116,133,132,133,132,132,125,133,135,135,142,132,129,123,189,57,119,118,104,87,80,65,174,61,68,73,87,105,115,120,110,124,70,127,128,119,120,121,122,121,120,118,117,114,110,107,124,127,96,95,95,94,94,93,74,84,76,72,170,171,119,110,84,59,50,58,77,48,102,130,131,142,159,188,214,230,216,108,157,181,80,57,24,29,26,24,24,24,24,24,24
22,26,0,28,35,126,90,121,149,203,210,230,245,246,246,216,182,151,146,59,107,82,84,109,139,168,154,135,126,106,94,55,79,90,103,120,102,102,103,94,104,111,105,105,56,104,179,92,106,98,97,94,87,184,93,108,110,117,123,125,126,123,113,91,94,94,102,110,117,121,125,140,130,129,132,135,136,138,140,69,188,138,147,66,144,140,82,130,191,188,130,138,134,134,135,180,135,139,140,142,142,142,142,142,142,142,141,153,149,69,149,132,141,140,140,137,130,115,95,85,80,87,107,119,138,142,65,106,143,144,146,142,202,142,145,152,194,127,141,139,136,136,174,135,133,130,129,140,130,133,131,119,131,130,132,131,133,135,137,87,131,129,128,122,199,115,122,117,66,97,70,72,84,77,77,88,105,115,121,121,122,132,125,125,113,123,123,123,122,119,117,113,111,108,105,108,86,96,95,95,156,93,95,92,85,71,155,76,109,112,91,67,48,45,55,71,90,107,124,138,146,159,181,232,223,227,185,152,114,73,57,38,28,26,24,24,24,24,24,24
20,24,20,25,35,42,83,118,142,122,191,225,243,246,244,217,184,155,147,72,108,81,71,104,144,76,168,218,127,120,95,106,111,136,101,103,106,107,107,109,112,68,110,106,114,108,54,189,124,107,108,107,109,96,114,116,150,133,135,127,138,125,105,146,97,138,108,107,112,171,122,127,129,130,133,135,136,137,138,154,139,141,177,137,137,135,143,133,134,123,117,110,132,133,138,169,136,131,140,140,141,141,142,142,142,142,150,70,141,153,183,141,141,140,138,147,124,108,86,73,73,83,100,124,62,137,150,148,143,144,144,146,137,120,125,142,135,199,135,136,136,133,120,131,132,130,133,66,139,133,147,210,124,138,132,140,133,135,135,135,130,124,126,128,129,129,125,120,182,108,114,102,87,181,75,88,99,111,117,119,121,125,115,119,196,120,125,123,132,118,115,115,57,112,110,54,175,91,102,46,67,96,95,91,76,77,65,87,99,94,73,54,41,42,54,71,91,106,125,141,150,161,183,213,224,213,189,155,114,179,51,36,28,25,24,24,24,13,134,20
24,23,23,23,31,50,77,81,141,171,198,221,238,247,240,214,183,156,143,140,107,88,117,100,136,159,168,77,138,119,186,107,106,111,107,71,110,110,112,118,57,120,112,112,113,113,104,105,113,59,87,117,116,116,111,192,110,129,74,138,69,127,116,108,79,92,50,108,43,106,193,113,137,129,133,134,134,147,138,141,142,140,139,137,131,134,130,131,133,133,132,132,132,132,131,127,136,175,136,137,138,139,140,141,142,143,143,152,168,141,134,141,140,138,142,66,132,106,84,60,162,73,85,88,123,131,136,141,142,143,143,144,145,146,144,142,140,139,137,136,135,133,172,134,128,188,153,142,132,133,131,130,130,79,133,132,133,133,132,133,132,158,140,129,129,129,129,124,169,108,84,109,108,88,143,98,91,99,109,121,65,114,190,114,135,125,124,92,60,126,115,111,116,105,106,105,102,100,97,112,144,96,94,87,198,85,75,82,118,101,58,33,42,47,60,78,96,107,122,154,74,174,187,217,237,233,196,162,127,91,59,36,28,24,24,24,24,26,7,25
125,17,23,23,31,46,74,107,138,168,195,221,238,246,239,214,183,159,148,136,113,90,86,103,129,160,161,140,209,139,127,112,111,73,58,114,111,120,118,113,128,118,119,119,119,117,183,113,118,129,84,121,119,118,121,111,157,140,129,136,69,126,112,92,178,61,94,143,201,147,116,160,77,137,132,133,141,70,142,139,139,140,183,138,169,141,167,80,141,133,132,132,133,133,132,133,133,135,135,136,136,132,199,133,142,143,142,142,142,140,90,141,139,137,136,133,124,109,89,76,55,75,91,97,122,131,135,138,142,142,143,143,144,143,143,157,161,138,136,135,133,133,133,135,131,189,123,132,132,130,128,124,123,124,128,129,128,129,130,133,134,134,133,132,130,129,126,124,169,116,117,114,112,109,96,90,82,81,92,101,118,114,129,157,60,128,125,132,125,121,118,103,109,107,114,105,92,101,100,97,90,96,99,90,72,78,74,76,69,60,48,42,47,57,67,86,100,109,122,101,161,166,187,216,229,224,201,166,131,91,59,37,27,24,24,24,24,23,23,23
6,24,23,23,29,45,74,107,138,168,196,221,251,134,244,215,186,163,154,141,120,94,83,99,184,161,160,143,149,88,89,143,111,109,119,110,112,81,121,155,130,124,123,123,123,126,127,136,154,125,129,123,121,121,118,195,122,120,134,69,141,119,109,99,89,88,88,97,107,114,119,123,126,129,129,130,133,125,137,137,138,136,88,134,141,136,135,146,131,131,131,132,133,132,133,133,133,134,134,140,67,144,126,138,140,141,141,140,188,134,145,136,131,137,130,199,119,114,96,80,69,72,84,165,117,131,135,138,140,142,143,142,142,141,141,137,135,136,135,133,132,133,134,135,135,135,135,133,131,129,126,123,121,121,125,126,126,129,118,135,135,106,124,136,135,131,129,126,66,124,109,115,112,111,104,91,73,66,72,85,96,102,110,70,119,118,121,123,125,123,115,207,123,113,60,109,174,94,100,100,98,94,66,89,84,78,75,72,67,56,49,38,161,34,73,71,102,109,125,146,159,169,185,212,226,223,203,171,135,94,62,40,29,25,24,24,22,23,23,23
23,23,23,9,156,34,74,109,141,170,199,226,242,255,245,214,185,165,159,149,126,98,84,98,131,158,158,140,116,117,90,85,107,107,108,110,112,121,120,161,119,126,112,124,123,108,104,123,121,122,100,127,125,125,129,118,128,196,121,139,124,119,108,97,86,82,66,91,99,115,115,118,131,124,128,129,123,196,132,136,129,201,129,135,100,130,135,134,132,130,130,131,131,130,130,131,131,131,131,131,145,135,135,136,136,138,137,137,129,136,136,139,176,136,137,123,129,120,103,85,70,68,81,101,119,132,136,138,140,105,136,141,138,140,72,154,135,135,185,130,133,133,126,201,127,139,82,136,133,122,132,130,128,127,129,128,128,122,198,134,136,145,140,136,136,135,132,129,132,119,169,112,112,107,100,87,69,58,47,57,75,86,97,176,105,115,117,121,123,117,123,115,116,103,111,108,106,104,101,100,97,95,91,89,85,82,77,72,61,54,50,151,42,75,84,101,105,112,118,153,167,173,186,212,227,226,209,175,142,89,52,43,20,26,15,2,23,24,23,23
23,23,23,26,8,45,73,107,140,168,197,225,245,247,239,212,183,168,165,157,135,104,84,92,121,152,160,146,123,108,103,101,103,106,107,107,111,78,114,112,192,106,189,112,121,121,122,123,125,123,96,129,129,129,130,132,134,133,128,126,124,119,109,97,84,67,176,72,93,67,104,179,59,128,123,128,129,132,134,136,137,125,135,134,140,66,141,131,131,130,130,131,120,132,118,130,128,128,129,96,127,128,133,135,136,136,136,135,136,136,137,138,137,137,136,134,131,124,110,93,76,71,76,73,122,141,66,182,142,145,141,137,136,135,153,70,138,138,129,137,136,136,136,123,139,65,151,133,130,193,129,136,134,133,133,133,133,92,132,87,136,107,125,135,136,136,136,134,131,126,119,113,108,104,95,83,69,59,53,53,61,75,85,88,108,113,117,121,122,174,125,122,113,181,112,110,113,56,105,100,89,96,92,89,65,79,64,63,57,55,66,35,43,70,92,103,109,108,201,154,174,177,186,210,229,229,214,182,139,187,71,51,106,27,82,165,10,24,24,24
18,16,23,23,29,41,71,157,133,184,200,132,244,247,240,212,182,168,168,165,143,108,82,79,107,143,167,159,135,115,97,92,95,95,103,106,107,108,109,112,113,115,115,115,115,116,125,63,126,125,128,129,129,130,132,133,135,135,154,146,124,120,114,104,92,82,75,55,79,89,101,100,109,182,119,128,73,138,136,136,136,134,133,133,137,76,136,129,129,129,129,122,195,118,197,123,128,122,129,134,131,159,143,135,136,138,77,141,136,136,136,138,138,137,136,135,132,130,108,92,88,81,89,171,118,130,147,131,140,140,134,186,135,136,136,153,169,71,145,139,136,136,133,131,130,140,133,131,129,130,132,142,135,82,140,128,201,133,131,132,135,136,68,143,136,126,129,198,131,128,121,114,109,103,96,89,82,68,152,60,65,44,89,104,106,114,117,123,127,56,113,178,120,120,118,113,109,115,71,103,152,96,95,89,90,83,77,65,54,58,76,94,96,89,92,87,53,90,142,166,175,185,182,169,198,229,217,186,151,109,69,49,33,21,26,24,24,24,18,128
56,49,26,24,22,39,62,92,62,157,180,228,238,247,243,214,181,164,169,169,151,114,82,71,88,126,159,165,145,121,126,111,106,129,97,98,100,106,54,110,107,109,93,107,104,114,107,122,115,120,124,127,128,129,130,137,81,136,135,131,128,125,119,113,104,95,84,81,71,76,91,105,114,132,138,126,138,132,136,137,88,135,132,133,132,143,128,129,129,129,129,129,129,130,130,129,131,164,198,122,131,131,133,134,136,136,145,135,136,136,136,136,136,137,136,136,129,123,177,182,89,90,98,112,127,132,136,175,141,140,139,156,145,134,134,136,136,149,138,137,134,130,131,64,129,122,96,113,124,126,129,73,135,140,119,133,120,130,129,130,132,161,157,138,66,201,134,126,136,130,124,117,112,109,105,102,98,96,77,85,84,91,100,66,116,118,122,125,126,142,124,115,119,117,116,113,111,109,73,115,144,99,96,92,88,84,76,63,57,66,88,98,95,94,104,117,127,132,150,182,185,103,181,209,241,116,220,183,150,118,123,49,33,27,24,24,24,24,25,4
18,132,13,28,7,33,58,88,130,148,182,126,233,248,245,216,182,163,202,169,157,122,87,66,71,102,139,156,148,128,92,107,184,115,88,91,95,95,105,98,100,95,181,90,104,56,106,107,111,121,163,60,130,128,124,194,184,131,135,134,131,135,63,125,114,112,93,56,70,72,87,133,125,115,108,127,130,132,134,135,143,134,132,132,133,132,129,123,187,128,130,129,127,124,130,131,131,132,122,134,134,134,136,136,136,136,136,135,143,66,141,136,175,138,136,136,163,147,156,139,109,101,105,117,129,131,133,128,135,136,135,128,128,129,129,130,133,136,136,134,127,126,107,116,106,111,115,117,120,121,122,124,112,117,194,122,128,129,129,129,129,132,135,135,146,135,135,135,133,131,128,122,111,103,121,111,108,105,103,101,103,106,111,114,120,124,126,126,125,115,120,92,104,112,112,109,107,107,107,99,75,96,149,95,90,85,63,61,63,76,97,101,96,97,110,119,109,132,156,131,174,184,86,240,221,249,220,182,147,110,77,50,33,26,24,20,24,24,24,25
18,17,24,10,155,13,169,73,102,154,73,219,242,243,248,223,188,165,162,172,164,127,97,68,60,79,112,136,142,129,107,98,62,76,88,93,95,95,96,96,99,100,100,100,100,101,104,106,110,110,108,126,118,123,127,119,123,133,135,135,132,129,138,125,121,77,105,89,78,78,93,169,141,102,185,120,132,134,136,136,136,135,133,132,132,132,132,133,124,121,130,129,140,157,129,130,132,133,133,133,138,82,137,136,136,136,143,70,85,149,134,135,129,135,142,67,144,136,136,130,117,109,112,120,129,130,130,131,133,132,129,127,123,122,123,127,138,130,130,133,115,52,99,185,97,111,116,120,122,122,124,116,191,117,122,124,125,126,126,128,129,131,133,136,136,136,136,135,135,140,164,139,160,200,71,118,114,113,112,112,114,117,109,96,125,128,129,127,121,170,118,68,109,107,106,104,102,102,101,100,102,91,80,84,152,83,78,31,161,49,102,99,95,99,113,106,255,123,161,181,181,173,194,158,190,208,174,190,169,111,78,51,33,26,14,23,24,24,24,24
55,66,21,124,17,33,31,127,191,132,224,214,110,255,247,234,198,168,167,163,115,133,74,69,55,61,83,108,126,123,95,83,78,70,91,156,94,96,99,65,95,166,102,104,104,104,106,119,143,111,111,114,115,116,119,126,79,130,132,133,133,132,131,129,123,118,109,99,92,92,104,65,111,208,142,120,135,134,132,144,169,136,134,132,132,132,133,133,128,192,121,126,124,132,64,134,130,130,130,131,132,141,133,131,194,125,131,131,140,132,133,132,133,134,134,147,134,146,132,127,121,68,116,118,126,130,131,133,133,130,127,121,119,117,120,129,22,130,121,60,208,106,111,101,118,107,121,121,122,121,104,163,116,124,127,120,197,119,126,127,129,130,134,158,152,136,136,136,135,134,181,63,136,128,126,124,121,120,120,121,108,104,140,162,129,129,129,127,122,106,113,72,105,102,106,56,100,96,93,87,70,67,81,79,68,79,66,70,93,80,104,98,80,104,119,125,117,143,166,178,169,152,153,185,230,220,212,175,145,111,80,52,34,27,87,36,24,24,24,25
23,20,24,7,25,28,46,64,104,97,152,185,228,197,214,239,204,173,167,173,167,140,150,73,53,42,148,86,112,121,113,60,93,91,93,86,98,101,88,112,109,75,98,106,102,102,103,102,164,103,110,111,111,112,116,105,129,123,128,129,132,133,133,130,127,121,115,107,103,103,108,124,123,128,122,193,131,147,164,136,131,135,133,132,138,123,128,128,129,127,120,118,121,120,131,121,122,124,126,164,139,83,129,125,115,112,99,193,123,129,136,61,97,130,131,131,136,66,136,123,101,99,111,119,126,130,129,130,127,123,119,116,116,119,64,106,171,100,106,106,101,116,156,197,108,193,111,108,101,106,122,103,125,125,127,128,116,127,126,126,127,129,132,132,134,136,145,135,136,135,126,133,131,130,129,129,129,134,73,131,131,133,129,118,198,116,129,131,47,122,107,111,102,100,99,105,95,88,83,83,53,179,69,75,75,74,113,86,75,94,103,86,180,101,121,125,129,148,172,175,212,134,137,163,216,221,212,215,146,112,81,53,35,27,24,23,24,24,67,52
23,23,23,23,24,29,26,54,100,129,153,178,206,242,249,255,210,173,174,83,178,144,102,77,55,46,38,70,99,119,62,102,89,91,96,99,100,86,255,97,56,122,111,105,91,90,103,104,95,106,112,54,105,109,105,189,106,117,121,126,130,132,134,133,129,127,121,114,109,110,115,121,127,118,130,135,136,136,147,137,136,135,133,133,93,193,124,130,128,126,142,147,122,118,117,114,117,208,119,114,119,101,108,123,116,121,125,122,123,112,131,137,133,128,119,127,127,127,123,119,113,111,111,117,122,125,125,122,115,109,107,107,109,110,117,90,75,108,100,190,109,117,116,111,117,193,104,189,113,122,119,183,115,122,124,124,122,85,122,116,196,117,129,123,136,138,70,204,132,134,132,131,130,130,130,130,131,130,140,132,130,129,132,132,118,176,124,116,205,112,57,114,105,104,101,100,98,110,132,92,92,91,87,85,80,74,69,73,74,92,102,95,99,112,123,127,133,158,183,192,170,160,157,184,104,232,211,182,151,123,131,54,36,27,24,24,24,24,17,19
19,133,12,24,24,25,38,62,95,125,138,175,202,231,255,142,224,178,154,181,191,149,120,87,63,51,49,59,79,82,113,98,90,94,97,94,103,107,95,118,122,114,100,106,172,172,102,106,105,102,101,110,153,108,115,111,113,117,108,122,126,147,68,139,134,131,127,122,119,118,115,180,122,210,149,136,139,140,132,141,138,136,142,136,135,135,140,138,136,139,141,141,136,129,118,114,113,101,116,119,116,115,120,68,119,117,119,120,113,193,71,121,120,118,165,182,113,119,117,112,106,102,102,104,118,113,111,105,106,93,77,95,97,94,52,97,96,104,113,104,118,121,128,134,123,109,120,119,121,121,121,121,120,120,121,122,122,126,120,119,106,115,115,186,128,134,136,124,134,139,166,64,137,131,130,130,129,129,130,131,149,146,133,129,129,126,125,124,122,119,125,112,110,109,107,104,93,182,96,101,65,97,95,94,88,80,80,89,103,108,109,94,103,118,119,94,140,170,197,205,197,188,189,211,223,223,215,186,153,111,54,57,37,22,26,24,24,24,24,24
24,7,26,24,24,27,25,57,86,103,200,122,182,226,255,124,233,193,177,153,156,153,172,104,79,61,141,58,60,163,64,72,88,93,107,140,106,108,112,75,116,143,201,103,111,111,112,111,109,107,105,104,106,110,73,112,114,108,205,144,124,71,149,135,136,136,132,129,127,125,127,120,129,150,211,120,139,140,134,142,140,138,96,127,142,141,142,146,152,157,162,159,151,138,122,115,115,163,119,92,113,117,117,119,119,119,120,119,184,110,109,108,108,108,102,174,99,106,102,96,78,73,79,87,43,84,92,96,44,80,178,76,88,116,111,79,166,91,107,114,117,120,135,60,124,194,113,122,122,122,121,121,120,121,122,123,122,122,120,117,117,149,130,102,110,128,130,130,129,130,172,143,133,132,132,118,130,129,130,130,128,187,125,129,129,82,124,128,60,127,119,122,118,115,113,109,110,95,108,107,108,100,100,99,93,87,88,110,141,140,57,59,111,176,122,130,151,183,204,207,197,190,188,222,218,224,215,190,157,121,88,59,38,29,25,24,24,24,17,19
24,24,24,24,24,25,33,48,73,165,133,122,178,179,212,246,235,199,164,153,155,153,128,111,88,87,70,77,68,65,68,74,83,82,108,141,106,115,113,117,119,115,117,116,115,125,116,116,115,113,73,114,113,112,114,114,114,116,119,64,130,128,134,136,136,88,137,133,131,129,130,130,132,131,117,198,75,146,140,140,140,140,136,204,135,141,142,145,150,154,147,153,143,133,121,169,117,113,120,90,115,121,122,122,121,120,119,120,62,112,98,102,97,92,156,92,91,86,81,75,72,43,67,65,66,140,73,56,81,85,87,70,77,81,77,75,65,88,96,104,112,103,112,121,122,110,122,121,119,119,119,122,110,123,122,123,123,120,130,117,118,117,116,118,118,118,120,113,99,129,132,135,136,135,127,199,123,132,132,130,129,130,129,129,127,138,60,126,132,78,121,95,111,120,107,117,115,112,112,109,107,104,102,100,93,87,95,56,128,104,100,103,117,112,127,134,162,193,231,196,189,181,245,107,234,219,215,190,160,124,91,59,27,29,25,24,24,24,67,56
24,24,24,24,36,91,30,43,67,99,123,206,186,225,245,247,242,215,183,155,155,153,139,119,147,105,99,91,160,68,36,65,72,155,99,146,105,76,111,116,121,123,124,126,120,68,123,119,117,117,123,117,118,116,169,120,72,119,100,108,130,135,134,136,136,151,135,129,134,140,131,128,196,129,136,136,146,137,139,140,140,138,138,138,136,132,130,129,129,124,190,128,126,124,122,113,121,121,122,122,124,126,126,123,121,114,114,103,113,87,88,45,66,88,77,85,81,76,70,67,64,63,66,60,60,31,69,71,75,81,84,129,100,69,64,70,70,76,82,93,94,191,108,118,120,120,119,117,117,117,117,110,190,116,115,89,119,124,58,124,117,117,114,107,105,108,109,116,123,126,131,134,134,133,132,131,133,133,132,130,129,129,128,126,122,118,128,116,116,122,117,122,120,115,186,109,117,115,113,111,107,104,102,98,90,83,98,57,124,183,89,105,61,125,128,143,176,204,204,213,182,187,89,228,207,225,232,92,170,127,94,62,189,37,25,24,24,20,24,24
24,24,24,24,22,14,29,41,64,94,122,151,180,210,232,215,200,217,216,154,116,157,148,132,84,98,83,102,89,81,67,59,66,76,87,97,101,97,190,103,118,123,125,101,175,117,124,122,121,120,124,121,121,122,115,123,131,123,125,128,114,111,135,143,67,94,139,175,138,88,136,136,136,136,136,136,136,137,137,138,137,136,94,130,83,126,129,120,118,118,120,112,112,123,122,122,121,120,121,116,123,124,122,119,115,131,126,176,68,181,147,85,87,88,88,87,81,75,69,64,60,156,26,62,60,69,47,67,68,73,79,77,72,149,63,71,70,70,74,84,97,108,116,119,121,120,127,117,113,114,117,117,118,117,118,121,126,116,118,77,118,114,118,90,130,109,111,116,122,127,129,131,130,130,130,130,130,130,130,136,70,132,125,122,105,116,112,112,112,112,112,89,105,114,114,116,116,115,103,189,100,104,101,96,87,86,100,127,120,109,96,162,112,74,133,147,184,216,199,188,177,183,99,129,239,218,212,208,163,131,99,66,30,30,21,24,24,25,24,24
24,24,24,24,23,24,21,37,58,88,116,151,83,210,224,249,253,227,118,180,173,172,163,145,128,110,97,101,174,92,75,67,61,58,78,88,98,103,94,73,114,119,124,125,126,126,125,125,121,56,96,123,125,126,129,129,124,126,129,129,133,126,135,184,143,135,136,143,136,136,136,141,69,143,134,133,133,132,133,133,132,131,135,128,132,126,74,121,118,118,105,174,185,117,121,120,119,119,119,157,125,122,62,112,182,88,96,96,97,91,86,85,85,86,89,89,72,22,76,67,91,84,63,60,62,55,173,57,68,70,74,79,68,69,78,75,72,87,103,177,86,107,116,117,172,125,75,123,145,139,121,120,119,117,124,162,60,174,57,130,117,116,115,123,115,117,120,124,127,129,129,129,129,130,130,130,130,129,130,130,129,127,122,110,190,111,110,110,107,149,115,109,109,105,106,111,112,110,112,95,107,103,100,93,84,72,106,120,118,104,100,167,110,120,71,192,188,134,222,182,177,175,197,195,209,221,217,197,167,133,101,69,44,30,25,24,24,23,24,24
20,133,12,23,23,23,25,32,51,79,108,137,176,190,218,241,247,235,219,178,203,180,177,158,134,109,167,94,165,102,101,90,79,74,73,81,92,102,93,113,111,122,51,134,127,126,118,193,176,127,122,123,132,50,130,128,157,140,129,132,131,189,129,128,136,180,133,94,136,136,136,136,136,132,128,127,125,118,109,195,114,120,113,196,113,121,116,117,118,97,195,113,117,119,117,169,115,117,126,120,58,119,118,103,84,89,86,89,89,86,82,80,81,83,88,89,83,180,69,73,67,63,66,66,64,55,74,79,75,75,76,71,173,69,78,77,77,68,57,66,93,105,112,116,109,118,121,123,123,124,124,123,121,119,116,111,117,102,126,110,192,111,119,118,118,119,121,123,126,127,130,118,131,119,131,130,129,129,130,122,191,125,110,119,114,78,56,81,105,99,104,105,105,132,127,106,106,106,107,106,105,102,97,89,78,184,106,123,114,104,91,95,128,204,137,160,188,198,189,181,177,178,184,195,227,219,215,224,170,150,105,72,47,31,25,24,20,23,23,23
25,6,25,22,21,22,24,29,45,70,99,128,154,184,209,236,246,243,217,184,171,182,185,170,144,124,109,103,96,119,114,97,111,94,81,79,89,93,189,99,111,105,197,114,125,125,126,89,97,122,122,123,116,206,153,129,181,127,129,132,131,129,134,135,137,179,135,136,136,136,136,135,133,129,123,101,90,105,107,92,109,111,114,103,122,118,153,74,120,191,55,119,117,117,116,108,117,124,46,123,124,113,112,107,100,84,77,90,84,86,82,80,81,83,91,90,88,88,50,82,82,82,78,77,78,81,84,64,87,86,85,84,83,82,81,81,83,78,69,83,88,97,104,107,113,113,115,119,123,125,126,133,63,125,120,119,119,170,121,120,109,122,119,117,115,133,141,118,121,119,88,198,116,198,122,129,130,118,130,128,127,115,191,113,113,109,116,111,105,101,100,99,100,101,102,99,173,94,102,104,103,100,97,90,98,117,130,129,110,105,110,123,126,147,135,168,193,190,221,166,170,176,185,204,234,217,230,97,131,74,116,76,48,31,25,24,23,21,23,23
24,24,23,22,21,21,23,103,43,62,90,122,149,181,219,120,251,245,225,195,195,183,191,183,159,139,113,110,109,123,143,203,141,121,95,85,89,103,109,109,111,145,129,119,121,121,110,189,112,119,120,121,119,60,128,124,115,125,128,129,151,158,134,135,129,93,136,135,134,134,130,180,195,120,122,115,110,97,81,102,105,107,116,112,84,112,116,126,116,115,115,115,116,121,58,87,121,157,195,113,122,122,121,106,112,109,104,104,110,88,84,84,90,45,72,87,85,177,82,92,82,77,91,92,93,96,98,98,96,93,92,78,88,87,85,86,76,177,81,81,83,88,100,98,73,97,101,110,118,121,124,124,136,124,123,124,124,92,120,121,119,117,115,112,111,106,107,113,118,110,131,129,129,129,122,126,123,193,118,125,134,123,122,119,116,103,108,111,112,99,100,100,52,110,98,96,161,92,99,99,99,92,64,101,124,140,134,129,141,134,139,92,113,107,138,175,197,191,163,193,159,170,182,197,205,218,217,206,147,143,112,77,49,32,25,24,23,23,22,23
24,24,23,20,21,7,155,1,35,56,82,115,145,175,218,247,245,246,234,199,173,178,202,88,181,146,182,118,112,118,138,156,159,145,48,67,88,101,109,110,105,173,113,116,117,116,115,112,112,105,118,117,168,58,115,118,119,121,124,128,114,109,133,133,134,134,134,141,122,133,132,124,120,127,112,121,116,113,104,187,158,109,80,113,114,114,116,116,116,115,115,116,117,116,127,83,121,109,125,126,126,124,116,182,115,107,101,100,95,89,88,89,89,98,92,88,164,83,102,102,98,171,91,101,102,105,105,102,99,96,87,162,74,91,90,89,89,72,84,81,80,85,38,80,101,102,138,120,111,115,119,121,125,126,126,126,124,87,123,120,104,113,109,107,107,109,63,116,107,193,118,127,82,125,161,131,125,127,115,132,66,126,123,121,116,167,107,80,53,108,100,99,110,56,97,96,82,101,92,82,63,91,105,128,148,146,193,124,122,128,125,114,107,112,145,182,196,125,160,181,149,164,180,194,220,212,217,206,183,147,113,78,49,34,27,24,25,3,26,21
24,24,24,24,23,24,2,27,31,47,73,106,135,169,121,236,245,246,241,214,199,176,201,107,166,150,138,125,111,182,120,140,151,143,123,88,83,95,106,109,110,104,59,119,122,51,117,126,139,192,116,117,109,201,158,113,114,115,118,121,125,121,195,127,132,132,132,85,198,122,129,129,129,148,207,114,118,116,116,102,108,118,118,117,115,113,113,114,115,116,117,117,119,120,122,124,124,168,126,123,121,119,127,115,113,127,127,95,90,89,89,90,92,94,88,96,88,103,107,107,109,96,106,96,108,108,107,104,99,95,93,87,177,81,90,89,87,84,82,80,79,82,90,196,113,124,125,118,94,97,113,115,119,122,124,124,124,122,119,109,190,89,105,108,58,114,118,114,70,135,123,125,173,126,122,126,75,117,183,113,188,119,122,121,118,115,111,110,107,154,112,101,100,96,95,92,95,47,85,82,87,188,132,157,163,155,78,125,133,142,128,121,107,118,146,191,228,189,152,130,140,165,182,202,104,224,213,228,183,155,155,45,120,34,27,24,16,148,9,25
24,24,24,21,24,23,23,24,27,99,73,94,122,155,182,221,242,246,247,229,201,186,193,221,219,167,141,130,118,101,79,147,138,145,126,99,85,89,101,108,108,107,117,110,103,192,109,113,114,110,85,116,116,115,114,112,111,113,115,117,121,116,120,130,130,84,131,129,129,95,123,129,129,128,133,119,121,59,114,119,155,128,113,121,108,115,113,113,114,117,103,100,121,178,132,126,126,123,118,169,113,115,49,183,98,118,121,86,84,85,87,89,96,95,140,105,100,103,107,110,110,110,106,176,50,118,105,72,98,63,96,75,84,94,91,50,86,83,83,82,80,80,67,51,91,68,141,135,151,135,113,114,114,117,119,119,119,116,113,114,102,168,102,104,114,110,114,117,135,61,130,123,127,121,121,120,128,120,121,123,112,122,122,121,117,115,113,111,112,65,107,94,101,98,95,93,88,80,153,86,116,132,164,170,163,146,127,127,141,142,193,112,114,114,214,195,201,200,148,130,135,121,166,196,202,213,117,220,187,168,113,91,43,36,27,24,24,24,24,24
24,24,24,25,24,24,24,24,27,26,53,85,115,148,178,212,235,247,246,246,224,201,200,205,198,171,143,131,119,108,95,96,118,136,132,111,91,85,94,104,106,106,106,107,110,111,113,114,114,114,114,114,112,113,111,111,111,111,113,116,134,214,59,133,129,137,118,123,129,132,128,128,129,130,67,123,113,118,108,109,111,57,168,121,172,119,116,124,114,117,122,125,125,124,63,128,120,118,113,102,107,103,100,82,87,77,44,79,77,79,82,87,65,92,94,95,98,102,106,106,107,107,107,66,105,70,103,102,96,100,95,99,99,54,85,87,81,84,88,88,92,45,95,97,106,127,189,133,124,116,99,92,111,112,120,153,110,108,106,122,92,103,103,104,108,112,116,120,122,126,127,118,81,116,116,117,117,117,120,121,121,120,119,118,116,114,113,111,111,117,102,168,99,98,97,81,88,82,69,106,160,138,151,142,148,130,117,125,143,148,132,118,55,177,164,204,209,188,70,137,135,158,182,194,197,204,229,214,215,71,98,91,59,37,17,153,11,26,26,27
24,11,146,7,35,88,24,9,157,19,51,80,110,151,171,176,191,247,246,246,236,212,204,207,203,181,149,131,120,117,61,96,101,122,65,123,97,87,47,99,102,106,106,106,108,120,113,116,70,116,117,56,106,191,100,109,110,110,121,116,115,116,135,136,128,122,197,161,126,123,124,155,139,128,123,119,114,109,107,106,108,110,161,121,123,124,128,53,127,63,129,125,124,123,120,117,114,111,109,106,105,101,96,86,78,73,81,71,73,77,82,87,80,183,72,95,85,100,105,106,107,107,119,138,186,94,97,147,93,92,95,96,98,83,91,71,84,79,72,90,94,104,101,105,117,125,78,128,121,105,182,92,186,102,106,100,105,104,102,87,184,94,54,112,109,114,117,121,123,119,90,117,113,112,113,114,119,61,123,126,117,106,117,115,112,112,112,112,112,71,108,105,100,98,77,254,79,81,81,91,99,58,115,192,113,117,107,124,132,129,116,90,108,124,177,211,215,190,168,135,131,154,174,193,193,201,211,214,200,172,141,96,62,41,31,6,20,24,28,27
24,26,26,80,22,14,24,26,6,35,49,77,114,80,165,201,228,243,246,246,240,218,205,209,210,193,168,142,125,123,68,101,109,139,130,119,101,81,79,79,90,100,102,105,112,60,116,114,121,110,108,113,74,92,108,107,111,116,66,118,119,114,206,103,132,126,122,120,118,119,121,119,126,129,126,120,121,58,111,106,106,108,104,116,121,125,118,255,132,217,114,121,120,117,113,110,108,106,118,110,111,99,93,77,71,72,44,75,64,175,64,180,76,71,155,87,163,97,108,105,107,107,105,98,100,96,91,79,87,90,92,96,91,168,163,165,72,94,90,90,91,93,98,104,82,111,107,193,55,104,86,100,86,102,102,94,104,103,102,102,100,100,112,107,113,116,117,119,119,119,118,115,79,108,113,111,112,123,116,63,117,178,103,110,111,111,113,116,120,108,106,104,101,97,96,74,80,95,120,83,75,98,96,103,105,49,115,144,97,153,135,115,115,145,189,219,220,139,165,102,122,145,214,190,195,199,210,215,206,177,137,101,67,23,34,27,81,48,22,27
24,24,24,24,24,19,24,14,27,10,162,62,104,144,162,198,227,239,255,245,243,223,208,211,217,210,146,138,131,130,63,111,96,95,109,117,106,85,65,61,70,86,96,101,102,106,109,112,103,109,111,53,109,188,95,115,110,111,114,117,121,126,115,124,127,122,119,116,114,116,109,81,66,135,117,122,114,119,108,107,106,106,101,112,117,122,126,115,105,95,118,115,112,110,108,105,105,112,55,119,110,137,103,113,103,77,77,79,83,68,86,67,84,85,90,92,95,101,59,102,103,103,101,97,89,132,89,143,89,91,95,102,108,113,99,128,203,88,89,81,80,86,93,102,100,188,128,95,103,86,86,88,92,95,98,159,102,106,106,106,104,104,106,111,113,117,68,121,114,114,113,111,112,115,79,105,111,112,112,111,97,90,107,107,108,111,111,82,61,104,105,62,97,94,99,95,112,74,43,79,146,80,89,99,89,96,123,155,169,205,122,113,123,157,198,233,101,228,176,143,127,141,172,194,195,213,208,215,211,188,175,108,59,165,20,21,26,24,24,25
24,24,24,25,25,26,26,105,31,124,11,77,102,158,173,190,227,118,150,254,245,249,220,211,218,220,204,175,142,127,129,114,101,92,92,100,100,85,67,55,57,71,84,95,99,101,104,94,145,97,101,110,72,88,111,54,116,113,117,120,123,126,128,182,121,122,117,119,56,112,189,123,118,121,190,114,117,126,142,106,106,108,156,111,113,112,178,113,163,99,111,109,107,106,105,103,103,105,106,106,102,94,89,87,88,90,92,93,92,92,90,89,89,90,94,48,100,96,98,107,99,100,97,95,94,89,83,82,97,98,103,106,188,147,147,122,119,100,56,82,71,93,103,108,116,39,99,52,52,79,77,69,50,92,96,102,104,105,105,104,104,106,107,110,112,113,130,112,111,110,110,108,112,54,113,110,111,111,106,104,109,98,107,108,94,113,55,109,52,150,105,99,91,91,39,166,155,65,81,79,80,83,91,44,90,101,137,168,172,150,118,110,130,159,193,212,239,220,185,148,127,136,167,193,208,101,225,213,212,191,157,114,69,50,33,29,26,24,24,24
24,26,27,27,29,29,31,20,33,27,163,58,99,114,148,177,196,255,237,246,255,106,237,211,219,228,220,197,161,146,120,118,110,97,84,79,78,75,67,58,56,61,72,86,95,99,100,98,98,98,100,84,101,100,104,108,112,116,118,122,127,129,129,120,125,119,116,111,119,110,114,64,189,112,122,122,120,113,106,107,105,104,107,95,104,115,107,117,108,114,108,111,55,105,102,102,114,109,104,101,99,94,92,92,88,176,102,110,106,104,107,102,101,98,140,112,98,102,108,61,113,104,99,98,101,96,194,198,111,109,115,157,144,150,148,140,74,111,100,89,156,101,112,113,65,95,77,80,72,72,60,146,73,82,95,100,104,102,98,134,97,104,106,107,110,114,66,117,110,110,111,96,103,190,102,120,105,187,125,126,99,172,94,97,136,89,199,142,98,95,91,89,87,84,85,76,61,81,84,83,82,84,84,82,80,186,105,161,166,141,137,142,134,156,223,205,214,143,191,156,131,136,165,192,198,200,15,246,209,193,164,127,143,52,119,30,78,44,24,24
24,27,28,30,28,23,35,109,39,41,52,73,96,123,144,170,194,215,235,246,247,238,217,211,219,230,232,218,190,78,136,119,116,107,91,76,66,63,61,58,56,58,64,78,86,93,93,93,92,94,76,255,81,100,104,109,112,116,121,125,127,129,129,128,111,120,113,110,108,80,103,109,112,118,120,120,121,117,113,110,106,103,95,186,155,110,113,114,112,108,104,97,101,97,51,110,51,79,88,106,98,94,92,94,105,125,146,192,114,103,57,118,80,110,94,108,113,128,119,187,113,115,122,143,111,167,113,108,116,117,120,131,147,165,169,153,133,111,101,94,77,114,133,57,124,97,77,68,64,64,68,70,73,79,90,98,100,100,98,93,101,97,184,93,182,103,111,111,110,111,103,192,105,98,117,56,117,96,107,101,121,128,98,97,105,97,82,97,94,90,88,86,85,70,46,81,82,88,57,82,77,78,58,79,94,111,167,186,89,138,116,118,137,158,192,203,214,156,201,166,139,106,153,190,197,193,222,98,214,195,171,134,63,61,27,30,19,21,24,24
25,27,28,30,42,98,35,36,38,43,57,50,97,119,142,169,192,216,238,246,246,241,222,211,215,227,235,230,205,255,128,122,119,117,106,153,70,62,59,59,58,58,63,70,81,80,83,87,88,91,96,81,92,102,107,121,105,118,121,124,125,126,137,138,255,104,113,110,108,111,108,111,58,98,99,116,117,116,113,119,104,101,97,102,106,107,109,109,110,105,97,92,86,83,92,83,95,87,188,59,86,87,86,90,100,118,128,114,115,113,123,126,133,124,176,130,132,73,151,132,137,129,124,121,120,109,115,115,117,117,117,126,156,165,174,162,127,113,101,101,111,127,152,179,160,140,113,93,66,63,63,51,172,76,90,94,98,99,97,95,97,101,91,110,97,109,109,109,110,111,105,192,105,111,110,110,108,106,103,101,96,93,96,94,93,91,90,90,88,88,86,85,74,159,69,72,74,75,75,64,64,46,76,41,110,136,162,166,160,124,111,112,129,159,83,204,214,239,205,175,147,150,168,207,110,205,194,202,206,196,173,138,69,37,46,32,27,24,17,19
25,10,29,28,30,31,34,23,38,43,53,76,92,116,138,163,200,212,235,246,246,245,225,211,210,221,232,236,225,195,163,134,133,123,121,101,93,75,64,52,167,51,65,69,43,83,83,88,91,90,72,101,153,106,115,54,182,119,103,51,127,121,120,119,108,117,113,111,109,101,105,106,115,103,182,102,112,112,108,57,109,98,124,89,104,105,103,110,84,88,93,89,82,80,87,129,80,83,40,79,74,75,75,83,98,116,127,120,107,103,112,127,174,142,138,140,201,157,159,159,167,166,129,105,126,117,112,113,117,119,122,135,70,168,166,153,194,110,106,106,114,139,169,191,199,186,163,137,114,99,93,93,73,77,89,152,106,109,49,107,98,100,100,85,99,106,107,108,109,111,113,101,113,111,110,108,108,106,106,104,102,99,95,92,88,86,85,87,83,83,85,83,77,61,58,88,97,61,55,51,29,165,47,82,78,121,154,147,129,111,102,102,112,128,151,174,194,212,95,191,162,89,179,109,223,196,194,195,206,201,188,146,112,83,45,33,27,25,67,56
21,135,16,29,30,30,34,108,34,41,52,70,91,112,134,161,95,215,228,246,246,246,227,212,226,219,229,234,251,220,189,171,0,128,197,122,115,96,79,73,54,71,68,69,76,85,90,93,95,98,94,187,98,109,112,116,118,118,118,127,118,70,123,119,117,116,113,111,110,149,113,105,105,107,95,110,110,106,170,101,103,100,90,185,90,98,99,49,81,78,89,89,95,84,82,84,78,77,76,76,77,83,93,110,130,132,130,149,129,114,116,131,133,149,175,160,125,153,172,211,165,167,73,144,126,114,112,113,119,126,131,137,143,154,159,154,140,125,119,122,130,148,173,197,209,208,195,173,147,131,122,115,118,201,89,96,59,131,137,119,111,104,100,102,55,108,106,107,109,112,115,116,115,112,112,97,113,57,113,106,101,96,90,86,65,149,79,63,43,89,85,80,74,76,85,51,51,36,54,60,107,47,56,75,100,197,76,126,112,57,97,91,96,104,119,135,150,119,196,176,162,130,157,212,208,203,194,227,206,186,92,157,122,45,54,35,29,26,24,24
27,29,28,127,23,30,29,106,34,37,49,67,85,106,126,149,168,191,210,254,244,242,227,213,207,212,221,242,131,240,214,174,213,128,120,136,133,165,94,92,82,78,72,69,70,79,85,91,82,97,101,88,107,107,110,112,113,113,111,110,96,99,113,72,117,113,113,158,108,106,105,101,102,102,103,92,94,103,102,101,100,106,99,57,97,91,89,86,86,74,97,110,59,110,104,70,99,97,101,106,113,123,138,162,184,203,209,189,164,142,135,140,182,153,194,164,173,175,214,176,177,166,162,135,124,119,120,125,132,140,146,146,158,177,168,160,147,134,131,131,142,157,178,199,214,218,214,201,209,185,150,138,122,105,107,107,199,142,150,149,127,115,102,172,101,102,105,108,111,116,115,121,118,122,148,195,130,125,100,99,94,87,79,65,183,113,82,86,94,82,87,66,67,62,57,60,45,162,45,50,47,46,41,65,157,104,118,105,97,98,85,84,86,92,100,107,115,139,144,171,166,166,175,197,209,204,197,200,206,210,136,171,131,91,58,39,29,26,23,23
28,13,35,19,34,30,27,14,26,94,53,48,73,100,116,137,158,173,217,105,253,240,230,207,186,189,202,221,237,242,237,214,169,152,135,139,131,124,200,111,96,82,71,61,56,59,67,76,157,87,95,99,101,105,148,114,85,91,175,107,59,108,117,117,110,111,110,93,108,107,89,100,96,96,97,100,57,101,96,96,101,47,98,52,91,86,87,90,91,180,87,100,103,98,119,117,120,127,137,149,157,168,180,202,214,190,184,216,198,173,154,149,149,153,162,173,184,189,183,187,182,172,156,143,134,133,137,143,163,162,155,210,90,124,191,170,154,127,153,132,146,163,202,206,223,230,228,216,198,176,165,149,135,123,120,130,134,152,212,91,144,162,138,108,113,106,183,103,109,202,160,129,125,54,77,93,90,90,88,84,79,76,72,70,68,52,84,80,90,109,93,87,93,71,156,68,68,64,61,59,54,51,55,66,72,49,92,87,85,81,79,81,87,93,100,100,105,112,203,162,167,160,168,191,206,203,221,195,204,206,199,175,140,101,66,43,31,28,24,24
25,137,22,34,32,29,26,24,24,16,31,50,66,86,110,72,145,216,212,105,247,235,216,187,191,158,176,204,227,241,207,180,217,97,141,129,201,137,130,87,56,92,67,53,47,44,48,59,69,82,90,94,97,98,94,101,105,103,89,99,108,110,57,113,109,109,108,157,110,98,185,88,94,94,53,96,91,92,93,94,93,74,78,180,121,94,92,101,112,122,144,142,192,114,114,118,127,138,150,165,178,187,198,170,187,227,234,226,211,187,168,155,151,155,166,179,191,194,194,194,192,186,177,166,159,165,72,182,85,121,173,177,196,197,183,181,171,157,139,150,154,173,205,207,221,224,227,218,204,224,173,161,144,133,129,124,193,141,142,154,153,144,141,132,121,117,54,119,120,114,126,118,109,99,93,90,86,82,77,72,71,58,168,67,79,77,88,143,82,60,74,94,125,127,107,103,88,83,86,38,72,62,63,69,49,78,57,64,68,71,70,76,82,89,93,158,96,106,203,155,161,119,146,184,203,206,197,199,201,223,200,182,151,112,75,50,33,27,24,24
23,31,30,30,30,28,25,24,24,24,28,37,51,70,73,122,137,173,210,239,237,230,146,170,143,139,162,195,195,201,234,226,198,178,132,96,134,131,192,79,125,91,68,51,45,19,33,37,138,54,73,83,89,94,95,97,97,88,176,92,94,172,95,176,100,105,105,106,106,104,100,96,94,94,99,89,89,87,83,89,79,180,76,69,79,90,102,115,129,135,135,128,116,108,110,115,125,137,149,168,186,203,210,220,226,228,228,201,180,186,172,162,160,166,177,189,198,201,203,202,201,198,190,181,174,172,189,173,184,196,190,196,211,114,205,198,191,178,167,165,137,190,191,194,199,234,124,213,206,200,188,174,156,142,131,119,185,124,138,142,146,172,149,127,116,108,105,108,109,108,71,99,90,86,84,85,86,84,79,76,75,81,66,86,96,135,82,78,78,83,179,112,69,148,134,119,109,119,136,101,93,39,79,77,68,70,51,59,57,22,161,53,64,72,45,74,87,153,122,152,154,155,157,177,199,210,208,202,213,95,214,190,162,125,87,34,26,23,24,24
27,29,29,29,22,26,25,21,24,24,25,30,37,52,160,89,124,152,175,208,233,226,217,175,147,143,163,197,227,235,229,223,207,108,147,130,125,120,196,126,116,98,59,56,31,179,56,153,10,40,51,64,75,84,88,89,64,74,120,89,95,76,184,46,102,101,98,98,98,100,94,93,94,103,56,104,55,108,127,88,88,88,88,92,100,105,119,132,142,144,139,132,122,114,115,122,133,146,159,191,211,225,242,237,238,234,237,106,210,187,177,170,169,176,136,190,201,206,206,206,206,204,199,192,184,179,185,241,200,142,206,211,215,221,232,209,203,191,183,189,210,204,195,187,114,195,218,205,213,211,202,192,178,165,153,142,123,129,127,126,125,118,115,107,100,96,95,98,102,49,92,86,85,87,91,94,99,50,95,87,86,87,84,159,76,85,42,97,108,95,118,143,143,139,133,123,118,113,107,106,52,189,85,90,151,69,146,55,53,57,36,53,52,53,58,48,73,85,116,143,154,161,167,180,194,224,209,202,197,202,206,200,176,138,93,62,88,48,25,24
21,6,150,19,26,24,20,25,24,21,24,25,22,172,85,88,113,143,168,197,217,223,225,186,164,157,171,199,225,233,232,228,213,185,146,124,105,168,116,113,108,128,189,46,44,37,37,12,31,29,34,42,54,65,75,77,118,91,61,79,88,94,81,164,84,68,88,86,86,65,84,91,95,69,93,112,110,177,89,91,71,96,99,104,85,122,143,163,90,83,152,129,135,133,127,130,153,152,220,217,228,240,245,245,241,229,213,221,200,181,175,170,170,179,199,199,223,205,214,107,223,210,210,208,226,207,194,136,199,207,208,212,234,224,218,216,209,198,202,211,217,212,191,171,210,180,190,191,204,196,202,203,199,196,187,169,215,138,118,118,107,103,100,92,176,81,88,86,87,103,136,87,89,93,99,102,100,104,91,87,83,81,81,71,91,102,113,129,140,145,143,167,144,151,147,116,113,111,111,117,152,95,108,102,96,87,73,64,59,37,59,43,160,45,52,55,65,82,104,163,161,173,180,184,204,105,209,226,194,201,207,206,187,151,106,67,41,30,26,26
57,72,11,31,28,27,25,13,23,13,22,25,22,14,29,78,105,127,128,197,217,221,213,198,180,171,177,199,224,234,234,241,104,198,152,110,191,55,92,105,101,90,89,59,46,38,34,32,29,27,30,11,40,49,58,64,64,63,68,76,86,92,94,86,48,88,81,79,76,148,85,91,98,111,122,127,74,107,110,122,118,119,123,132,144,159,174,180,191,180,151,196,134,106,146,144,70,171,192,154,235,242,245,245,241,228,207,189,174,172,170,171,176,184,190,196,200,204,209,230,212,213,212,211,208,211,210,208,232,206,206,208,214,220,218,211,207,209,216,222,223,197,172,154,153,164,173,179,90,169,166,168,173,176,177,165,158,175,191,87,83,60,73,77,67,84,82,82,72,179,78,84,87,87,93,96,100,91,120,110,84,90,99,114,130,136,209,140,140,169,132,114,111,106,58,124,121,109,134,99,95,191,96,102,100,98,129,94,70,67,67,69,46,58,53,54,63,77,100,175,154,175,198,185,192,200,205,202,209,198,205,206,195,164,120,79,48,35,29,22
27,29,31,32,33,32,31,107,32,82,35,24,20,25,147,55,99,138,205,194,213,223,218,206,182,171,174,195,218,226,247,220,241,196,155,180,115,141,189,93,95,85,70,57,46,39,36,33,29,26,102,155,22,41,52,59,64,68,76,87,94,94,90,87,91,81,79,77,79,80,94,101,107,95,106,126,124,118,124,63,146,67,156,161,176,188,205,201,199,95,180,168,80,167,75,159,164,182,206,221,235,245,116,255,234,224,230,186,172,164,165,173,183,190,193,214,200,205,213,218,223,223,222,225,229,230,228,233,98,222,205,205,210,216,234,112,225,218,216,230,197,171,145,136,92,149,121,138,140,130,121,114,111,112,118,135,105,90,81,68,53,141,61,42,87,88,91,90,89,66,83,39,58,78,73,95,59,98,81,92,116,128,139,160,165,159,145,133,123,109,90,96,86,79,136,84,95,62,59,70,79,70,90,91,95,98,91,90,85,80,83,85,82,74,62,133,63,82,106,124,153,216,89,197,191,199,202,226,195,196,202,202,132,173,131,89,54,36,31,29
29,31,34,35,35,35,40,109,36,97,41,28,29,30,39,64,97,139,168,196,226,220,218,200,198,164,164,185,210,231,83,195,103,124,171,138,118,158,108,101,95,86,55,59,45,38,34,31,27,25,12,29,20,40,55,36,76,79,84,90,94,94,106,129,85,84,83,87,96,82,132,133,135,137,135,128,110,112,107,109,116,142,179,146,157,222,133,208,185,201,181,211,157,138,178,185,197,210,223,229,228,223,247,115,237,206,202,186,171,159,161,171,186,197,144,0,232,213,220,227,230,229,226,227,229,233,226,150,239,213,211,211,213,219,238,239,218,215,225,94,197,156,128,116,130,137,148,140,126,114,101,91,82,76,71,137,61,47,72,67,70,70,169,89,58,111,111,108,102,94,89,94,60,81,135,57,107,115,125,193,163,181,221,178,170,148,125,107,105,82,175,61,64,52,36,58,53,53,55,57,59,71,133,74,81,81,86,88,90,90,82,85,102,95,83,64,79,91,110,135,158,169,182,197,199,199,205,200,198,195,200,205,211,179,138,95,61,38,30,28
30,32,54,87,35,35,35,3,149,23,35,34,32,34,41,65,100,143,174,197,214,220,211,225,163,145,195,171,201,216,225,225,209,190,160,137,120,117,53,109,89,69,166,40,29,178,67,23,11,25,25,27,181,44,53,75,82,85,82,82,85,91,83,68,89,87,88,94,108,136,72,166,157,148,149,128,185,103,100,94,95,100,95,103,108,114,141,147,159,161,166,162,171,178,188,200,209,213,214,207,199,190,180,190,170,178,178,170,161,154,157,169,184,197,214,240,205,213,222,229,232,228,221,215,253,223,225,232,220,221,221,222,222,227,113,229,117,216,204,197,180,149,125,107,112,126,134,130,118,109,96,84,72,66,62,60,62,75,50,100,105,113,101,116,114,119,117,192,119,115,110,108,158,101,85,183,95,117,133,137,162,173,180,176,155,127,102,82,45,75,68,64,62,61,63,46,63,60,57,63,66,37,31,66,53,68,76,79,77,80,90,104,104,104,97,94,88,98,118,144,165,178,201,186,193,201,205,204,198,194,195,202,201,183,148,107,32,39,31,28
27,29,26,22,30,31,35,109,13,34,32,32,33,15,41,66,104,148,176,199,215,220,212,191,175,159,140,165,191,209,205,169,189,165,140,126,118,114,118,63,84,69,57,46,40,10,25,25,126,19,28,29,21,41,57,74,85,84,76,70,69,72,78,86,76,94,96,101,110,175,135,153,149,147,73,134,119,113,104,97,62,94,93,79,77,84,96,104,104,107,64,108,94,118,129,141,149,153,153,151,147,152,143,141,142,147,146,144,112,140,143,155,173,190,222,94,212,228,210,220,238,222,214,228,102,231,224,231,225,225,225,227,226,222,215,227,231,101,219,191,169,137,69,102,103,114,125,122,120,101,91,81,74,72,73,79,89,102,114,123,124,118,111,110,60,123,128,126,135,125,115,111,101,103,103,39,68,103,111,133,82,160,160,151,131,108,92,136,37,68,66,69,70,104,87,167,71,94,121,78,77,75,138,75,72,72,67,172,95,96,67,35,95,95,93,60,90,108,61,160,171,190,87,214,213,108,213,203,195,194,194,199,200,188,157,115,117,62,32,28
24,26,26,26,26,26,27,27,27,25,25,26,16,138,38,70,108,150,178,202,214,217,211,207,121,184,190,177,185,202,204,195,168,143,126,119,118,118,110,97,78,62,52,41,36,29,27,28,28,29,31,34,43,56,64,73,78,76,69,65,62,63,69,69,183,96,110,115,118,112,130,29,133,144,71,132,71,118,107,100,102,90,57,71,64,66,69,68,65,60,66,48,160,57,67,75,84,91,97,97,195,64,122,123,126,131,141,70,143,131,131,140,159,186,126,201,198,197,207,215,217,217,233,216,222,227,231,239,233,233,233,233,231,236,218,210,206,208,158,182,157,122,157,102,99,106,120,67,72,104,94,90,89,90,94,98,106,117,117,110,110,102,94,93,108,114,130,139,136,132,107,104,205,108,104,110,106,97,107,103,133,124,123,115,104,93,82,72,68,61,72,78,80,78,80,85,87,89,91,89,88,87,90,84,80,78,76,56,71,67,70,74,76,80,82,80,85,100,139,158,177,184,221,187,189,201,163,183,187,89,201,197,201,192,164,122,77,49,32,30
24,25,26,25,25,26,27,26,24,24,24,27,27,31,33,169,102,208,183,208,226,216,212,206,215,193,178,168,177,205,106,198,160,130,114,114,114,112,96,60,56,46,39,35,33,32,32,32,32,23,37,41,42,38,77,76,77,75,75,74,73,75,76,82,92,102,93,115,108,125,126,134,132,71,132,113,115,100,95,94,92,83,69,59,56,60,65,63,60,56,55,56,53,52,52,56,63,71,78,87,83,84,102,115,118,124,125,124,122,118,115,120,140,170,192,219,198,203,206,210,215,217,217,222,228,234,239,242,242,242,244,241,238,239,227,210,206,205,193,159,80,100,95,98,100,97,174,128,122,122,118,115,117,119,110,117,110,76,106,144,103,90,87,88,97,112,126,136,141,59,108,96,83,108,117,123,124,121,59,99,50,96,93,86,82,79,77,74,57,129,93,92,49,96,91,91,97,51,97,94,94,94,68,90,89,85,80,76,71,69,71,72,74,75,76,75,79,93,121,156,180,190,194,194,201,103,206,205,206,211,189,194,202,196,169,127,126,68,32,28
24,26,25,24,22,14,20,9,155,12,27,20,27,33,48,64,121,152,200,224,213,213,207,198,186,175,160,155,162,177,211,191,160,124,104,102,101,92,73,53,43,38,37,37,37,36,26,37,35,35,30,42,57,66,72,71,71,72,72,73,73,73,76,78,85,83,188,98,197,122,146,133,130,124,118,109,103,98,97,94,89,76,65,57,56,61,67,72,73,73,74,72,68,65,65,68,72,81,42,92,94,96,185,90,114,116,115,110,108,104,98,96,103,143,186,88,234,203,206,210,215,217,236,227,231,237,239,254,109,255,243,243,241,192,204,105,203,185,165,126,92,76,79,89,94,97,90,110,126,142,152,157,160,156,215,182,131,117,106,98,97,57,92,94,100,111,125,131,127,115,102,97,143,113,133,145,155,139,113,93,82,83,68,82,78,76,75,69,179,75,91,94,100,91,81,174,90,89,97,97,98,98,96,95,91,88,86,83,80,78,76,76,76,65,77,75,73,81,106,142,171,189,194,193,223,195,216,202,203,197,191,194,202,200,107,135,80,54,35,31
24,20,24,20,35,90,24,26,3,28,26,27,27,31,48,77,115,160,119,92,162,206,199,187,169,156,148,151,158,157,173,175,161,136,109,99,91,76,57,43,37,40,43,42,42,44,45,44,42,39,38,41,13,53,57,58,60,62,65,65,65,66,64,67,44,92,100,113,127,145,68,196,135,126,119,114,110,108,107,103,94,85,78,73,70,69,71,75,80,84,87,87,83,78,81,65,87,90,99,94,96,101,84,182,59,119,108,105,109,102,99,74,148,116,198,180,208,219,204,211,214,214,254,224,230,233,242,235,255,238,245,248,115,248,112,246,207,163,133,97,49,177,130,91,89,87,85,91,109,132,161,97,187,180,175,156,144,127,113,104,100,105,100,103,109,122,129,130,124,109,98,94,141,111,132,145,118,132,126,109,98,83,180,85,89,86,84,86,89,144,113,96,97,94,95,81,88,184,98,105,105,111,92,95,91,89,90,90,95,88,87,85,82,157,75,77,73,72,90,121,157,189,195,195,199,202,132,209,202,196,192,194,199,197,213,146,95,36,39,29
8,26,24,24,23,21,23,23,23,24,24,25,27,32,48,90,120,159,188,199,216,200,204,222,195,162,156,169,172,210,146,148,148,140,119,102,88,74,58,45,39,40,47,52,54,52,52,55,52,50,43,47,188,55,53,53,57,59,59,61,62,64,69,23,183,69,85,96,111,130,143,140,142,130,118,107,101,100,104,100,96,85,90,46,91,81,74,71,55,71,73,75,96,127,88,95,93,66,96,101,103,109,116,127,136,117,108,100,61,101,85,178,25,96,120,165,115,95,214,204,230,226,102,229,227,229,232,245,107,246,233,231,245,212,222,180,169,140,112,95,100,91,151,116,108,93,75,76,87,109,76,159,155,157,152,145,135,123,113,104,95,165,102,109,120,132,137,134,125,111,100,94,96,105,118,130,163,148,136,131,120,111,107,108,110,108,104,101,105,41,51,115,110,109,107,115,62,102,115,118,124,61,161,101,97,97,97,101,59,100,86,79,92,91,89,88,75,69,75,97,130,133,171,199,202,202,199,204,201,215,191,193,196,214,175,147,100,68,39,31
125,18,24,24,24,24,23,11,155,10,24,25,27,33,49,82,180,137,144,229,214,226,132,187,180,174,103,192,199,181,149,133,133,105,124,113,101,86,68,52,36,133,40,85,75,50,37,59,61,35,53,29,51,52,44,54,57,50,150,57,59,63,35,148,43,69,72,77,90,114,66,119,130,127,115,89,80,84,93,89,59,71,71,89,66,85,82,67,158,67,79,77,79,75,101,106,110,118,119,123,129,131,141,171,125,126,110,82,92,90,85,78,79,84,106,133,158,176,190,200,201,208,215,224,210,163,226,230,255,218,218,215,208,196,179,205,146,119,168,94,110,127,132,138,98,106,133,105,76,80,100,103,111,113,109,86,111,107,103,93,184,92,112,120,129,139,144,144,135,123,110,102,101,108,118,128,100,124,138,132,122,114,105,99,132,133,126,121,118,120,117,122,62,120,191,52,110,187,105,195,117,118,113,107,108,104,137,116,107,58,132,125,169,99,85,64,79,71,69,80,107,85,173,193,199,203,109,232,215,110,202,194,207,91,195,152,89,63,42,31
25,24,25,24,24,23,22,13,2,25,24,24,26,32,50,84,121,158,184,203,127,207,199,191,179,169,199,97,232,197,155,145,72,148,144,162,112,94,75,61,57,37,51,40,41,43,146,43,41,165,41,53,55,29,195,79,77,82,67,78,72,66,62,49,62,65,68,70,77,90,114,188,127,116,56,69,76,86,96,93,147,62,125,67,82,85,83,79,81,50,57,98,103,110,119,129,135,143,149,155,155,203,163,150,143,116,88,175,83,91,91,85,81,82,94,111,136,144,172,182,191,195,200,206,213,225,217,227,96,221,204,196,184,171,158,145,128,106,85,102,117,132,137,137,138,62,121,57,93,85,86,92,95,98,101,107,103,102,103,108,103,79,130,134,139,146,157,161,152,136,121,114,113,117,125,146,146,145,139,130,117,111,116,127,134,139,139,137,133,123,118,103,122,112,98,107,109,114,121,111,122,117,114,111,83,104,102,105,103,188,94,95,176,99,189,92,84,75,70,72,84,109,202,169,189,195,229,99,226,84,149,194,208,199,187,157,118,46,47,31
24,25,16,25,24,23,27,101,22,23,24,24,25,33,36,88,121,143,143,199,222,205,199,190,132,167,178,217,205,190,158,140,137,142,141,128,113,93,79,73,65,147,62,59,56,54,54,50,46,54,57,65,74,90,83,101,82,94,174,106,100,93,84,78,70,70,71,74,75,83,95,95,109,101,86,134,89,107,116,95,65,65,47,64,75,82,117,188,75,94,93,97,102,106,113,121,132,147,151,164,81,161,144,129,111,91,81,83,92,101,107,106,100,79,71,98,113,193,130,158,164,170,178,185,193,199,202,203,200,142,174,172,157,145,132,116,104,92,90,96,110,119,122,120,121,134,123,118,118,105,102,103,107,110,111,111,110,111,117,125,135,144,150,168,157,204,167,171,153,202,122,197,124,127,133,65,149,144,143,137,127,183,109,117,122,124,135,97,137,127,113,170,105,106,106,106,99,188,115,116,158,117,114,115,90,52,121,112,137,118,135,143,119,119,116,107,90,55,67,67,74,94,117,162,183,196,202,208,211,221,204,197,134,198,190,162,118,82,46,31
24,24,25,21,24,23,23,21,21,22,16,124,23,67,182,64,101,212,187,202,206,201,133,185,175,157,129,173,201,189,143,118,151,134,202,133,125,75,91,55,79,63,73,68,66,62,60,79,109,71,80,96,108,119,130,130,137,129,130,135,126,119,111,103,92,83,80,80,82,84,93,62,100,99,98,111,115,130,128,195,158,76,68,72,80,87,90,69,106,104,102,98,88,74,93,97,102,71,113,118,131,106,188,83,83,77,82,87,102,115,123,121,105,190,94,100,108,62,187,128,134,183,150,153,166,113,182,176,175,172,153,140,126,92,84,87,83,81,81,88,95,111,105,108,111,121,131,142,78,132,123,121,132,124,125,124,124,167,135,184,157,95,163,155,157,160,176,175,163,138,146,135,153,140,132,132,135,138,141,140,135,108,190,110,123,158,126,137,130,125,117,110,109,163,105,109,115,95,115,193,107,114,114,117,130,71,128,116,109,58,127,125,136,122,119,113,97,80,68,64,69,91,118,156,194,107,213,187,171,95,210,198,201,197,193,170,126,84,48,31
24,24,24,24,24,24,23,20,21,22,25,8,27,30,52,97,131,156,108,208,205,199,198,176,165,159,172,190,200,186,212,166,73,148,134,144,131,115,95,86,79,43,171,62,71,68,58,169,79,104,201,122,135,140,107,138,143,199,163,125,141,138,132,126,115,105,80,90,86,88,91,109,104,111,115,124,137,159,177,143,119,92,140,77,84,92,95,174,107,120,116,105,96,91,86,88,88,86,84,84,85,80,66,64,66,82,55,109,117,126,129,124,117,109,108,98,97,57,104,104,104,171,52,130,136,156,155,184,145,132,121,109,97,82,71,74,74,76,71,87,95,47,94,102,108,119,133,144,148,146,141,143,80,165,147,138,141,89,140,148,160,176,159,202,163,174,213,173,164,155,154,157,108,148,141,142,181,131,135,137,136,133,113,128,110,86,114,121,120,123,125,126,56,173,108,115,114,196,124,122,107,112,105,192,163,132,118,113,107,192,117,138,67,132,110,78,106,62,73,66,69,69,112,158,180,183,163,203,205,203,200,198,198,228,192,188,131,89,52,33
24,24,24,24,24,24,23,23,22,24,24,26,29,30,61,96,121,161,195,194,208,186,174,159,149,155,174,191,198,194,174,166,150,142,134,127,112,96,84,77,74,80,59,77,76,80,94,38,120,123,119,140,147,150,154,154,154,154,144,149,147,145,145,143,136,113,189,84,88,89,84,68,115,125,130,137,148,163,166,155,131,103,54,87,110,100,100,187,110,136,127,120,108,100,96,98,96,94,91,89,90,129,104,121,114,98,107,118,122,122,119,115,112,109,67,96,90,88,87,86,86,72,91,98,108,123,129,130,120,109,90,160,77,69,68,45,88,92,84,97,92,94,147,99,108,118,132,142,146,201,142,80,142,150,70,152,164,185,207,147,159,165,163,155,170,183,184,182,169,165,187,164,165,160,155,70,131,128,129,134,141,142,140,82,126,117,107,74,114,125,130,129,110,115,115,108,125,122,179,107,158,106,110,99,116,120,71,188,103,108,130,132,132,120,190,90,114,105,83,70,70,88,117,154,179,192,198,202,204,201,198,196,198,202,205,86,146,93,57,35
56,67,24,24,24,21,24,23,24,21,24,26,29,42,62,97,184,154,179,193,145,182,192,145,139,151,174,191,198,199,189,212,142,108,122,107,94,84,80,76,71,153,78,86,92,101,110,122,109,144,149,151,156,160,160,163,93,155,153,146,201,150,153,155,149,133,121,95,90,86,186,102,124,134,136,137,134,155,160,142,92,107,103,54,106,115,122,123,105,59,77,135,125,121,117,118,116,114,109,105,103,102,99,97,179,98,112,113,119,110,99,107,105,104,103,96,92,91,90,85,74,157,63,77,81,60,190,93,95,65,75,65,42,76,77,91,104,113,102,106,97,92,93,99,105,115,126,137,146,154,148,205,137,86,154,107,72,150,141,148,154,201,161,167,178,192,195,185,182,77,163,165,167,212,188,147,137,132,129,131,139,146,146,138,132,109,102,102,109,119,112,120,191,108,109,186,111,111,95,110,143,99,103,112,77,120,78,101,118,122,128,130,129,127,124,126,114,109,90,77,74,87,113,148,211,190,201,203,202,201,197,196,197,200,196,179,139,98,33,37
19,17,23,24,20,25,24,24,24,24,25,26,29,41,64,101,131,161,185,196,213,180,157,138,145,159,177,192,201,203,199,181,164,142,114,98,91,140,82,84,88,80,102,110,117,125,125,145,152,158,162,164,168,168,165,160,167,163,79,160,151,160,163,165,155,153,0,116,103,110,118,130,139,145,140,131,185,129,137,132,117,105,74,117,135,148,174,155,137,127,136,131,136,136,137,137,136,134,128,119,112,108,109,92,84,112,110,110,66,107,160,99,100,99,40,91,96,98,99,96,72,76,71,73,77,80,67,85,79,74,72,67,81,83,91,101,110,113,164,96,96,95,95,99,105,113,124,135,123,61,159,140,148,150,154,160,141,126,133,143,155,156,166,174,183,223,198,189,172,174,160,164,173,186,165,160,151,158,138,139,130,135,143,141,59,111,99,91,105,107,191,111,127,70,121,113,105,97,93,92,90,91,103,111,120,121,120,122,126,128,125,123,122,121,118,116,112,74,93,83,81,94,120,154,174,197,200,227,201,201,197,215,196,200,196,179,140,96,56,36
24,24,22,21,24,24,20,22,24,24,24,16,15,144,69,61,138,146,140,183,147,185,170,216,170,81,214,199,197,202,202,192,167,129,187,83,181,72,94,101,109,120,129,139,143,143,197,148,154,212,164,171,175,175,171,167,164,155,214,157,162,165,170,173,151,101,132,116,125,137,156,147,149,146,139,129,123,122,121,121,152,102,112,125,147,212,172,172,158,138,126,127,137,141,142,142,142,138,130,132,122,116,117,120,120,120,117,111,106,105,106,102,149,95,100,95,135,123,63,99,177,86,84,81,80,54,80,78,74,70,70,118,100,85,91,102,107,98,146,94,156,93,97,100,105,113,122,130,143,155,80,166,153,156,154,144,134,164,125,134,144,157,168,185,193,193,198,185,168,142,107,157,192,87,122,171,168,81,164,143,196,190,134,135,117,106,100,151,108,112,116,118,128,81,122,109,97,85,84,82,82,87,61,114,129,131,158,142,133,130,124,117,115,115,113,117,55,109,96,83,179,97,132,163,185,195,199,196,202,202,212,92,210,200,195,177,137,94,53,35
23,23,23,23,23,23,25,24,24,24,24,79,51,29,73,118,140,170,209,180,141,192,196,84,198,207,197,211,191,205,103,198,176,146,99,76,83,107,116,137,139,149,153,155,154,153,167,150,165,160,171,175,177,178,176,175,171,168,170,166,162,164,152,122,208,139,127,129,142,159,75,158,146,139,130,128,128,127,120,118,111,106,114,133,156,168,187,185,148,135,128,75,131,141,142,142,143,168,255,129,136,130,127,127,127,110,98,112,107,99,75,96,86,92,93,95,93,100,117,64,63,102,98,96,92,96,43,85,75,53,66,78,79,198,115,107,102,106,106,100,89,99,99,100,105,112,84,116,130,133,165,82,161,156,160,133,119,80,117,129,141,158,172,154,73,194,183,163,122,155,140,152,109,216,211,170,165,162,131,132,144,138,121,98,116,108,102,102,106,116,114,93,114,135,117,90,72,79,77,77,73,184,150,122,132,135,136,129,130,127,120,113,110,110,111,110,119,105,100,98,88,99,59,178,180,186,187,208,195,202,209,200,199,199,193,165,136,52,52,31
22,22,23,23,24,24,24,102,28,25,25,25,32,51,81,118,145,167,104,200,124,199,193,211,196,224,207,97,203,185,199,211,196,159,119,106,109,122,140,58,155,186,174,161,167,85,87,217,173,168,172,175,176,176,177,176,173,169,137,141,139,131,157,153,132,131,129,136,145,150,151,173,154,138,142,132,75,137,181,114,111,121,130,146,103,170,179,178,150,113,181,110,207,131,137,136,136,140,134,150,150,137,138,130,125,122,120,97,105,100,98,95,92,92,92,88,153,98,100,108,108,103,105,103,98,94,97,83,77,72,73,82,95,87,106,56,103,95,81,102,92,186,86,103,107,107,181,123,127,138,75,152,160,104,73,131,112,117,122,135,149,166,175,180,193,186,202,88,189,0,150,144,158,163,165,215,163,165,161,150,135,128,126,122,115,108,104,103,107,74,117,128,130,126,113,99,87,79,66,90,199,85,82,127,132,136,78,129,123,119,101,93,109,107,111,115,112,107,100,104,117,144,174,186,183,215,189,91,199,187,154,91,208,197,187,215,121,90,48,32
21,23,1,22,36,91,24,12,25,27,27,27,34,59,47,129,142,170,183,193,208,197,197,197,211,227,200,198,191,184,181,210,159,149,124,111,114,131,148,168,173,172,172,170,166,178,164,166,98,173,170,171,174,174,173,163,168,164,160,159,160,157,144,134,124,121,127,135,140,144,145,145,141,140,71,133,134,130,121,132,134,141,149,157,173,175,101,217,170,173,161,152,140,165,64,129,125,129,137,145,146,192,141,133,117,186,107,133,103,100,98,95,94,92,92,88,152,95,100,91,180,102,109,108,103,102,94,86,79,73,77,88,99,106,106,105,103,103,104,105,107,96,157,106,109,115,95,112,187,135,146,156,160,162,132,116,110,113,125,141,157,172,174,182,180,182,183,195,166,161,130,201,137,156,108,160,165,159,127,126,133,124,121,117,114,108,106,154,108,113,121,131,134,151,135,103,94,88,160,94,128,113,126,128,129,129,158,135,127,115,111,108,106,106,111,117,118,149,105,112,131,154,168,171,172,168,177,184,190,194,193,212,196,197,189,164,120,77,44,30
21,6,147,15,22,14,24,19,26,28,28,30,37,60,100,126,197,156,180,188,195,198,195,228,123,201,200,194,185,181,181,172,165,144,122,112,119,138,156,171,180,184,182,180,179,177,173,167,165,165,167,170,169,167,160,209,150,156,156,156,154,148,132,118,107,89,128,135,137,140,141,138,133,124,119,135,143,123,136,67,155,153,162,167,163,169,181,168,176,175,169,162,138,133,134,115,116,120,128,141,140,155,72,144,70,117,115,119,106,103,100,96,95,96,64,96,95,102,43,91,94,111,112,112,102,76,95,91,82,77,80,91,102,109,110,107,106,106,106,107,108,109,110,111,152,125,130,136,129,144,154,160,157,152,125,112,109,114,123,139,156,173,221,187,189,186,188,190,183,158,116,128,138,145,161,154,152,153,154,151,141,128,116,112,111,100,105,85,103,113,125,134,136,130,127,142,139,102,97,83,98,114,126,62,133,126,128,125,67,115,130,133,107,110,114,122,125,158,121,129,146,161,167,167,168,171,176,183,189,197,210,193,190,212,184,159,113,71,41,29
23,5,25,23,24,23,23,21,24,27,28,25,40,66,99,132,144,212,170,184,194,199,201,196,200,200,196,188,181,178,177,212,159,142,120,113,125,145,167,187,185,186,184,185,185,182,178,170,178,80,174,167,167,163,156,152,173,160,153,154,151,140,121,68,118,133,137,137,137,137,137,162,134,113,106,103,105,122,122,141,109,158,164,166,224,165,208,189,181,181,177,171,163,153,139,125,118,112,123,95,129,78,143,128,134,119,115,110,112,53,104,99,101,49,107,105,99,99,109,102,107,110,105,89,107,101,94,92,83,61,79,92,102,112,113,110,109,109,110,118,151,111,111,112,116,120,129,134,141,149,157,160,152,84,125,118,55,118,124,140,158,178,194,198,190,182,185,194,189,236,113,152,139,204,140,147,154,161,164,158,125,96,188,107,110,163,100,151,107,82,116,131,136,142,145,141,129,110,88,183,96,110,115,131,124,129,74,121,115,112,104,176,89,86,118,132,139,142,134,164,164,170,169,168,170,175,179,184,183,190,189,194,222,89,193,153,104,65,37,28
16,134,13,24,24,23,23,22,23,25,28,32,45,70,101,132,196,163,179,187,195,196,203,202,219,228,196,189,181,179,182,161,209,139,121,167,128,151,171,132,174,183,184,187,188,185,178,172,167,179,161,178,162,160,113,140,145,145,146,148,143,129,110,114,121,142,142,138,134,134,133,125,122,114,106,99,104,55,122,139,152,158,160,163,97,210,158,174,185,184,216,175,177,183,153,135,130,168,127,126,126,125,124,123,121,117,114,109,106,109,99,97,95,104,101,52,105,100,100,100,106,110,115,116,106,96,87,58,78,81,82,91,99,89,97,111,112,112,112,110,105,111,111,116,80,128,134,139,144,152,157,154,144,134,122,113,120,118,139,161,181,196,202,194,183,175,178,188,204,74,134,161,154,138,145,159,156,167,186,175,149,129,113,115,106,103,104,154,109,118,121,130,139,152,148,150,137,117,104,100,102,108,107,120,126,116,155,129,113,108,100,161,95,111,127,143,151,101,212,105,177,180,178,144,153,182,185,187,214,191,207,194,204,192,202,149,86,59,35,27
24,23,24,24,24,24,23,20,23,25,28,26,46,75,92,146,146,171,180,188,203,226,198,205,203,201,202,192,184,182,180,207,197,139,118,64,200,143,169,178,178,177,180,183,184,181,178,171,166,162,171,76,178,75,161,143,139,139,141,140,132,115,102,102,112,102,141,138,137,143,67,139,124,117,116,57,105,107,131,71,168,168,161,210,161,158,167,176,186,191,181,173,210,158,160,194,147,146,133,133,63,132,124,113,121,117,115,112,67,106,93,97,96,97,99,99,100,100,100,102,107,109,112,112,105,96,84,69,176,65,80,88,98,105,110,111,113,114,114,111,111,111,113,118,126,135,147,72,159,156,155,148,138,131,122,115,119,139,165,194,209,212,203,176,210,150,161,172,177,191,176,162,156,149,149,68,150,153,160,162,157,201,122,112,104,101,105,102,115,78,127,141,152,131,189,151,143,120,85,186,97,109,155,125,123,199,116,120,112,104,99,84,101,168,137,155,154,171,165,167,173,174,174,178,179,183,187,187,188,187,189,190,132,191,170,132,153,53,31,27
24,24,24,24,24,24,23,24,23,25,28,36,50,74,186,69,157,170,105,194,123,203,218,206,216,96,213,192,185,183,183,172,199,138,129,159,111,139,213,168,176,176,175,176,176,175,175,156,124,165,164,165,162,169,177,148,138,138,117,120,125,106,91,94,110,126,137,142,145,144,147,133,119,115,113,121,113,119,142,87,178,178,175,159,188,168,171,176,189,190,186,179,161,160,162,163,161,103,143,135,141,129,123,187,105,187,114,117,123,114,150,99,100,100,100,99,99,100,101,96,180,105,111,111,106,88,89,60,60,83,83,92,99,132,126,109,119,101,115,111,111,112,109,194,124,138,143,158,153,157,150,140,131,124,116,115,127,154,183,207,101,211,184,183,156,145,146,155,174,79,171,159,156,140,143,136,162,152,150,156,136,130,128,113,105,108,114,115,113,125,133,150,162,168,170,146,118,113,166,78,106,115,166,134,138,137,133,124,114,103,84,84,124,151,152,158,215,167,167,160,151,197,153,211,175,181,186,186,226,187,192,193,129,219,164,132,85,53,35,31
24,24,24,24,24,23,23,23,3,27,28,35,41,166,102,198,151,167,190,187,196,202,205,205,203,221,196,190,185,185,184,179,154,142,122,112,116,133,142,166,170,172,171,171,171,171,175,177,214,170,170,183,163,159,151,146,112,132,145,200,112,96,81,86,104,121,134,142,148,149,147,78,118,113,115,118,123,136,86,188,177,177,208,167,158,164,171,219,190,193,185,177,178,185,162,159,163,143,161,150,140,137,136,133,196,110,129,51,94,105,74,104,152,112,99,100,99,100,131,128,98,111,111,107,103,158,86,63,87,62,84,92,97,97,100,108,54,191,108,112,113,115,113,116,135,139,144,150,156,156,147,138,127,117,111,113,130,156,163,186,183,155,154,156,155,150,145,136,152,158,159,156,144,203,130,131,135,141,148,149,147,78,134,120,113,90,125,122,129,118,131,146,155,150,156,159,135,101,87,95,108,122,133,143,145,142,133,128,54,89,98,108,135,172,161,171,176,177,170,157,147,141,165,57,157,184,187,189,132,186,140,193,203,180,163,123,80,51,35,31
23,23,23,23,23,21,22,0,155,11,27,34,51,67,113,131,148,212,173,188,198,204,205,203,199,195,189,183,179,179,179,172,155,138,120,112,111,120,137,151,161,165,167,167,167,166,168,176,188,84,201,0,184,161,163,73,164,151,147,132,60,92,84,102,122,136,140,143,147,149,147,135,129,121,119,111,131,148,177,173,173,167,109,163,187,166,173,186,203,102,215,202,178,164,202,149,167,179,173,166,156,147,143,139,196,128,125,139,142,121,152,109,73,51,107,100,100,101,101,104,111,102,186,100,99,93,85,88,43,80,180,83,99,87,123,105,109,111,115,104,116,120,169,131,138,131,146,152,155,145,146,138,127,177,111,121,130,95,135,178,123,182,137,149,158,152,146,196,133,141,142,141,137,133,129,128,130,135,140,140,135,129,124,127,134,144,141,145,68,137,129,132,133,142,145,133,110,82,72,95,111,135,132,142,145,142,138,132,70,99,97,112,139,157,170,176,181,123,168,161,155,157,163,184,195,185,203,188,184,190,198,189,130,183,157,117,73,47,33,31
23,22,23,23,23,24,27,90,25,24,26,34,31,57,48,146,152,157,176,188,216,204,204,199,194,188,183,192,174,176,173,163,160,132,119,111,111,117,129,145,159,90,165,161,157,220,179,171,178,191,172,184,165,163,156,176,114,164,148,131,113,94,33,75,148,157,152,145,143,150,72,176,149,132,120,182,185,166,169,169,163,161,163,165,157,161,171,185,202,221,172,161,187,178,162,215,77,180,176,176,169,158,150,137,134,141,132,135,153,58,123,117,166,113,149,99,106,106,109,112,111,114,84,104,95,88,81,77,78,85,75,96,94,100,98,107,110,114,109,194,114,124,129,136,132,202,138,150,150,195,193,140,135,120,134,144,146,149,140,127,135,179,155,164,167,160,82,136,125,122,119,129,124,130,133,129,123,120,126,133,135,135,150,143,154,165,166,171,162,150,133,114,105,109,115,109,89,90,127,101,128,65,142,141,143,133,140,127,107,94,100,126,154,172,177,178,178,181,167,161,161,167,172,180,92,200,103,198,110,213,189,191,200,177,186,110,69,45,33,30
53,67,22,19,24,24,28,103,20,15,133,20,45,152,118,138,151,149,136,188,194,202,199,193,187,178,201,90,181,174,169,167,85,140,114,119,118,122,132,143,147,207,158,177,174,152,160,147,129,169,181,170,166,179,186,164,165,154,168,142,102,92,126,165,145,141,141,129,132,136,151,166,140,138,130,200,151,84,166,161,153,152,157,161,155,209,163,182,159,174,203,203,195,186,169,147,181,165,170,174,173,165,151,198,144,155,138,132,128,136,121,121,111,115,89,188,98,109,91,97,98,84,184,93,91,86,80,77,78,82,87,126,195,87,100,93,92,114,119,123,127,129,132,136,139,142,145,147,148,148,139,147,144,144,159,172,227,178,176,175,179,175,181,180,175,162,156,126,107,109,112,52,116,121,96,124,127,125,133,134,152,166,87,179,183,209,228,200,192,167,138,144,109,96,99,93,79,73,45,119,133,140,142,145,140,205,134,124,101,91,104,134,163,175,174,203,168,166,160,156,171,164,170,187,188,180,182,185,212,89,201,193,190,177,141,105,65,43,33,30
16,18,24,24,24,10,155,8,23,16,133,71,57,149,95,137,150,166,180,189,204,193,196,187,180,224,100,175,210,171,168,171,76,138,198,128,60,134,133,141,148,154,157,159,160,159,156,155,156,161,105,169,174,91,172,161,156,208,142,127,101,171,96,120,121,111,43,99,104,114,123,125,194,130,142,149,156,166,218,145,132,205,143,154,154,150,170,181,191,198,205,206,203,195,187,180,172,166,165,123,165,170,165,158,164,82,151,139,174,126,175,122,121,117,175,112,112,112,113,122,65,120,100,76,88,82,79,77,77,80,82,63,66,96,98,91,92,112,119,126,129,133,174,142,144,145,147,145,144,147,148,197,149,197,183,204,209,208,207,208,206,196,186,178,175,169,89,138,133,105,83,186,91,103,117,121,139,140,146,204,155,165,181,203,202,205,233,207,197,177,146,166,107,109,122,98,84,85,167,123,143,145,147,149,154,153,143,120,96,88,107,136,161,169,169,161,165,170,157,159,74,173,80,188,167,170,172,177,109,195,191,193,189,176,143,102,61,40,29,29
24,24,24,24,24,26,3,26,24,21,26,24,44,80,110,135,149,173,197,178,149,224,190,187,201,179,176,175,175,174,177,87,227,144,137,130,139,128,132,136,141,147,150,154,156,154,152,152,152,147,116,160,172,77,173,161,161,160,84,143,89,60,96,108,110,98,85,88,92,148,115,176,121,130,140,147,148,146,142,150,176,136,150,163,151,157,172,184,193,198,204,221,203,199,194,136,176,114,165,173,170,183,172,171,168,166,159,158,208,134,124,129,128,126,80,130,118,119,119,120,130,119,110,101,86,80,78,77,81,76,78,82,86,92,97,103,108,112,116,124,132,126,133,143,148,151,148,145,144,149,157,155,178,189,210,218,218,218,219,219,211,192,179,173,173,169,158,153,121,109,162,82,97,94,95,110,133,136,153,177,165,161,161,169,188,195,202,200,196,185,173,146,148,156,85,157,132,99,116,141,152,152,148,149,149,208,136,118,91,89,111,140,159,164,164,162,158,106,151,190,153,153,99,114,178,164,164,170,190,188,207,190,185,178,88,102,58,37,29,28
24,24,24,25,25,25,25,25,24,25,27,33,49,78,109,135,152,168,178,188,119,192,188,184,177,177,178,178,178,188,92,203,75,165,149,141,131,124,118,118,122,101,128,138,152,153,151,147,146,148,156,150,107,158,159,160,158,208,161,84,106,81,84,165,113,119,112,77,105,73,107,108,134,137,75,164,154,136,114,149,190,155,163,73,162,162,177,188,194,195,203,111,206,197,193,214,180,192,78,176,173,63,161,176,174,173,170,158,152,145,140,133,129,127,133,64,132,123,122,122,121,117,106,97,87,82,78,78,39,76,76,80,88,95,99,101,95,185,109,125,125,201,128,145,96,149,144,142,145,157,172,186,203,220,242,229,225,220,220,229,214,209,200,169,168,165,168,72,191,109,102,97,86,91,93,47,96,115,141,79,176,162,153,151,160,201,184,192,196,192,178,126,141,162,161,139,110,103,122,146,99,153,101,147,151,157,142,119,52,90,116,135,174,159,148,111,150,143,147,142,147,195,168,154,158,175,162,166,174,183,185,190,207,174,153,87,55,34,29,28
24,24,24,26,26,24,25,25,24,24,27,34,50,81,111,138,154,173,197,187,188,187,184,221,177,179,175,217,172,175,205,170,173,168,161,150,136,120,111,108,109,119,120,190,143,150,148,144,141,141,144,148,158,153,157,159,162,156,162,80,105,87,90,107,66,152,143,92,120,118,124,138,74,160,171,164,160,155,155,152,151,159,157,154,158,169,183,187,218,188,192,190,227,229,191,189,190,187,198,174,171,175,166,172,174,66,181,163,175,73,157,137,128,124,125,128,129,128,124,123,120,116,108,98,91,84,78,73,70,70,73,79,87,95,98,100,102,95,118,129,144,137,177,143,152,143,143,70,153,198,177,196,211,216,218,220,221,220,220,159,202,206,88,215,157,153,150,143,131,120,106,100,147,89,86,89,81,101,114,134,152,160,156,148,148,154,177,190,194,185,147,130,116,126,136,121,103,105,135,72,164,152,155,147,156,129,146,68,95,89,129,206,78,161,139,110,139,183,70,158,77,101,157,158,178,128,178,166,174,183,187,188,186,175,80,187,50,40,30,27
24,24,20,24,23,114,21,24,24,24,27,34,50,81,112,155,177,176,108,197,191,188,187,178,192,177,174,165,173,185,91,214,167,166,156,145,135,135,127,126,123,117,115,118,122,128,131,133,133,135,141,70,157,153,154,158,161,165,164,143,186,92,91,111,156,182,153,151,135,129,130,139,160,154,157,156,154,153,153,156,158,157,157,162,107,177,196,187,192,193,184,185,187,196,92,207,200,216,198,202,178,174,215,164,209,179,166,184,194,211,167,150,140,125,80,132,70,130,128,127,124,119,109,100,90,84,78,73,70,69,69,74,78,85,90,94,100,111,122,134,87,150,138,142,142,138,133,146,147,200,179,187,164,160,171,211,203,215,219,219,214,203,188,164,156,148,145,149,162,124,111,100,95,91,89,81,160,93,102,114,134,198,152,153,147,187,165,182,189,174,207,103,96,107,118,112,104,113,137,163,196,169,157,165,154,145,136,69,83,97,74,159,162,149,136,136,131,131,148,140,171,125,140,162,85,169,92,178,178,185,188,188,182,216,143,98,57,37,29,22
25,24,25,24,24,10,24,24,24,24,27,34,50,78,119,58,131,214,177,193,194,190,188,182,124,178,182,168,169,180,90,176,170,164,152,142,139,134,147,148,135,118,108,103,103,105,110,117,125,129,178,154,143,153,154,154,166,159,162,152,122,173,88,96,132,141,144,143,129,123,124,138,71,155,148,148,149,153,157,158,157,157,191,167,186,185,103,188,171,166,175,175,196,185,213,202,205,204,209,125,229,186,186,183,181,179,180,184,198,110,197,170,140,127,127,119,190,128,129,129,128,123,112,103,90,80,74,70,67,65,64,51,63,47,79,90,99,113,124,133,144,66,141,204,128,136,128,127,199,167,185,187,170,153,153,165,195,212,219,219,216,223,193,177,83,137,114,133,129,121,113,103,102,95,68,80,159,90,96,104,119,128,151,154,150,146,166,174,179,184,157,131,131,71,129,185,111,128,145,214,173,73,73,76,167,150,136,51,81,95,132,154,150,137,122,117,117,116,132,149,71,131,141,155,159,159,161,161,180,188,189,190,128,163,139,97,57,27,30,28
21,24,24,8,25,24,24,24,24,25,27,27,48,77,107,154,159,208,222,189,194,193,185,222,131,178,102,171,165,217,97,174,170,168,159,148,145,146,157,155,66,116,104,109,111,109,108,102,87,198,127,140,181,153,154,158,91,154,154,151,131,96,48,166,132,178,145,95,123,121,123,102,131,169,166,154,85,163,160,163,158,164,165,176,140,159,105,79,166,205,162,183,88,191,196,203,207,219,208,208,207,206,206,205,203,199,194,196,218,85,153,184,155,127,119,121,127,129,129,129,127,121,125,104,92,79,70,66,64,52,61,53,164,57,72,85,98,113,123,137,162,201,136,131,182,133,127,129,136,165,187,196,198,198,179,189,204,215,220,228,229,125,205,198,193,145,141,130,122,117,112,106,61,182,84,91,80,94,95,98,107,121,139,146,147,153,68,109,172,121,155,159,159,171,154,127,130,137,148,166,166,164,167,215,100,154,66,85,79,104,138,146,136,119,109,108,111,163,136,145,150,155,152,154,157,157,162,209,173,187,190,191,197,172,138,96,55,37,29,22
24,24,22,124,16,24,24,24,24,26,21,27,44,75,106,134,154,168,106,214,193,194,189,187,135,173,175,170,171,159,178,165,170,101,176,182,150,107,158,149,143,147,136,130,141,131,117,112,116,108,133,132,137,143,151,154,153,166,155,155,143,68,99,98,124,143,151,140,118,130,135,147,151,155,157,156,171,174,184,176,196,168,176,172,104,207,153,147,159,148,207,166,180,191,195,202,206,142,204,212,211,213,216,218,232,212,223,200,197,203,212,195,172,201,162,128,121,135,126,126,126,130,61,112,94,78,67,66,62,137,61,61,43,65,72,85,99,101,125,132,132,128,141,140,136,129,133,128,137,204,175,198,212,220,213,212,214,217,220,230,102,232,210,195,172,205,136,195,119,114,109,105,99,79,91,90,94,95,95,95,121,135,117,130,139,140,140,146,71,174,168,170,171,169,156,105,88,145,196,159,162,163,164,161,179,150,109,64,85,118,151,160,124,108,102,104,111,125,140,149,152,151,151,153,154,155,83,171,174,185,189,190,186,171,105,88,55,36,29,27
24,24,24,24,24,24,24,24,25,27,29,17,46,73,103,148,173,171,192,89,203,192,186,181,185,176,170,167,135,140,161,163,166,181,170,162,160,165,160,167,156,147,152,208,164,154,136,114,107,111,74,124,130,142,144,159,166,80,168,161,151,139,50,97,115,143,147,120,193,117,133,91,156,162,159,168,168,178,225,175,172,214,159,152,145,143,142,150,83,155,151,166,160,142,196,209,201,208,232,210,212,213,213,234,217,223,119,219,205,205,129,199,175,214,133,123,124,62,132,126,127,126,132,111,94,77,66,47,63,61,58,55,54,59,66,80,87,189,120,133,136,137,137,137,127,129,74,127,137,146,186,210,218,246,105,233,217,214,216,218,239,217,214,203,188,167,153,129,129,117,108,102,90,93,89,90,93,88,170,94,95,94,102,172,112,125,130,173,150,171,174,175,173,164,150,144,147,154,161,162,162,162,164,169,168,144,102,172,107,145,132,55,122,101,98,103,114,130,145,152,153,150,150,152,153,166,172,164,174,184,188,189,185,168,137,91,30,33,29,22
24,24,19,23,20,24,24,24,24,22,20,129,44,71,100,131,150,168,180,190,195,239,180,180,110,171,173,82,171,159,159,162,150,132,169,166,165,163,163,121,162,134,161,189,181,144,126,134,118,109,107,115,170,141,186,159,159,156,157,160,156,136,113,93,104,110,141,171,117,116,201,167,95,181,216,167,175,175,176,174,165,150,139,135,133,137,140,146,146,160,177,188,189,208,184,142,229,207,211,210,229,208,231,213,220,220,218,217,217,205,215,197,210,167,143,128,109,121,124,128,129,137,65,119,96,148,62,60,59,57,53,53,52,54,61,74,92,111,125,131,132,133,139,140,210,128,93,99,134,150,177,200,221,227,252,236,220,213,213,217,227,129,218,226,195,176,159,146,137,126,117,96,145,184,85,91,93,96,84,97,98,100,97,51,103,105,112,113,136,111,163,178,174,160,144,142,151,163,167,165,164,164,165,168,162,140,55,86,89,186,132,126,104,96,97,103,115,132,147,154,153,152,150,152,153,152,153,163,186,88,195,187,182,165,126,76,184,51,29,29
24,24,25,24,25,24,23,23,24,24,27,32,45,70,98,126,148,166,172,194,150,82,195,179,185,170,167,178,158,158,161,89,172,169,169,190,168,166,165,160,213,174,177,170,169,173,176,163,141,115,107,96,117,137,181,150,150,150,143,158,151,146,118,99,104,80,129,117,109,118,143,172,103,194,214,210,169,168,101,157,138,126,113,196,117,130,138,138,171,136,167,173,182,143,209,214,222,139,208,220,97,223,211,214,217,219,216,174,110,197,194,191,183,168,143,121,175,119,121,126,130,133,128,109,99,68,64,55,56,52,53,52,52,53,46,166,84,117,123,141,131,127,95,63,123,119,116,190,118,142,169,197,218,229,219,165,218,145,213,214,217,241,223,212,205,185,168,150,138,128,111,192,101,89,100,95,94,92,123,116,96,97,97,101,93,95,98,153,120,140,159,211,175,158,142,139,151,167,170,169,167,165,167,168,156,128,95,44,106,57,137,113,96,80,184,94,114,131,144,151,152,150,151,154,145,152,153,164,175,200,185,186,180,159,121,79,45,31,71,61
24,24,24,24,24,21,23,23,23,24,27,84,66,70,96,124,145,170,237,87,202,185,185,178,174,170,172,165,158,158,148,213,157,164,164,165,167,167,165,165,158,170,170,168,167,174,184,181,161,132,102,198,72,127,181,139,141,138,198,150,208,153,133,99,99,105,110,107,105,115,142,170,183,186,175,168,154,144,145,121,109,110,112,102,119,125,159,151,146,204,165,186,89,203,90,217,95,230,232,216,97,220,210,212,215,215,211,203,189,219,170,171,168,153,134,119,112,109,207,143,132,133,127,178,95,80,60,52,29,50,49,50,54,73,87,55,96,58,135,64,133,129,90,124,123,121,117,117,120,129,150,179,209,225,229,241,221,228,214,214,217,220,220,225,223,97,171,202,134,127,119,112,108,102,99,96,97,42,197,105,93,99,82,96,94,91,91,95,103,122,146,163,170,153,136,135,149,169,180,173,170,169,169,167,159,64,78,71,96,125,115,102,90,89,76,100,113,129,141,152,148,147,150,154,130,155,154,167,180,184,186,184,178,154,116,74,42,31,21,24
24,24,24,26,4,26,23,23,23,24,27,25,42,68,93,124,79,169,101,195,202,120,133,173,201,169,128,146,159,151,205,152,166,166,165,165,165,165,165,161,163,174,166,168,86,178,180,178,175,148,130,55,122,119,129,134,138,143,149,157,155,162,145,182,95,96,106,111,115,132,155,197,187,176,158,141,129,118,112,115,139,107,103,192,110,122,126,134,121,131,168,174,177,182,191,201,204,142,207,207,225,159,190,211,213,213,207,194,179,148,156,153,150,142,138,116,110,112,108,124,129,139,128,120,103,81,60,50,46,45,46,48,49,49,53,69,88,108,123,136,164,128,129,120,119,121,72,118,118,122,137,161,195,218,229,143,224,217,215,214,215,217,219,214,205,205,171,156,139,136,156,111,105,100,98,95,98,102,74,87,79,66,179,96,36,97,90,90,96,107,128,151,156,143,128,131,149,160,150,176,173,171,171,169,151,129,86,77,96,60,111,96,87,84,86,99,109,127,140,105,139,139,148,152,165,165,175,168,192,185,194,184,177,154,115,73,44,31,27,28
20,134,12,10,153,13,24,24,24,25,28,31,41,63,89,117,148,159,189,190,141,106,200,176,164,166,163,159,158,158,157,203,147,140,80,170,176,163,165,188,170,99,81,166,172,169,173,222,190,156,126,191,101,112,119,127,135,141,153,77,210,157,152,133,184,92,109,133,143,155,220,64,162,154,131,114,106,101,104,37,163,103,104,102,113,119,129,134,134,151,159,159,175,180,190,200,207,220,210,216,114,226,211,210,212,213,208,196,172,210,147,150,150,152,123,137,118,112,115,120,129,74,135,125,107,85,62,49,43,41,41,43,44,42,53,69,90,110,126,129,128,121,115,112,113,112,122,117,121,124,131,149,181,209,225,143,226,219,215,215,214,214,213,209,201,185,177,75,146,131,124,56,113,89,101,98,77,89,83,93,90,89,90,82,189,85,92,144,92,100,116,141,73,140,122,129,146,162,235,168,174,175,196,171,148,115,84,77,88,105,96,91,82,80,82,59,107,124,122,141,126,188,142,145,148,151,160,166,106,182,136,187,179,157,120,81,48,33,27,27
24,7,22,21,24,24,24,24,24,25,28,31,39,58,83,112,136,156,173,178,147,240,178,175,176,79,172,158,156,155,156,151,162,165,174,167,75,171,76,164,150,153,162,147,153,138,137,166,162,153,140,110,110,106,110,118,126,134,115,138,149,158,162,94,112,104,110,99,163,180,176,174,142,131,111,99,83,93,79,189,88,99,153,110,147,63,93,99,205,150,76,196,157,175,187,199,205,210,211,219,116,219,229,209,212,213,213,202,177,211,150,153,158,162,153,158,129,118,115,117,124,129,130,126,110,88,63,48,41,39,39,40,41,49,11,105,123,113,123,129,125,117,117,55,123,109,106,113,120,124,129,140,165,193,216,235,236,218,217,215,215,214,212,206,199,186,175,161,151,139,127,125,99,188,92,101,101,44,175,93,92,89,89,89,91,93,90,81,90,96,108,124,143,124,120,131,149,167,177,174,183,180,223,170,147,98,84,77,115,116,93,87,88,80,80,87,99,108,191,109,193,114,196,123,138,148,195,224,176,187,188,187,183,166,134,96,59,38,29,27
26,25,25,24,24,24,24,24,24,25,28,31,29,152,75,107,131,152,171,183,190,182,181,173,167,179,160,155,153,152,152,147,192,116,153,154,157,187,170,187,204,188,137,145,146,150,154,155,156,154,148,130,78,107,113,115,120,128,138,145,152,162,168,161,134,110,107,132,162,208,90,159,194,84,85,90,167,83,92,94,95,96,99,103,146,121,102,104,103,106,125,124,140,159,179,193,202,205,207,210,212,213,211,214,213,215,210,202,183,157,157,162,169,170,170,74,142,119,114,116,120,126,129,126,112,92,69,115,38,35,35,36,30,146,62,44,92,112,121,126,128,58,114,116,42,101,141,124,119,126,130,135,149,169,196,213,217,220,219,216,216,216,216,212,206,196,197,86,173,152,137,119,108,102,100,101,99,104,94,93,92,94,49,96,47,93,90,90,89,92,100,116,123,118,117,132,150,168,102,170,128,180,177,169,102,181,66,73,116,113,82,80,31,85,82,86,91,68,99,105,109,113,104,125,136,150,167,95,207,188,190,189,186,175,149,114,75,47,32,30
25,24,24,23,24,24,24,24,3,29,7,34,39,38,75,103,126,150,167,182,187,185,179,171,118,158,155,157,153,152,151,151,143,156,150,151,152,153,154,155,155,141,203,135,142,145,147,152,92,160,153,143,131,112,52,99,117,124,135,145,153,161,153,130,146,113,103,117,148,161,172,108,103,98,92,89,90,92,95,95,94,95,97,101,104,105,92,102,105,106,107,111,123,138,181,183,193,197,198,201,207,220,235,213,215,214,229,196,178,161,161,169,177,175,164,148,132,119,113,114,105,121,124,124,116,98,71,40,38,35,35,36,42,34,64,83,101,115,122,123,119,121,105,103,67,101,102,106,115,127,119,116,141,150,172,194,210,218,219,225,237,217,221,217,212,201,186,186,159,146,132,119,163,103,100,100,98,96,94,93,92,88,95,77,187,81,91,92,90,92,99,102,97,111,120,71,152,166,171,174,177,178,176,160,132,93,68,74,48,92,93,79,175,77,84,86,89,92,95,102,110,128,129,138,147,156,164,177,185,190,197,189,188,181,161,131,91,60,37,31
24,24,23,22,24,25,23,11,156,0,154,15,16,51,54,105,120,143,160,191,181,184,179,170,207,163,198,156,153,153,148,147,147,148,148,147,145,147,152,149,208,151,74,155,145,148,151,152,163,155,159,154,139,120,110,105,110,118,131,141,151,87,176,176,155,123,103,103,125,146,142,125,107,54,87,84,77,179,87,93,91,93,89,101,104,97,165,96,82,88,102,107,128,173,76,187,191,194,193,193,199,160,191,215,215,215,212,197,176,164,166,174,134,177,164,149,135,123,102,102,169,94,123,135,120,105,78,55,41,35,27,131,38,52,67,87,103,117,123,122,118,111,103,99,100,95,97,87,112,111,140,144,139,141,152,175,198,210,234,224,101,232,220,220,216,207,189,165,145,129,118,110,67,103,100,98,95,95,93,99,91,91,90,92,77,94,92,92,92,95,100,135,197,97,111,141,149,162,179,83,182,175,169,151,92,79,67,73,73,83,91,88,88,88,88,87,88,63,93,105,126,87,150,154,156,158,163,174,184,178,137,187,187,183,171,145,107,72,45,35
19,17,24,25,20,22,23,23,20,113,25,20,152,19,156,50,117,137,166,85,210,184,180,174,169,162,198,153,152,140,148,147,147,141,204,139,141,144,147,154,145,159,168,151,152,153,154,153,152,154,156,212,148,133,111,100,103,114,126,136,147,165,162,167,166,152,52,98,103,123,121,206,107,89,81,65,83,69,89,47,88,91,120,97,99,95,85,85,90,92,96,100,110,124,146,168,186,211,194,192,194,201,206,209,212,215,215,212,205,178,177,178,132,173,156,146,137,56,183,107,114,119,124,78,130,168,90,64,47,39,36,16,38,44,61,86,110,114,117,122,119,112,110,51,100,93,88,180,91,182,122,137,136,136,143,157,223,209,94,236,217,218,220,220,219,208,189,167,147,130,117,110,107,107,104,100,97,95,95,52,97,92,85,75,95,96,97,100,48,102,103,107,110,62,113,133,148,156,159,169,173,169,166,137,117,82,56,70,99,97,95,95,94,93,91,88,83,87,89,106,128,141,149,153,156,159,163,172,182,188,184,222,181,183,174,152,89,166,38,20
57,67,24,24,25,24,23,23,23,10,25,24,32,45,66,39,93,132,149,169,181,179,191,176,170,163,192,150,195,200,142,147,147,148,138,149,149,149,151,153,154,121,141,165,153,153,154,141,148,149,91,208,159,147,75,107,138,124,124,134,144,150,167,188,166,189,121,89,89,104,112,89,90,48,66,166,72,77,76,83,78,82,91,91,91,88,127,99,68,85,89,94,103,113,128,146,166,143,187,226,194,197,200,201,227,213,224,218,212,197,184,176,171,162,178,143,134,127,111,112,114,118,122,125,125,80,103,131,53,33,34,36,40,50,63,84,56,129,152,124,121,114,108,108,96,96,97,101,106,115,124,127,131,127,134,148,163,188,201,151,202,216,220,220,214,199,180,164,151,133,91,115,116,110,107,104,99,97,82,90,90,77,92,93,101,102,51,104,104,97,103,104,97,103,107,132,147,153,147,201,113,170,160,205,101,83,67,82,56,97,83,80,95,96,92,85,84,144,94,108,120,129,133,141,150,157,175,170,178,183,184,177,183,180,172,150,119,62,41,132
21,134,9,15,24,24,24,24,23,22,24,27,22,41,58,82,104,115,116,165,174,217,120,176,170,167,158,162,150,155,153,147,158,146,148,153,154,154,151,149,151,151,162,92,162,154,147,202,143,152,189,151,161,148,139,114,100,107,118,129,140,147,155,162,166,149,125,92,78,86,96,94,82,78,73,76,78,80,81,82,84,85,87,98,90,90,68,63,155,164,77,55,105,108,117,129,135,174,182,115,192,193,191,207,194,206,217,222,216,200,181,167,156,147,138,135,74,119,114,113,115,119,135,159,134,136,105,50,168,26,34,34,37,44,60,81,99,113,122,127,123,113,75,101,100,101,104,108,113,120,143,151,123,119,122,126,152,173,188,200,209,214,217,214,202,180,163,149,142,133,135,56,84,111,108,106,102,78,171,90,83,244,74,61,50,99,108,100,100,101,104,102,94,90,105,134,153,149,123,181,191,170,161,135,101,41,72,79,97,93,89,169,88,99,89,85,80,30,96,107,112,113,119,153,160,156,86,175,174,180,180,180,177,180,171,147,108,70,41,31
25,0,49,79,24,24,24,24,23,13,24,6,29,39,56,78,100,124,146,158,172,181,182,177,169,168,165,164,177,170,154,159,74,148,145,147,150,149,145,144,145,173,159,175,136,137,125,147,147,147,151,153,161,148,131,193,77,96,106,119,135,144,150,157,165,161,137,102,78,74,82,84,78,74,65,167,77,99,115,91,92,93,73,51,104,98,90,89,111,87,81,91,94,93,113,115,199,142,164,177,185,187,194,102,197,208,216,219,210,191,174,161,146,143,138,131,125,118,109,183,106,117,121,127,124,92,109,141,36,39,31,31,34,43,57,71,87,117,126,128,127,56,116,86,104,107,112,116,120,124,127,126,123,118,118,166,140,159,177,189,201,209,210,199,180,156,144,133,134,61,120,122,110,108,103,99,92,180,86,92,89,77,90,94,89,94,101,152,102,114,113,109,98,94,109,142,163,172,181,93,172,165,153,126,92,71,72,88,57,96,92,72,174,71,93,88,85,91,94,100,104,111,121,134,146,167,176,167,176,182,181,181,203,178,167,141,98,64,37,24
21,134,13,8,25,24,24,22,24,91,28,127,8,35,154,61,93,116,136,153,168,177,180,178,197,174,168,165,158,155,151,197,138,141,140,141,141,140,140,141,143,149,154,148,156,157,155,147,148,138,151,150,101,142,138,113,107,183,122,133,126,140,148,156,164,163,145,114,85,68,71,76,77,79,47,59,69,79,152,85,94,95,73,99,108,52,147,24,75,63,73,74,80,157,99,115,128,137,150,199,182,182,182,188,98,212,229,212,202,201,173,163,188,151,91,142,77,122,113,99,131,138,116,119,125,123,110,64,58,38,31,30,34,43,58,82,105,121,129,127,118,120,95,187,88,108,116,119,122,111,141,154,120,120,127,161,147,149,166,179,190,196,189,182,148,129,121,117,113,128,149,108,103,98,91,87,86,88,89,89,88,89,104,128,96,137,95,91,103,77,117,114,103,105,113,141,163,170,179,79,173,156,149,121,93,74,76,88,96,95,95,99,88,102,105,137,86,85,89,95,101,118,127,145,153,157,172,167,177,182,181,178,122,173,162,132,133,76,37,29
25,25,24,125,16,24,24,24,24,24,24,18,150,23,32,68,86,107,128,148,169,174,178,180,177,174,169,166,158,153,150,139,141,188,137,134,136,131,131,135,142,154,155,154,154,153,151,147,140,204,141,144,140,138,133,124,111,90,42,92,118,135,149,157,163,165,153,127,93,61,170,60,77,78,82,79,81,82,86,89,91,91,72,98,103,115,97,103,89,81,73,70,87,119,89,104,118,134,142,42,164,174,177,180,197,226,112,216,210,86,179,158,104,142,150,137,137,119,112,107,103,103,111,116,122,122,109,85,60,39,32,31,34,45,61,84,104,125,128,138,119,111,105,102,146,117,115,116,117,253,99,65,110,119,106,138,62,147,153,167,176,178,162,74,121,105,61,109,106,103,97,100,95,87,82,79,78,81,84,86,89,89,87,82,85,80,93,98,84,52,100,111,106,57,110,140,162,171,169,167,103,215,141,115,41,69,77,88,95,95,95,99,105,104,96,83,83,83,72,94,104,72,136,85,159,164,86,221,175,182,181,178,186,175,158,131,85,59,38,31
27,26,27,27,24,24,24,24,24,24,25,26,27,33,43,61,77,101,121,135,116,169,176,180,175,176,172,167,178,167,149,150,211,160,148,136,136,123,117,125,138,116,143,155,165,151,149,147,144,142,139,134,130,126,125,118,113,96,99,97,112,129,147,92,164,161,153,132,102,76,50,74,79,80,77,68,66,75,68,86,75,85,91,100,144,114,109,106,101,94,84,78,70,67,81,94,108,84,129,145,148,160,170,178,183,187,208,188,200,176,162,149,156,68,109,126,125,117,109,106,106,106,108,115,121,119,105,81,54,112,32,33,37,45,64,112,139,126,128,63,124,112,107,105,105,109,114,122,68,105,115,106,188,102,193,74,131,134,144,153,161,154,200,110,101,95,105,102,106,102,99,94,89,83,82,81,80,82,86,87,89,89,89,87,83,84,88,84,183,91,102,97,95,94,106,135,160,168,163,166,178,164,142,110,48,69,75,85,95,95,95,98,100,99,92,85,82,75,183,89,106,114,125,150,151,138,136,153,176,180,181,173,180,166,159,132,90,64,44,33
28,28,26,25,24,23,23,11,155,10,24,26,27,32,39,56,73,95,69,139,150,163,181,176,207,176,174,160,161,154,154,86,148,153,151,156,141,167,124,125,141,151,156,160,82,161,149,145,139,140,134,128,116,194,101,109,61,93,88,91,103,116,134,155,152,158,153,140,114,87,72,71,76,81,80,78,67,190,118,80,150,76,75,44,94,90,112,111,108,105,99,94,85,79,86,95,107,117,138,132,141,152,166,175,180,182,180,219,103,161,143,139,135,146,137,130,122,115,106,103,106,112,57,118,117,113,99,76,55,90,48,34,34,37,56,86,108,119,178,114,113,119,107,107,109,111,116,117,117,116,115,115,115,116,117,124,129,134,138,143,160,147,133,110,100,98,175,90,83,102,99,95,92,91,88,88,88,87,86,76,171,83,88,85,82,82,84,64,89,96,96,135,107,89,99,110,128,172,182,177,164,158,138,105,130,80,65,86,76,80,91,92,92,88,84,82,86,145,98,106,110,113,118,130,198,146,150,215,188,177,186,123,180,218,150,200,143,88,44,31
26,21,25,24,24,23,23,25,3,26,24,21,26,28,36,54,69,90,115,128,143,157,112,188,184,90,110,214,157,157,152,151,135,116,148,187,143,135,141,175,152,162,148,200,153,145,152,156,168,139,132,120,80,94,103,100,94,87,81,81,89,104,131,165,147,154,155,147,126,97,77,71,76,85,85,82,82,62,74,78,52,78,138,87,86,184,98,109,131,115,179,110,66,138,106,109,112,126,62,143,141,151,163,187,189,179,178,158,122,203,180,120,131,130,128,124,118,114,136,126,106,106,118,112,114,110,95,73,53,42,25,36,15,43,54,77,98,119,117,113,115,56,163,110,157,119,114,116,115,122,130,137,120,111,116,171,130,139,143,153,70,119,117,101,103,90,78,107,106,105,102,98,60,96,86,90,77,87,80,171,61,50,76,85,81,80,82,89,88,62,98,104,51,93,94,124,144,166,178,77,176,148,85,96,77,66,158,45,94,90,90,89,86,82,79,81,87,87,103,113,105,139,121,121,125,140,134,204,154,172,175,192,175,175,165,137,70,49,56,35
24,24,24,24,23,24,24,23,23,23,23,24,26,31,40,34,66,77,85,114,99,153,175,80,186,190,184,169,163,158,155,153,151,150,149,158,70,152,143,145,150,88,166,145,147,200,145,146,142,136,130,120,113,107,91,96,91,85,77,75,80,93,109,124,144,154,157,151,135,107,83,70,74,55,76,83,65,78,76,77,78,80,82,88,94,100,106,107,128,122,93,61,117,106,91,105,111,118,127,135,145,183,89,185,178,179,175,169,160,142,126,198,121,124,122,119,115,111,107,108,93,106,107,110,111,102,94,71,53,31,35,27,153,24,37,166,89,69,105,114,109,108,101,112,67,110,106,187,106,61,114,111,56,112,111,117,130,140,147,147,144,135,110,242,103,108,110,100,113,107,106,107,157,96,140,92,141,76,85,73,110,114,159,152,68,59,79,83,88,94,103,86,100,88,91,112,190,144,129,165,103,147,125,88,55,70,80,78,90,90,92,90,88,82,80,80,85,93,98,62,92,88,93,111,133,130,135,133,162,162,168,171,175,176,168,150,121,93,56,21
24,24,24,23,23,24,20,23,23,23,23,24,26,28,22,153,56,81,101,123,173,148,161,171,176,176,134,152,163,159,158,158,158,156,156,97,161,142,141,141,132,152,73,168,147,147,147,143,140,135,126,118,112,103,156,92,88,83,76,74,44,85,103,124,141,142,209,147,141,118,91,75,59,159,77,82,160,66,76,77,84,44,80,181,80,90,167,104,88,92,104,104,184,94,189,102,110,105,194,126,150,162,186,175,179,178,174,164,151,138,131,128,124,121,110,118,68,108,104,93,179,56,107,105,113,143,86,66,49,102,50,39,38,40,46,44,69,184,103,109,107,107,112,108,100,109,111,99,115,111,110,107,96,83,105,77,121,130,139,140,138,128,121,104,122,63,114,180,84,110,110,109,111,49,159,90,85,177,75,89,80,153,166,51,79,77,77,81,88,97,107,117,107,94,50,111,138,159,165,162,156,140,110,83,69,74,75,175,79,89,90,89,85,83,81,80,82,83,84,82,83,52,89,106,62,133,134,133,132,150,116,162,166,171,175,76,132,89,50,136
24,24,24,24,24,24,25,23,23,23,23,23,20,26,33,43,56,72,88,113,162,140,153,164,170,172,177,172,165,161,158,157,158,158,156,147,148,146,145,140,206,142,155,83,150,146,145,143,139,132,128,107,114,106,98,90,88,83,75,73,42,160,89,118,145,179,144,153,144,128,104,48,67,68,78,46,80,77,77,77,79,88,84,68,88,91,89,94,115,114,112,67,106,116,112,88,116,156,115,171,165,176,180,184,94,209,203,163,148,134,131,60,124,116,167,110,115,104,100,100,100,95,99,98,96,89,75,59,46,40,41,41,41,41,42,53,71,76,103,105,103,102,72,102,163,106,109,111,113,111,110,107,105,104,112,69,114,163,127,128,126,120,115,113,119,137,128,123,128,104,118,118,116,121,97,101,96,76,89,48,85,66,76,147,71,76,77,78,82,97,41,122,108,76,80,103,133,156,96,165,152,133,103,79,73,79,86,89,89,89,85,83,82,81,79,80,61,79,77,79,82,85,92,102,120,69,130,202,142,159,163,155,158,163,161,161,119,88,33,21
24,24,24,24,24,24,24,24,23,24,15,124,10,134,17,40,51,64,79,94,105,129,179,159,107,170,171,163,168,163,156,154,156,155,153,190,147,149,150,153,153,153,151,152,150,145,143,130,108,132,120,195,109,107,91,89,87,68,79,71,74,60,88,102,129,144,138,150,147,134,111,85,69,67,73,81,83,80,77,77,77,77,80,81,63,85,92,183,129,137,125,125,126,127,133,90,134,166,141,160,170,178,179,177,190,173,169,159,143,125,119,121,109,114,114,111,107,104,100,100,96,171,89,96,102,106,72,54,41,36,38,41,41,41,41,49,61,78,90,95,95,95,98,100,205,112,116,111,113,111,111,107,105,109,53,111,108,102,112,115,116,115,117,144,146,130,130,129,69,201,121,133,139,140,137,127,114,101,93,87,81,79,95,120,77,77,77,77,77,76,186,164,107,93,92,104,136,156,167,159,150,127,97,81,73,88,93,91,88,86,82,79,79,78,77,66,177,68,79,81,86,91,98,106,112,132,133,144,162,77,167,159,160,161,156,143,113,64,44,131
24,24,24,24,23,114,21,24,24,22,26,9,26,7,29,26,46,59,71,86,102,118,92,140,171,166,167,212,160,172,96,178,156,154,153,150,148,148,149,149,149,149,148,122,129,146,143,139,138,129,125,122,116,108,145,98,78,173,67,75,71,71,93,133,116,127,204,141,148,142,123,87,69,157,73,73,59,173,74,42,80,77,77,81,86,89,96,107,115,128,138,191,151,142,143,153,150,152,160,109,176,175,173,175,174,167,162,137,103,116,70,108,124,109,111,111,107,105,101,100,99,98,83,101,48,87,68,50,38,34,36,39,30,143,25,52,36,70,77,81,83,86,90,95,88,106,67,112,112,111,108,106,104,104,106,106,107,111,53,114,109,112,115,120,125,130,129,125,129,136,146,153,162,165,164,159,148,134,116,103,87,163,74,82,79,77,78,77,76,81,98,103,110,81,38,109,134,155,201,156,147,119,94,83,136,105,133,106,74,74,79,77,78,82,79,79,78,78,79,82,86,94,101,109,117,125,134,143,149,169,158,161,162,176,153,135,97,170,34,32
24,24,24,24,24,10,24,24,24,13,27,27,26,26,26,32,40,53,63,78,93,111,169,205,149,164,169,169,166,176,166,159,144,120,153,150,147,147,146,187,146,146,157,119,127,143,140,135,128,63,126,117,113,108,100,92,78,157,51,63,64,58,70,82,103,123,136,100,160,143,123,165,84,63,45,83,165,48,61,83,78,62,81,82,87,102,105,117,133,143,153,160,82,162,154,156,163,170,173,176,172,168,163,133,138,155,155,135,131,56,106,100,103,106,109,110,108,107,106,103,100,89,180,89,106,106,63,46,34,33,36,39,43,31,55,55,63,64,66,67,57,70,74,83,38,94,104,109,114,112,108,62,108,104,106,108,109,107,113,106,101,104,108,117,121,120,106,127,75,149,158,170,173,172,172,175,176,171,156,136,100,69,92,86,81,79,77,78,75,78,88,98,96,82,80,101,129,150,158,155,139,114,142,85,95,100,93,89,88,84,78,79,75,69,68,82,77,77,77,80,86,94,105,66,120,130,137,144,150,154,157,159,170,76,159,129,81,61,38,28
24,24,24,24,24,21,24,24,21,115,27,22,27,21,27,31,37,48,58,72,90,102,114,135,139,211,163,170,173,82,215,157,159,159,150,148,147,147,147,149,144,147,71,153,144,138,135,126,173,127,118,117,113,107,98,91,79,159,102,101,71,56,167,55,184,105,137,196,82,151,129,106,86,73,78,75,63,76,77,77,69,179,130,90,87,56,77,130,148,79,171,166,164,201,154,157,165,172,177,176,171,161,156,170,162,131,74,124,110,97,100,100,101,106,107,110,109,107,106,105,102,96,181,91,85,69,57,41,34,35,27,44,48,52,56,60,60,60,59,57,133,53,57,62,75,87,100,106,90,94,106,113,105,106,110,113,114,110,104,62,92,95,105,114,128,69,133,131,172,144,153,161,162,160,160,163,167,172,170,158,138,115,99,93,83,80,77,76,75,75,79,73,70,66,73,100,137,147,154,148,129,100,72,81,94,100,98,90,86,83,83,84,88,77,177,71,77,76,77,82,88,90,98,116,108,174,112,147,153,154,154,156,159,157,149,106,225,47,33,27
27,26,24,24,23,23,23,22,20,26,21,27,24,24,26,28,33,43,54,65,43,97,157,128,187,147,167,170,169,166,162,159,155,161,140,116,70,153,161,92,143,141,133,192,135,135,130,135,151,121,126,120,116,110,103,96,89,85,81,78,74,71,66,113,64,102,113,145,70,152,132,111,91,74,69,69,71,73,75,78,82,85,70,180,149,106,128,128,153,172,162,158,152,132,143,145,149,113,169,109,165,155,146,134,121,185,112,108,95,184,86,100,103,106,106,188,98,107,106,106,103,64,35,74,79,66,51,37,34,36,41,47,53,55,57,57,58,32,44,47,23,45,43,48,63,76,94,104,107,108,107,108,108,110,114,117,117,113,103,94,90,137,117,112,117,121,116,194,126,133,137,139,141,141,141,127,141,132,150,155,74,126,99,76,88,81,78,77,76,78,80,118,82,60,82,98,68,159,157,148,115,183,66,81,89,185,79,177,78,89,91,90,89,75,81,71,77,79,82,85,92,134,118,114,123,122,143,153,155,156,160,155,155,162,99,99,26,43,30,27
27,26,24,21,23,23,27,102,25,22,23,25,24,24,24,25,15,156,39,68,124,86,87,119,136,150,182,174,168,166,162,158,155,91,153,150,171,152,68,156,142,139,140,128,137,132,127,124,74,119,89,120,117,115,70,102,96,92,88,86,83,79,70,45,67,61,190,122,146,141,136,95,87,73,65,67,76,74,77,78,83,86,91,79,103,114,126,201,149,157,152,144,132,179,120,127,133,149,147,161,151,144,134,121,114,109,106,105,103,111,138,188,98,108,72,95,107,106,106,103,94,169,84,77,65,30,163,23,33,35,41,29,51,55,56,54,36,155,33,50,103,38,38,27,25,58,80,92,104,109,83,91,108,109,111,115,115,159,105,87,99,58,106,114,117,118,120,123,124,124,122,121,114,198,116,142,115,190,118,128,139,123,113,104,75,83,78,77,75,78,79,74,63,63,34,190,179,151,160,147,121,76,74,81,95,84,78,70,97,97,95,91,84,156,82,128,79,58,80,85,93,102,108,96,122,139,151,155,156,147,113,154,159,66,122,82,52,36,30,29
25,24,24,21,24,22,23,0,156,8,24,21,24,24,24,24,29,12,41,51,62,79,153,112,131,146,153,162,167,165,162,155,165,151,150,156,70,147,143,104,137,84,140,136,129,192,126,123,126,115,115,113,117,110,105,186,88,95,92,90,92,94,81,231,55,80,106,173,143,176,143,123,98,73,65,71,46,81,77,78,80,91,89,104,99,113,186,142,148,153,75,133,121,116,115,117,121,125,128,132,132,125,115,106,102,99,99,100,107,104,71,95,114,109,81,103,107,105,101,96,88,69,75,67,57,49,16,35,30,114,25,133,41,46,46,43,39,36,34,31,24,34,27,36,37,49,30,70,73,77,180,105,106,107,110,111,109,98,98,124,96,107,124,122,125,124,125,137,76,124,114,110,111,104,124,70,127,121,121,122,123,121,105,71,182,77,79,75,74,63,75,67,57,52,73,111,189,148,154,147,151,82,69,76,96,97,98,100,57,97,90,82,79,76,75,74,74,77,76,84,95,104,111,123,70,133,119,155,155,145,154,155,181,127,96,65,37,32,30,30
24,24,24,24,36,91,24,26,3,27,24,24,24,23,25,6,26,31,25,44,56,71,60,105,126,144,174,218,160,165,162,95,86,161,155,153,151,182,145,143,140,148,139,139,140,127,133,126,118,113,102,110,75,106,105,85,132,104,87,87,91,101,91,67,69,72,94,119,137,141,136,119,98,75,69,74,81,81,77,77,84,46,101,51,156,129,95,126,139,137,130,123,116,111,111,114,117,118,122,79,121,114,106,99,54,100,84,99,62,105,113,108,45,112,116,110,107,102,98,89,78,72,83,105,50,32,36,34,36,22,36,36,37,37,36,34,34,30,25,34,34,33,33,34,38,45,51,166,61,172,87,101,107,110,111,101,115,101,98,162,105,117,62,110,113,130,137,64,131,119,115,112,114,118,122,123,124,113,127,125,124,118,123,107,95,87,82,77,72,134,172,41,49,92,102,119,134,146,145,130,98,74,61,71,42,85,165,94,97,85,78,78,71,70,70,70,71,55,82,88,91,113,118,128,137,146,199,143,142,204,87,149,130,109,77,50,35,23,31,30
23,23,23,23,22,14,28,102,24,22,24,24,24,24,12,144,21,28,32,39,51,66,82,101,116,140,156,163,93,168,175,189,146,127,163,168,73,156,154,95,147,143,141,140,139,135,190,120,115,115,166,109,110,107,105,97,85,76,163,80,87,53,93,81,68,66,84,107,126,136,133,120,101,79,71,79,86,85,82,62,82,89,97,106,115,125,135,136,134,124,189,115,114,110,111,112,114,116,117,125,122,72,104,94,98,90,170,91,100,100,112,56,128,119,118,104,115,56,101,85,71,61,59,48,48,44,39,40,42,42,41,39,39,39,38,38,39,40,91,37,30,37,29,37,42,43,143,47,76,70,95,99,107,118,112,172,51,106,97,99,103,114,60,138,125,125,125,134,150,117,117,118,121,124,124,123,113,255,108,124,107,105,59,110,96,91,84,79,76,75,54,64,55,62,90,64,132,138,136,121,96,69,57,63,81,88,80,87,82,77,73,44,73,73,39,65,80,145,94,141,198,108,135,144,142,147,147,144,143,149,183,138,118,90,58,39,30,30,31,30
23,20,23,23,23,23,23,12,24,24,16,124,22,24,26,27,27,27,29,34,126,59,80,99,157,148,156,160,180,177,85,167,167,171,167,170,173,188,159,166,154,148,143,139,137,137,126,141,157,68,117,112,111,110,106,100,96,99,70,82,85,88,91,86,72,68,43,100,119,132,134,124,103,80,42,168,78,87,72,177,64,183,88,107,117,126,130,132,130,129,122,117,111,116,56,114,109,110,111,112,109,91,90,93,90,94,96,99,99,100,103,120,119,124,156,202,88,109,97,85,98,99,58,38,49,43,43,115,50,37,162,33,46,41,151,64,72,157,127,49,107,46,45,45,49,55,48,67,70,42,99,103,109,69,115,109,105,98,95,96,99,106,125,47,107,126,143,126,140,112,116,120,124,126,124,122,97,101,125,66,130,127,117,111,85,92,87,139,78,75,75,61,58,67,90,114,127,130,129,116,67,73,49,60,58,78,80,72,161,72,72,71,71,71,75,143,78,82,100,110,116,128,74,88,148,147,144,141,189,138,139,125,98,67,42,32,28,29,24,32
23,24,23,23,23,23,23,23,24,24,25,8,27,9,27,26,26,26,28,33,31,60,81,99,121,141,149,159,133,140,167,152,165,165,157,119,159,159,159,157,154,147,142,136,136,136,135,128,127,68,118,113,111,110,111,108,78,42,124,110,77,77,97,100,42,68,71,86,108,117,130,122,103,72,162,37,74,82,86,43,85,71,148,100,106,189,175,128,129,126,120,115,110,106,115,104,105,109,105,103,95,164,92,90,90,90,91,96,97,107,145,107,116,122,90,121,100,105,98,84,68,59,51,138,40,47,48,37,49,52,33,53,53,54,38,52,48,51,126,48,55,55,53,53,54,59,64,69,109,115,97,107,111,113,111,106,100,96,94,71,93,137,123,115,108,200,131,120,136,111,115,120,124,126,125,123,127,123,119,125,102,99,120,105,187,87,87,73,81,83,26,68,61,72,92,114,126,129,126,114,107,41,122,170,128,72,77,81,64,77,74,74,71,70,68,47,83,94,106,116,125,135,140,145,147,148,81,149,135,141,130,105,54,51,33,28,26,27,30,33
22,19,23,23,23,23,23,24,24,24,24,25,15,135,25,7,25,24,26,42,106,59,54,98,121,138,196,157,159,168,89,171,163,201,158,160,158,158,157,154,151,145,141,137,136,135,132,128,121,116,168,112,104,110,74,53,100,90,88,85,87,95,100,103,50,69,62,75,98,170,126,121,105,81,64,60,68,70,62,83,78,85,141,100,111,110,113,130,129,127,123,118,109,106,101,90,99,69,96,94,92,76,86,86,87,112,121,94,100,49,96,106,157,115,89,63,127,113,128,103,64,54,52,49,48,50,49,51,53,55,54,55,56,61,58,58,57,54,41,60,60,60,59,58,60,62,66,73,81,92,103,117,60,117,110,104,99,95,94,67,97,97,105,111,113,108,103,105,105,109,118,117,121,134,124,121,178,120,117,115,114,116,118,115,108,99,91,87,83,140,175,57,65,73,92,115,129,120,127,114,98,86,70,49,71,80,77,78,111,102,75,71,63,126,151,131,86,99,110,123,134,140,155,144,143,142,152,141,139,131,112,85,60,39,30,27,26,21,29,30
23,23,23,23,24,10,155,11,25,24,24,24,25,25,12,141,18,21,17,33,37,62,80,100,124,142,153,156,160,159,171,160,161,162,77,160,167,154,157,155,153,149,145,141,136,132,130,126,121,111,130,109,156,107,103,99,93,89,84,81,83,88,96,97,92,56,61,70,94,113,122,120,106,84,65,59,63,72,78,86,129,83,58,101,111,117,181,129,130,133,51,97,106,63,100,145,101,93,91,85,80,79,61,79,80,84,88,90,92,102,98,99,95,107,118,127,116,112,92,60,62,53,30,50,50,52,53,53,55,45,56,61,64,41,63,61,58,56,57,59,61,63,65,46,65,65,70,76,86,97,108,113,125,102,108,102,98,95,93,98,94,100,105,111,111,110,106,96,84,104,86,117,125,60,130,126,114,121,116,113,112,112,104,89,110,103,97,92,91,77,82,60,63,74,91,113,120,195,119,108,94,79,73,73,78,43,82,77,66,163,60,70,71,54,162,133,93,104,115,130,140,149,73,147,138,139,140,139,133,115,91,64,43,33,29,27,26,27,27,29
23,23,23,24,24,26,3,28,23,115,26,24,24,25,24,23,23,66,136,37,52,66,85,104,126,139,195,164,126,136,158,158,156,145,220,153,72,113,153,156,155,152,153,190,133,131,129,128,124,120,109,106,99,104,94,101,91,89,82,79,75,163,83,95,84,142,59,131,80,88,114,116,103,116,90,56,60,68,73,85,123,87,94,100,110,118,126,129,129,126,128,111,106,68,96,160,45,95,85,79,74,64,168,62,76,79,165,83,85,183,92,100,100,103,108,112,127,112,91,169,48,50,47,48,50,55,53,58,65,62,66,69,72,72,59,160,58,60,59,59,59,60,37,172,54,69,48,80,90,102,112,118,116,174,100,99,98,201,98,94,96,101,105,111,111,111,107,121,146,111,114,117,120,122,123,123,123,121,116,121,109,116,111,115,109,105,101,99,82,94,88,81,75,77,91,108,119,132,115,101,85,75,71,75,78,78,77,73,72,54,63,51,170,76,92,152,94,109,134,136,143,150,73,169,152,136,136,122,93,94,53,48,34,29,27,26,26,26,27,28
23,23,23,24,23,113,23,26,26,12,24,24,24,21,24,24,25,24,23,44,58,79,89,109,130,145,150,77,162,155,156,155,151,149,138,147,149,160,154,154,154,155,85,139,136,134,134,129,120,194,108,106,102,48,100,43,167,92,75,82,77,67,88,91,82,70,64,55,182,75,111,113,102,79,62,59,44,73,78,78,75,92,147,109,108,117,126,119,130,126,118,112,105,103,94,92,89,87,82,76,74,74,73,74,81,50,68,97,97,84,105,100,100,100,103,112,45,102,97,80,58,147,34,37,47,36,62,66,39,75,75,79,80,80,79,58,70,65,61,57,50,61,56,63,67,70,80,84,93,179,109,122,117,111,103,97,95,78,95,96,99,102,93,109,114,68,98,107,105,114,116,117,118,119,120,120,120,119,119,62,115,62,111,107,105,106,104,64,186,88,77,86,63,79,85,88,100,57,107,87,77,39,70,70,73,74,71,70,70,76,36,81,81,101,49,96,102,121,63,144,152,140,152,136,135,132,130,121,105,74,54,37,30,28,27,26,26,27,28,30
24,24,24,24,25,12,26,26,26,23,24,24,24,23,23,24,25,30,38,51,68,43,97,112,125,146,174,162,153,154,155,153,150,147,146,146,147,148,149,155,154,98,4,158,137,117,99,129,124,104,111,103,98,95,91,90,67,80,169,85,81,80,83,85,77,60,64,72,89,104,110,109,102,85,70,83,191,32,51,83,86,92,96,55,114,119,124,195,119,123,118,112,119,135,96,92,89,52,178,68,76,61,71,75,167,82,171,77,97,96,64,101,100,98,98,104,110,111,103,87,69,40,49,46,48,57,37,73,76,60,79,85,87,85,83,79,76,69,65,70,115,61,127,74,68,67,195,105,103,101,117,124,74,146,103,99,96,96,95,95,96,93,181,95,110,62,176,100,110,115,116,117,116,116,115,113,114,115,113,110,105,102,100,100,101,100,108,104,100,88,182,71,175,66,78,79,83,94,83,69,61,66,65,70,72,79,74,76,83,92,110,108,104,98,95,94,113,167,127,185,65,142,134,142,131,128,121,104,80,55,39,31,28,27,26,26,27,28,27,28
25,25,25,26,27,27,27,26,25,14,14,124,22,24,24,24,29,11,37,57,69,82,96,114,183,151,88,153,153,153,153,152,150,140,145,150,140,140,141,104,137,154,155,162,156,134,190,122,121,113,94,104,99,96,92,86,130,91,91,90,85,86,80,79,82,121,64,72,86,160,107,107,101,87,59,62,60,72,79,85,92,99,109,103,158,123,152,110,121,121,117,113,108,101,103,68,97,93,66,81,79,79,81,85,77,99,92,197,130,95,161,49,104,98,72,95,108,111,90,83,76,64,55,51,54,40,70,80,82,89,88,87,88,90,88,87,83,75,67,62,60,61,50,35,71,76,70,94,105,111,134,140,120,103,106,101,98,95,95,95,96,77,92,100,87,89,83,102,106,111,114,114,112,120,150,116,108,108,107,92,102,98,97,96,96,102,49,146,187,86,96,57,88,81,79,79,79,72,66,58,51,64,70,77,85,48,94,96,104,111,111,106,98,165,106,155,120,120,129,121,129,129,135,74,131,121,108,86,50,162,22,27,26,26,26,26,24,27,31,30
26,26,27,27,27,27,26,24,24,91,37,8,24,24,24,24,14,174,91,35,71,83,100,118,135,144,158,150,150,151,151,151,148,191,139,88,136,132,134,130,139,112,141,80,146,145,143,139,134,135,212,115,111,107,100,95,81,48,90,85,84,50,80,73,67,43,65,74,89,91,106,106,101,85,168,59,69,75,82,89,97,104,110,194,110,117,105,122,113,115,116,122,112,111,102,85,48,65,82,82,84,86,87,91,96,102,106,101,92,95,148,93,103,100,103,101,108,113,116,107,94,79,69,65,71,71,74,61,71,93,70,85,85,90,92,91,94,45,65,67,63,62,66,66,70,77,51,82,103,105,106,108,108,107,106,102,100,96,95,95,97,100,98,92,176,89,86,101,104,108,112,113,116,55,110,108,105,102,93,175,86,95,95,95,95,96,96,88,81,96,95,100,92,90,85,78,72,66,64,74,124,74,83,91,72,98,109,114,117,114,107,100,99,95,116,123,127,128,125,130,125,126,127,127,121,109,91,62,39,16,30,26,26,24,25,26,27,28,30,30
22,26,27,27,27,26,24,24,24,24,24,21,24,24,26,6,28,34,39,61,69,83,101,117,133,140,151,74,158,143,201,145,157,169,140,132,198,120,127,163,140,144,143,159,72,207,144,147,145,141,137,131,125,118,111,103,95,95,83,83,83,82,77,72,64,64,69,79,91,99,106,106,101,93,83,66,64,79,86,94,55,108,77,112,114,110,110,55,113,108,131,90,114,109,107,104,97,91,88,87,89,89,91,95,84,102,101,98,95,94,78,187,98,104,101,87,108,114,118,117,107,98,88,87,46,84,83,77,181,46,174,70,82,73,81,92,90,95,158,69,70,67,68,71,77,84,96,98,98,98,98,99,100,92,186,94,82,95,94,95,96,96,95,101,94,92,170,93,105,110,112,113,111,112,112,111,104,99,94,91,99,94,96,96,96,96,96,99,49,76,90,94,93,94,92,90,84,77,76,81,85,91,96,103,117,116,119,119,123,106,119,126,103,115,125,129,129,133,125,91,116,122,124,121,112,93,71,52,38,32,28,26,24,24,24,26,18,150,15,30
27,25,25,24,23,22,24,24,24,23,23,25,20,21,11,142,22,25,46,56,68,83,99,114,127,137,142,157,155,147,137,145,141,137,130,97,113,125,119,121,127,133,137,161,171,136,146,146,152,70,145,135,134,121,112,104,97,90,84,83,83,81,82,75,67,71,74,75,93,99,104,106,101,81,62,85,83,83,89,95,164,104,108,110,109,109,64,101,100,101,99,100,106,106,105,98,101,97,92,88,87,88,89,86,173,85,94,93,90,90,94,100,103,104,94,185,97,114,120,121,115,107,99,95,91,78,181,76,82,79,80,51,81,84,89,115,124,94,88,80,73,75,70,78,67,87,96,95,125,117,95,95,95,98,83,86,183,80,89,89,90,73,81,130,88,89,83,182,99,109,112,98,112,112,112,108,103,96,124,120,54,98,97,97,97,96,95,93,98,91,88,88,92,98,104,107,107,105,103,103,95,104,106,107,82,108,115,115,58,98,90,95,102,97,130,130,127,89,126,114,122,121,119,110,98,77,42,42,33,30,27,26,21,24,24,24,27,7,30,30
26,24,24,24,24,24,24,24,24,24,24,24,25,24,24,24,25,30,35,57,65,79,95,108,123,133,109,137,80,145,140,187,193,190,61,130,117,77,107,112,118,126,133,135,129,144,143,142,140,150,135,130,87,120,77,181,84,87,82,82,81,83,42,49,71,49,78,116,92,98,102,105,102,96,176,68,72,88,92,96,101,104,75,106,100,186,102,94,171,100,63,104,106,106,113,148,106,103,97,82,179,76,89,89,90,90,90,88,86,87,89,95,99,101,105,53,114,114,118,118,115,116,102,97,92,92,29,62,74,73,74,79,68,163,80,89,92,93,88,81,75,37,72,78,63,92,94,94,89,91,94,95,95,95,95,94,91,89,89,89,88,92,92,77,87,93,93,84,112,106,156,189,103,109,158,105,102,97,93,94,96,96,96,96,96,95,95,91,93,81,83,55,95,103,114,132,125,124,118,110,155,187,95,102,103,103,101,96,91,89,97,98,191,123,127,129,129,128,124,173,122,120,114,99,81,57,145,25,30,27,26,26,24,24,24,24,24,26,27,29
26,24,24,24,36,91,24,22,24,24,24,24,24,24,24,24,25,24,40,29,136,71,88,103,116,123,191,139,117,123,141,126,190,124,143,125,118,110,104,102,102,109,117,125,193,135,80,146,141,139,137,133,129,125,123,99,104,96,91,86,83,79,75,62,172,63,75,84,88,97,100,103,103,100,96,90,169,73,97,99,92,104,103,106,107,91,81,93,87,103,64,107,108,108,107,109,111,109,104,89,78,93,93,94,94,91,75,86,82,82,84,88,83,96,103,112,108,113,115,114,122,63,108,97,90,84,83,76,70,122,79,70,79,51,72,86,92,78,95,43,75,63,65,71,81,82,160,88,92,92,94,55,98,95,95,94,92,91,89,87,86,85,85,84,89,50,95,101,63,105,72,111,111,112,141,114,102,100,83,85,95,92,90,162,87,94,93,100,46,137,92,92,94,102,117,67,139,120,114,107,162,82,88,94,94,92,85,82,82,88,101,120,51,129,125,125,125,126,124,124,121,115,103,85,67,49,38,31,27,27,26,26,26,25,24,24,24,26,27,28
24,24,24,6,22,12,24,22,24,24,24,22,23,24,24,24,24,28,32,42,43,67,82,98,75,122,122,135,141,142,140,141,128,137,133,129,127,122,114,100,98,95,95,107,117,125,140,137,140,140,139,136,135,132,123,194,111,121,61,107,124,122,63,53,56,47,74,55,79,58,90,101,106,59,101,98,78,171,97,103,162,102,154,106,104,102,100,99,97,96,99,103,107,108,111,113,114,113,107,160,98,98,91,172,96,90,165,71,77,79,82,86,198,91,71,99,99,113,113,116,66,106,100,96,89,82,77,72,68,59,66,67,123,71,80,86,43,179,81,69,73,66,63,67,74,82,77,92,92,92,89,93,87,88,91,91,90,92,86,60,46,75,80,80,46,106,125,99,103,106,110,107,108,107,104,102,100,99,96,94,90,89,104,117,91,97,94,121,95,88,95,97,98,104,98,121,69,118,106,98,84,91,145,92,92,82,70,73,79,91,105,114,131,123,124,123,122,123,122,120,115,104,89,69,55,43,38,10,29,21,26,26,26,26,27,26,26,26,26,26
24,24,22,124,15,24,24,24,24,91,36,24,24,24,24,24,24,27,23,37,47,62,76,93,111,117,126,131,136,137,138,138,136,135,133,131,131,132,129,162,124,91,108,88,95,126,147,134,138,140,140,140,138,136,133,118,139,130,138,132,69,62,184,156,74,149,73,80,79,132,99,133,123,66,56,104,92,185,101,106,163,102,103,101,100,100,100,98,97,96,95,99,102,107,111,114,115,161,113,106,102,100,102,92,103,98,90,81,78,79,82,82,123,183,59,93,173,113,113,114,57,103,96,93,87,81,77,71,68,55,69,65,154,67,80,83,89,81,67,182,114,70,66,37,76,81,91,95,94,90,86,81,80,81,82,84,84,59,78,86,43,159,79,78,50,108,80,103,101,104,105,105,97,102,99,97,95,94,88,86,89,87,86,83,91,62,93,85,98,102,105,108,109,107,183,120,131,103,98,92,89,88,64,89,54,76,115,91,85,96,108,115,120,113,123,122,121,121,106,108,103,89,72,55,44,36,17,150,19,26,26,26,26,27,27,27,24,25,26,26
23,23,24,24,24,24,24,24,24,13,22,24,24,16,18,24,24,24,29,33,42,56,73,86,101,111,125,66,141,136,136,136,136,127,199,128,136,175,134,132,122,208,127,95,89,94,104,118,131,137,148,140,138,134,176,132,79,133,134,133,129,120,108,100,92,87,83,79,80,82,87,88,48,107,103,99,101,104,106,107,97,104,102,87,66,97,96,97,98,54,101,99,104,107,109,112,112,105,111,109,108,63,94,174,103,105,100,92,87,84,83,84,77,74,102,106,108,103,114,109,103,98,94,90,87,84,77,52,66,141,70,75,77,81,70,87,87,84,82,59,69,37,66,70,145,85,93,95,94,90,82,78,74,70,78,71,179,70,77,79,95,84,85,84,90,89,95,100,100,99,94,102,153,102,98,95,94,92,107,111,86,87,71,89,90,90,93,96,99,93,107,108,110,109,106,102,98,92,88,86,89,87,89,79,73,70,73,83,78,91,110,113,115,175,121,157,117,109,191,132,105,73,58,44,35,33,12,28,24,26,26,26,14,20,27,26,25,25,25,25
23,9,145,7,24,21,25,24,24,24,24,24,23,66,55,23,25,20,26,31,38,48,47,77,89,109,112,132,129,133,134,134,132,126,123,133,133,128,133,133,130,129,65,120,103,93,91,96,107,122,83,137,137,136,122,126,124,124,125,123,108,117,113,110,107,108,96,93,84,82,86,91,95,98,99,100,100,102,105,106,97,188,90,171,138,103,95,96,96,103,95,98,109,104,106,107,110,96,191,102,115,108,102,92,107,110,109,104,96,89,85,83,85,90,98,106,142,202,106,109,104,99,94,91,84,63,77,76,71,72,68,152,83,77,171,80,91,90,75,174,48,69,59,73,44,83,163,94,93,87,82,78,87,105,81,83,66,81,81,87,47,96,91,90,91,95,97,97,100,93,145,100,100,100,97,95,93,82,167,69,90,72,174,76,85,87,90,84,94,158,98,98,97,94,90,86,71,84,82,80,64,83,79,74,70,74,82,95,95,110,110,118,111,113,112,162,112,111,105,143,50,66,48,37,33,18,135,15,26,26,26,26,104,30,26,26,16,149,6,24
24,26,26,80,24,10,20,24,24,24,24,17,128,11,23,23,24,25,24,28,32,41,44,174,73,48,114,116,123,128,130,131,130,182,125,128,140,130,130,129,129,129,129,127,120,107,106,45,87,93,104,117,127,131,139,129,123,117,111,100,179,104,109,113,115,77,110,73,91,88,91,97,100,85,89,100,100,100,101,104,112,90,55,183,78,93,95,96,96,96,98,105,53,171,101,107,110,159,96,106,57,70,103,104,108,123,116,111,93,181,81,85,87,92,99,89,167,117,106,121,107,95,180,91,92,86,80,55,76,76,77,68,45,90,90,95,86,179,85,81,77,56,136,81,89,92,83,93,89,84,81,80,84,89,85,83,81,80,83,82,95,88,96,97,54,100,96,97,87,183,90,99,140,185,85,94,90,88,78,171,35,81,79,80,63,81,83,141,86,90,90,82,67,82,79,76,162,75,85,87,85,82,78,76,78,85,95,94,176,105,106,131,107,110,111,102,109,97,95,133,74,51,40,34,31,27,30,6,27,26,29,7,30,29,31,8,30,5,27,24
24,24,24,24,23,113,20,24,24,24,23,16,128,11,23,23,24,24,24,26,29,35,47,40,65,179,65,99,117,122,128,119,131,78,133,136,63,135,129,128,127,123,195,122,128,121,134,103,87,82,70,90,157,118,83,126,179,115,108,101,98,98,101,106,113,117,114,81,48,90,183,88,103,107,103,101,59,101,98,99,65,98,121,94,153,89,92,95,100,101,100,101,104,96,109,110,110,108,107,139,112,110,105,108,119,65,122,115,110,86,96,92,92,95,93,183,152,115,182,62,121,123,98,109,97,82,87,86,80,78,77,74,177,45,95,95,97,79,88,78,48,177,69,84,90,93,100,90,87,47,81,85,76,69,83,73,78,80,87,108,100,169,51,100,99,94,95,96,97,96,95,97,140,76,91,89,75,82,77,75,76,76,76,63,169,45,70,71,74,78,81,121,191,74,86,86,94,88,88,85,83,81,81,84,90,97,101,96,175,103,108,96,108,108,107,107,103,149,84,58,51,40,35,27,26,28,8,150,18,27,13,157,16,30,16,154,13,27,22,25
24,24,23,23,23,23,24,24,24,22,24,24,24,23,23,23,23,24,24,26,27,31,36,41,137,54,81,181,99,116,119,183,121,137,128,129,128,128,126,125,126,126,115,132,130,127,113,117,110,58,130,72,74,94,110,119,113,118,109,102,99,84,104,98,105,111,110,107,109,86,72,96,98,101,99,95,102,93,94,94,94,93,95,88,76,88,90,95,80,87,100,101,96,84,107,107,106,105,104,162,105,106,100,178,111,118,119,116,110,104,98,95,94,96,100,104,111,58,121,118,123,71,112,87,103,159,92,91,86,87,83,77,160,70,79,89,88,87,88,45,88,83,132,184,85,98,59,90,85,82,76,47,79,65,87,126,76,79,85,95,93,93,98,89,89,90,94,94,94,94,93,92,82,86,150,79,119,74,75,73,73,74,74,47,71,69,66,129,72,44,77,55,91,95,97,98,57,92,84,81,85,43,92,92,99,101,104,106,95,107,109,109,109,108,107,104,96,88,71,56,45,11,30,6,29,28,28,28,27,28,27,27,28,28,29,27,27,26,26,27
23,23,21,20,23,23,24,24,24,24,24,24,24,67,56,24,24,24,24,24,27,28,31,36,30,55,72,71,101,108,114,119,122,125,127,128,128,126,125,124,125,125,126,105,110,125,123,122,109,109,96,84,57,81,92,101,108,109,108,107,122,206,53,102,103,107,107,108,50,60,81,83,87,91,92,89,89,91,91,90,88,87,85,83,84,87,90,87,170,93,97,98,103,68,105,161,99,102,104,105,105,105,106,97,109,111,112,107,171,94,157,88,81,91,95,98,103,108,117,122,123,123,117,99,110,104,100,97,93,68,82,85,69,85,85,77,73,85,84,90,85,88,76,80,100,97,94,91,48,78,77,82,76,78,74,74,76,79,83,87,88,88,85,84,85,87,89,91,90,96,89,88,87,85,63,77,122,90,72,71,70,70,70,74,68,57,58,44,74,151,85,93,97,100,101,96,96,90,81,90,132,98,95,100,103,105,107,107,92,98,111,111,110,107,103,100,86,55,61,47,29,180,36,136,23,23,21,28,28,28,28,27,27,27,28,27,22,25,25,26
23,23,22,23,35,90,24,24,24,22,24,79,45,17,19,24,25,22,124,16,25,26,28,30,33,42,46,65,85,97,107,114,118,122,126,83,130,128,125,125,125,122,125,136,125,124,123,121,185,54,118,103,93,86,86,89,95,99,103,105,91,90,55,107,115,106,109,106,100,97,86,82,81,79,79,80,81,83,84,82,82,80,81,87,83,87,90,95,84,96,94,95,89,86,100,95,103,151,100,88,98,98,98,99,101,101,106,98,86,93,78,87,137,87,84,90,76,97,94,106,123,121,128,195,105,107,103,99,96,93,89,87,84,83,83,88,90,81,75,88,89,91,148,102,100,98,92,84,75,74,78,47,75,69,69,72,77,82,84,86,91,82,82,82,82,84,86,86,91,45,88,83,81,79,126,82,70,70,70,70,70,70,71,74,77,76,184,86,93,95,98,94,182,89,95,91,56,49,86,86,85,98,101,104,107,108,110,110,116,63,117,109,106,102,90,65,56,131,54,39,33,24,28,28,27,58,69,26,27,26,27,27,27,28,9,26,24,24,23,23
24,23,23,23,22,13,24,12,23,22,24,14,20,24,24,24,21,25,8,25,24,21,26,19,28,31,42,53,67,82,84,91,113,118,122,132,127,89,128,82,126,151,211,64,126,123,122,122,129,131,118,124,105,98,95,47,97,81,100,100,104,93,112,111,56,116,112,111,107,144,103,128,97,78,76,74,75,75,75,78,62,177,49,142,73,84,86,90,92,91,90,90,95,100,95,79,98,89,92,152,90,90,92,94,94,94,53,90,163,76,80,77,80,40,82,85,97,103,111,117,119,117,111,170,101,163,100,99,103,93,90,89,88,88,88,88,89,91,60,94,95,96,99,100,100,95,88,82,112,102,77,74,69,70,67,72,77,60,84,88,44,84,77,79,82,83,85,84,82,88,80,78,76,74,71,70,68,68,70,70,70,70,65,60,87,135,91,96,98,99,99,97,80,87,84,82,84,88,92,97,100,102,104,106,106,108,110,110,109,117,108,108,101,94,85,63,169,28,39,34,30,31,31,23,27,27,26,26,24,25,26,27,27,24,114,23,25,3,25,23
24,23,23,23,36,91,24,103,29,10,20,25,24,17,21,5,25,24,24,24,10,156,9,24,24,26,83,57,48,62,81,96,105,113,118,121,124,131,126,133,126,127,115,106,108,122,122,122,74,124,125,58,119,109,100,107,53,180,86,89,175,173,47,108,108,112,114,114,112,92,101,90,90,85,85,45,73,68,67,38,65,48,131,52,75,76,80,85,89,89,89,89,89,91,89,69,92,91,89,88,87,87,90,54,86,84,81,79,37,79,52,77,76,77,82,89,97,104,109,115,117,115,110,108,105,91,98,101,48,97,90,89,89,90,89,89,89,92,58,98,96,96,70,98,99,89,83,79,79,78,73,54,55,45,70,73,78,86,80,147,77,77,76,64,68,69,71,45,85,42,78,72,71,70,68,68,67,68,69,41,71,68,71,47,72,52,80,84,86,81,182,55,77,78,79,84,90,95,89,103,104,105,106,106,106,107,107,107,110,108,92,82,93,83,77,59,50,39,35,30,30,30,30,23,143,45,69,26,26,25,16,26,27,20,24,24,16,148,9,24
23,23,23,23,22,13,24,12,0,206,22,24,24,67,42,142,17,23,24,24,26,4,26,24,24,24,14,24,34,44,59,74,92,104,112,116,119,120,121,122,122,131,122,125,124,121,121,120,118,118,124,58,122,122,108,105,100,95,97,101,88,102,101,102,105,105,106,113,54,169,93,98,182,67,172,71,68,60,45,144,46,53,56,60,64,68,75,81,84,87,88,88,88,90,46,87,83,82,83,83,86,53,81,84,78,77,76,73,71,70,75,74,77,82,87,94,100,105,110,113,114,114,110,106,99,94,91,90,91,82,88,89,90,90,89,89,89,93,102,96,96,96,99,92,59,84,79,77,76,78,92,178,158,48,172,65,78,82,81,68,77,49,74,74,73,74,73,81,73,71,73,39,70,66,65,64,64,64,64,71,40,70,68,73,68,143,66,71,56,77,54,195,91,75,168,79,171,71,147,100,106,106,106,106,107,107,107,106,89,69,178,90,85,76,36,50,37,33,19,118,30,30,30,31,10,24,20,26,26,35,90,24,11,155,10,24,16,148,9,24
22,23,25,24,24,24,24,90,160,0,24,79,45,24,24,24,25,4,9,25,25,21,25,24,24,24,24,24,27,31,39,51,86,133,100,108,113,162,119,118,123,74,122,120,121,120,121,120,118,118,117,127,122,57,118,109,141,116,100,101,102,102,101,106,99,99,98,97,106,92,185,93,76,169,54,165,56,52,50,38,86,49,51,55,60,64,70,75,79,82,83,83,82,81,87,80,77,78,81,82,81,86,63,77,74,72,71,69,66,65,68,71,75,80,87,94,102,106,111,112,112,111,109,103,95,83,87,86,87,134,88,158,85,88,88,89,91,95,96,96,95,93,90,88,84,79,68,69,70,39,67,63,63,67,54,77,78,82,79,76,70,75,70,70,70,71,69,70,46,70,68,71,65,64,56,62,63,62,62,63,61,56,65,65,63,52,64,55,172,59,76,67,82,87,77,100,81,185,102,103,105,90,74,103,105,105,105,104,97,178,72,87,73,64,28,39,31,28,28,14,21,30,30,30,31,28,27,26,24,24,24,24,26,3,27,20,26,4,26,26
18,18,20,24,24,24,24,23,23,24,24,7,17,18,142,10,6,146,115,16,25,26,23,25,24,24,24,24,24,24,28,35,45,30,83,95,104,103,112,115,117,117,118,118,118,119,119,120,121,117,109,194,110,115,114,112,110,107,106,105,105,98,55,66,102,90,183,58,93,93,98,98,111,89,83,53,60,55,47,45,119,49,55,58,118,74,69,56,110,101,84,79,79,78,75,60,78,78,78,79,79,72,171,96,95,63,58,62,62,62,63,65,71,76,84,91,138,120,135,129,111,102,172,97,102,136,87,87,88,89,46,75,83,83,85,88,89,92,95,77,91,88,87,83,81,73,111,79,57,144,50,60,63,67,54,77,78,79,77,73,70,67,67,67,69,51,68,47,67,60,50,64,64,64,117,72,61,60,60,62,63,64,64,63,60,50,66,68,72,77,75,161,89,93,95,85,84,99,166,95,92,186,97,101,100,100,136,113,96,91,83,47,61,46,36,30,27,104,29,26,27,27,28,28,28,30,28,26,25,24,24,20,22,24,22,24,24,25,23,10
55,52,149,2,5,26,24,23,23,23,23,78,45,25,6,26,23,23,24,24,24,26,27,25,24,24,79,45,18,142,11,27,33,43,60,64,92,106,54,116,112,115,116,116,116,116,117,106,151,111,170,101,116,116,116,115,113,111,110,109,104,175,103,100,100,106,95,102,103,93,94,95,91,89,83,75,70,37,59,68,116,65,57,72,38,66,62,168,57,77,47,49,80,76,77,78,78,78,78,77,76,73,72,63,62,88,94,58,58,57,51,64,66,71,78,84,66,87,98,102,107,99,170,94,93,87,85,86,87,84,88,120,95,80,81,83,87,88,79,180,80,84,81,77,35,63,59,56,44,136,49,60,64,55,173,67,77,78,77,73,70,68,66,65,53,160,43,164,52,59,60,62,62,60,59,59,59,60,60,61,61,61,61,50,66,70,72,77,80,85,85,163,94,98,97,97,100,100,91,104,101,100,71,99,100,100,93,92,88,79,66,59,39,26,28,27,26,14,25,26,27,27,30,11,31,30,30,29,27,26,10,156,12,24,13,153,12,27,22,129
23,25,1,111,141,14,24,23,23,21,22,25,3,25,23,20,24,24,24,24,24,25,22,24,24,24,15,21,25,5,26,24,27,30,38,126,71,142,108,78,105,111,112,108,109,112,113,114,105,115,106,114,115,116,123,117,117,115,113,112,110,109,120,140,105,75,54,110,51,105,50,99,90,84,81,78,75,79,80,81,74,82,118,41,74,70,70,70,71,74,74,79,72,72,73,82,59,78,76,75,71,68,66,64,61,86,92,53,53,75,155,61,64,68,72,78,84,90,97,100,122,130,100,96,89,85,82,82,82,73,76,69,55,76,76,79,81,85,88,88,85,81,74,66,134,57,57,34,61,60,61,63,65,68,71,76,78,81,80,78,76,72,69,62,160,52,62,61,60,59,60,60,60,60,59,59,53,59,62,64,64,64,62,136,165,135,78,75,87,90,96,86,100,100,104,77,130,101,104,97,42,102,106,87,94,97,91,82,106,87,50,40,55,82,26,24,24,24,23,115,25,27,16,135,25,30,30,30,28,26,28,3,26,24,23,6,29,27,26,24
22,23,23,23,24,23,24,23,23,10,19,13,148,8,23,24,23,25,21,24,24,24,24,24,24,24,24,24,24,24,24,24,24,22,29,37,27,59,81,100,104,108,109,135,128,109,111,111,112,107,84,112,113,116,75,117,116,115,114,114,133,139,110,105,109,108,107,104,108,99,105,95,94,119,110,98,110,91,96,96,92,88,84,75,55,67,70,70,70,70,71,69,68,67,65,22,174,62,72,71,69,65,66,54,52,52,47,53,53,52,50,59,62,64,142,75,80,87,121,117,92,80,181,89,90,85,82,80,79,103,83,57,255,46,73,78,81,85,56,87,80,74,67,62,46,56,56,61,59,61,64,65,68,70,68,59,78,81,83,73,81,83,76,73,57,72,42,68,65,63,62,62,63,63,64,64,109,82,64,64,65,67,70,76,64,75,88,147,81,96,96,99,100,100,99,101,92,90,42,103,100,100,34,182,192,94,75,63,45,35,33,30,28,27,24,24,24,24,24,10,24,25,26,27,27,27,28,28,28,27,27,27,25,25,27,19,126,25,20,24
22,23,23,23,23,23,26,102,23,88,33,23,23,23,23,23,23,20,7,153,14,24,24,24,24,23,23,23,24,4,26,24,24,25,24,28,34,45,59,77,91,101,106,108,108,105,109,57,112,110,114,111,111,111,112,112,112,112,115,62,119,119,60,118,114,112,110,111,62,106,101,100,98,95,91,91,55,84,70,86,84,79,80,40,76,71,69,69,69,69,67,65,64,50,62,49,63,65,67,67,67,65,38,40,56,53,53,53,52,51,44,58,61,64,57,71,77,86,81,87,115,124,80,92,89,86,82,81,74,75,69,68,50,70,73,69,70,84,76,176,64,66,61,57,134,58,59,59,59,61,64,66,69,70,72,78,78,82,84,153,89,54,82,80,78,76,77,71,70,68,68,68,69,68,65,64,63,64,64,68,69,72,77,81,86,89,91,84,185,86,97,98,99,94,176,87,96,96,108,96,218,95,109,89,70,67,56,45,36,29,27,26,26,24,24,24,20,24,25,26,4,27,26,26,27,27,22,27,27,28,28,29,27,26,26,28,9,24,25,24
21,22,22,22,22,22,21,10,21,21,21,21,22,22,22,22,22,22,26,2,11,156,12,24,21,23,22,23,17,141,42,68,24,24,24,22,28,30,39,54,42,87,96,103,106,126,132,113,104,105,105,106,107,107,107,108,97,109,108,123,44,89,120,118,112,112,111,114,55,75,104,103,101,100,97,93,78,87,82,78,75,72,69,74,68,68,67,67,67,67,61,154,48,133,54,59,59,60,62,66,64,63,59,56,53,53,52,50,51,53,53,55,44,60,64,67,72,41,83,83,87,88,88,89,89,86,80,54,71,68,66,65,67,70,73,84,83,81,79,56,68,63,59,59,59,59,105,77,59,60,63,65,67,72,39,78,80,85,89,89,89,87,85,83,82,80,78,92,118,73,57,72,69,68,67,63,63,65,68,74,44,80,82,90,90,92,91,146,95,95,96,96,96,97,83,97,83,98,60,99,148,87,57,68,57,47,38,33,22,25,24,25,24,24,24,24,25,24,20,3,151,9,24,24,24,24,25,24,26,27,29,21,28,26,24,24,24,23,24,23
19,21,21,21,32,88,21,21,21,21,21,21,22,4,2,23,21,21,21,22,25,2,13,156,9,22,21,23,23,23,19,14,25,24,24,25,20,25,28,34,48,57,71,86,93,99,98,98,98,106,143,98,99,101,101,96,166,101,103,102,131,130,105,64,110,108,108,107,105,102,107,65,102,100,99,93,170,81,85,81,75,70,67,65,65,64,55,60,64,64,64,48,62,62,58,135,56,59,61,50,61,61,59,58,55,48,46,50,49,49,50,51,54,55,59,61,64,67,72,76,80,82,83,85,85,84,79,73,48,65,63,65,66,71,76,44,78,75,73,69,65,62,49,58,56,57,40,52,59,59,60,65,48,67,75,73,79,84,88,89,88,85,84,83,82,81,79,75,70,76,75,69,67,64,43,65,31,64,71,72,80,78,83,53,84,65,87,79,86,153,89,91,91,91,91,88,167,98,128,82,63,65,58,32,38,33,28,26,25,24,24,24,22,124,15,24,24,24,24,80,165,9,24,24,23,22,22,24,24,27,28,27,13,21,114,15,124,20,21,21
18,19,19,2,18,8,19,18,19,19,19,10,4,125,135,6,19,20,20,21,19,21,24,1,24,21,21,22,22,22,22,22,19,20,22,22,22,20,23,24,27,33,44,56,68,78,83,84,84,82,144,82,87,87,89,89,88,88,90,91,91,91,92,60,96,65,97,96,94,154,93,98,91,92,79,94,91,88,86,81,76,70,65,62,59,56,103,75,57,58,60,60,55,51,58,44,58,59,60,61,61,46,56,47,48,52,51,48,44,43,29,43,44,46,50,54,60,61,55,35,68,66,74,74,75,74,70,119,172,45,57,57,63,89,84,92,102,67,54,171,52,59,123,56,51,52,48,163,42,55,61,47,164,55,66,70,73,77,79,80,78,78,76,74,78,74,73,70,69,47,64,62,62,35,62,61,70,67,70,53,70,70,72,74,83,127,74,58,78,68,78,78,78,78,78,78,77,71,61,58,50,40,35,32,27,25,23,22,21,21,22,24,24,9,2,24,0,23,21,23,0,23,21,19,21,20,22,23,24,24,24,27,102,20,10,24,5,19,19,18
19,19,17,121,11,19,19,19,19,19,19,75,41,19,19,19,19,19,19,19,19,19,18,20,19,20,20,20,20,20,20,19,18,20,20,20,20,20,20,20,21,22,25,31,29,139,51,60,62,62,52,64,64,65,66,66,66,68,63,150,60,70,68,74,70,66,161,63,69,132,70,72,47,70,162,64,73,73,71,69,65,61,58,55,52,50,47,46,48,50,48,133,62,99,51,51,51,52,54,54,46,138,48,46,44,43,42,40,39,37,120,33,36,37,40,44,33,50,47,54,77,86,56,57,59,58,56,42,49,47,46,41,123,35,46,49,49,54,55,35,52,49,39,44,43,36,114,22,46,46,25,44,52,54,56,59,61,62,62,62,62,61,61,61,35,62,57,54,38,161,40,49,41,54,51,53,55,56,51,155,45,56,56,57,55,48,58,61,59,36,58,59,62,43,60,58,55,50,43,35,29,25,20,22,22,20,20,19,20,19,20,20,20,5,151,0,153,5,20,20,20,20,20,18,19,19,19,20,21,22,21,23,87,20,20,20,19,19,19,19
