65,38,5,0,0,6,1,0,0,0,0,0,0,0,0,0,0,0,0,1,1,1,1,1,1,1,1,1,1,1,1,1,1,24,85,2,0,0,0,0,1,1,1,1,1,1,1,1,4,6,4,8,9,9,9,9,11,1,12,12,10,10,10,10,10,10,9,156,0,0,1,1,1,1,1,1,0,5,2,1,2,4,3,1,1,1,1,0,0,0,1,1,1,1,1,1,1,0,1,1,1,2,2,2,4,5,0,6,5,4,2,2,2,2,4,0,1,1,0,4,5,5,2,1,1,1,1,1,0,0,1,2,3,0,5,2,1,1,1,1,1,1,1,1,8,10,12,5,1,0,1,1,1,1,1,1,1,1,1,1,4,4,2,1,2,3,4,0,251,0,5,7,10,10,9,9,6,0,7,0,12,10,9,9,9,9,9,7,7,9,6,4,3,4,5,0,1,1,0,1,1,1,1,1,1,1,1,1,0,0,0,0,153,0,0,0,0,1,1,0,84,24,1,0,0,0,0,0,0,0,0,0,0,0,0,6,45,77,77,46
66,44,0,2,1,3,1,0,0,0,0,0,0,0,0,0,0,0,1,1,1,1,1,1,1,1,1,3,0,2,1,3,0,9,32,0,167,86,6,56,1,1,1,1,1,1,1,1,3,5,62,25,10,9,9,9,0,107,11,12,10,10,9,9,9,9,9,63,13,57,3,2,1,1,1,1,3,5,3,2,2,4,3,1,1,1,1,1,15,56,0,1,1,1,1,1,1,1,1,4,0,2,2,3,4,0,166,0,5,5,1,1,2,3,0,142,2,0,1,3,5,5,2,1,1,1,1,0,18,56,1,1,3,0,0,1,1,1,1,1,1,1,1,1,6,12,13,6,1,1,1,1,1,1,1,1,1,1,1,3,4,4,2,1,1,2,4,0,97,2,6,7,10,10,10,9,0,104,6,145,0,10,10,10,10,10,10,8,8,9,8,5,4,4,6,59,17,1,1,1,1,1,1,1,1,1,1,1,0,0,0,0,56,0,0,56,15,0,1,1,31,10,0,0,0,0,0,0,0,0,0,0,0,0,0,10,49,80,78,48
68,57,64,0,1,3,0,1,0,0,0,0,0,1,0,0,0,0,1,1,1,1,1,1,1,1,1,0,83,0,0,0,45,0,0,0,189,97,6,64,1,1,1,1,1,1,1,1,2,4,68,26,10,9,8,8,0,121,0,13,10,10,9,9,9,9,9,0,12,68,5,3,1,1,1,2,6,4,4,2,2,4,3,1,1,1,1,0,17,60,0,1,1,1,1,1,1,1,1,0,72,0,2,5,4,0,190,0,4,0,1,1,2,3,0,161,0,51,1,1,4,5,3,0,0,1,1,51,13,64,1,1,3,12,30,1,1,1,1,1,1,1,1,1,5,15,15,8,1,1,1,1,1,1,1,1,1,1,1,3,4,4,0,0,1,2,3,8,0,9,7,7,3,10,9,8,0,117,5,164,0,0,11,10,10,10,10,9,9,9,5,5,6,6,8,67,20,1,1,1,1,1,1,1,1,1,1,1,0,0,0,2,0,0,0,63,17,0,1,1,0,3,1,0,0,0,0,0,0,0,0,0,0,0,0,14,54,84,76,38
69,57,158,0,1,6,12,0,0,0,0,0,6,0,0,0,0,0,1,1,1,1,1,1,1,1,1,0,233,0,4,0,147,1,1,1,0,0,1,0,1,1,1,1,1,1,1,1,1,3,5,9,10,10,8,7,9,4,20,12,10,9,9,9,9,9,9,8,16,4,7,4,1,1,1,3,7,3,4,1,2,4,3,1,1,1,1,7,1,2,1,1,1,1,1,1,1,1,1,0,198,0,3,5,5,6,0,6,6,6,1,1,1,2,3,0,0,141,1,1,2,4,1,12,4,1,1,141,0,0,1,1,2,25,79,1,1,1,1,1,1,1,1,1,7,15,17,9,2,1,1,2,1,1,1,1,1,1,1,3,4,1,6,11,1,1,2,4,17,7,6,7,15,8,6,6,5,0,5,3,10,20,9,10,10,8,9,10,9,9,12,8,7,9,9,4,4,1,1,1,1,1,1,1,1,1,1,1,0,0,0,0,0,0,0,0,0,0,0,1,4,11,4,0,0,0,0,0,0,0,0,0,0,0,0,17,59,88,74,26
71,7,67,0,0,0,212,0,0,0,0,0,128,0,0,0,0,0,1,1,0,1,1,1,1,1,1,0,53,0,61,215,140,1,1,1,0,0,1,0,1,2,0,0,0,1,2,0,1,3,4,9,11,10,9,6,9,0,213,3,10,9,7,8,8,5,9,0,212,0,8,5,2,1,1,5,7,4,4,1,1,2,2,1,1,1,1,129,6,69,1,1,1,1,0,4,1,0,1,0,45,1,4,7,6,7,0,7,25,73,1,1,1,4,3,0,0,32,1,1,1,2,0,231,61,1,1,32,0,0,5,0,4,9,20,1,1,1,1,1,1,1,1,1,9,5,18,7,4,1,2,2,1,1,1,1,1,1,3,4,4,0,108,212,0,1,2,0,213,0,5,5,132,0,7,7,5,0,5,3,1,214,0,10,11,2,10,10,9,9,77,27,9,9,10,4,4,1,1,1,1,1,1,1,1,1,1,1,0,0,0,0,0,0,0,0,0,0,0,0,8,16,5,0,0,0,0,0,0,0,0,0,0,0,0,22,64,91,80,45
69,34,30,7,1,0,136,0,0,0,0,0,82,0,0,0,0,1,1,1,1,1,1,0,0,1,1,3,0,2,40,141,57,1,1,1,1,1,1,1,1,0,87,14,48,2,0,89,0,3,6,10,15,0,8,9,9,0,140,6,11,9,6,6,6,5,8,0,140,0,11,5,4,2,1,6,7,5,4,1,1,2,3,0,0,0,1,83,5,46,1,1,3,0,122,0,1,1,1,3,0,2,5,8,8,8,8,8,17,42,1,1,2,2,0,2,2,0,0,1,1,1,0,149,39,1,2,0,1,121,0,119,0,2,0,1,1,1,1,1,1,1,1,1,10,11,19,10,6,3,3,2,0,0,0,1,2,3,5,4,2,0,69,136,0,1,3,0,140,1,5,4,86,0,8,6,4,2,3,1,4,134,0,11,11,5,10,9,9,9,53,21,9,10,10,6,3,1,1,1,1,1,1,1,1,1,1,1,0,0,0,0,0,1,0,0,1,0,0,0,12,19,3,0,0,0,0,0,0,0,0,0,0,0,0,30,81,96,85,54
65,82,44,9,1,3,0,2,0,0,0,0,0,2,1,0,0,0,1,1,1,1,1,6,20,1,2,2,0,1,0,0,0,1,1,1,1,1,0,0,1,0,126,20,70,0,38,122,0,3,5,10,5,65,4,7,9,12,0,13,12,9,6,5,5,5,6,12,0,59,0,5,5,4,2,6,7,6,3,1,1,2,4,6,14,50,1,0,0,0,1,1,0,57,172,0,1,1,1,1,1,2,7,9,9,9,9,9,10,16,0,1,4,9,24,2,1,0,0,1,1,1,4,0,0,1,2,1,0,176,0,255,0,4,2,1,1,1,1,1,1,0,2,1,10,22,21,15,7,5,4,2,36,3,20,2,5,4,5,5,1,2,0,0,3,3,4,9,0,9,4,4,0,8,7,5,4,2,9,27,12,0,46,6,10,11,10,10,9,9,1,6,9,10,9,6,2,1,1,1,1,1,1,1,1,1,1,1,0,0,0,0,35,0,0,0,0,35,5,19,13,17,1,0,0,0,0,0,0,0,0,0,0,0,0,41,59,105,88,54
63,77,50,11,0,1,1,0,0,0,0,0,0,0,1,0,0,0,1,1,1,1,1,22,78,1,2,2,0,1,1,1,1,1,0,0,1,1,1,0,1,1,5,2,3,0,228,0,1,3,3,10,0,234,0,2,10,10,10,11,11,9,6,4,4,4,5,10,9,201,0,5,5,5,6,7,7,6,2,1,1,2,5,26,54,198,0,1,1,1,1,0,0,233,0,1,1,1,0,1,0,4,8,9,9,10,10,9,29,81,0,2,5,26,81,3,1,0,1,1,1,1,1,1,1,1,2,0,1,6,67,255,0,4,2,1,0,2,2,1,1,0,1,1,12,22,23,16,8,5,5,2,142,8,78,4,7,5,5,5,1,1,1,2,2,4,5,7,9,8,2,4,4,5,5,5,4,3,25,82,9,9,145,0,9,10,10,10,10,10,9,7,8,9,8,5,2,1,1,1,1,1,1,1,1,1,1,1,0,0,0,0,142,0,0,0,0,142,21,78,13,11,0,0,0,0,0,0,0,0,0,0,0,0,4,50,0,116,91,55
46,80,56,15,0,2,0,2,0,0,0,0,0,0,0,165,0,1,1,1,1,1,1,8,27,1,2,0,194,0,2,0,4,1,1,1,1,1,19,65,1,2,0,0,0,0,255,0,1,3,5,10,1,84,7,7,10,10,10,12,12,9,5,4,4,3,4,10,2,52,159,5,6,6,7,9,9,6,2,1,1,3,5,14,23,68,1,1,1,1,1,1,0,95,54,3,1,1,1,1,1,4,9,9,9,10,12,0,16,30,3,4,6,13,31,4,0,118,1,1,1,1,0,0,1,1,2,1,1,0,26,76,0,4,1,1,1,1,2,1,0,194,0,1,12,24,25,17,9,6,4,1,47,3,27,7,0,8,5,4,1,1,2,0,0,3,5,7,9,8,2,4,4,5,5,5,4,2,11,32,8,8,52,3,7,10,10,10,10,10,9,7,6,6,6,4,1,1,1,1,1,1,1,1,1,1,0,0,2,0,0,0,47,0,0,0,0,47,7,26,10,5,0,0,0,0,0,0,0,0,0,0,0,0,7,63,69,117,94,58
127,82,63,20,1,0,117,0,0,0,0,0,0,0,0,136,0,0,1,1,1,1,1,0,0,1,2,0,161,0,0,117,0,1,1,1,1,1,16,54,1,1,1,1,1,0,137,0,1,3,5,9,13,0,11,11,11,10,10,11,11,9,5,4,3,2,4,8,3,0,142,6,8,8,8,9,9,6,2,1,1,3,5,5,3,0,3,1,1,1,1,1,3,0,57,2,1,1,1,1,1,6,10,9,9,10,3,78,7,0,5,6,7,5,0,4,0,98,1,0,3,1,1,0,1,1,1,1,1,1,0,0,7,4,1,2,1,2,2,1,0,161,0,2,14,25,26,18,10,6,3,2,0,0,0,2,121,0,5,4,3,3,2,12,39,2,5,7,8,8,3,4,4,5,5,5,4,2,0,0,7,7,0,9,7,8,10,10,11,10,7,6,4,4,5,3,2,0,1,1,1,1,1,1,1,0,0,70,0,0,0,0,0,2,0,0,2,0,0,0,5,1,0,0,0,0,0,0,0,0,0,0,0,0,10,41,119,119,97,60
186,83,69,26,2,0,222,0,0,0,0,0,0,0,2,0,0,0,1,1,0,1,1,1,1,1,1,2,0,2,0,222,0,1,0,1,1,1,0,0,1,1,1,1,1,2,0,4,2,4,1,8,10,10,10,10,9,8,10,10,10,9,6,0,2,2,0,6,10,11,0,7,9,9,8,9,9,6,2,1,1,2,4,7,9,7,4,2,1,1,0,1,1,0,0,2,1,1,1,1,2,7,10,9,9,9,0,139,9,5,5,7,7,7,5,4,3,0,1,30,0,1,2,1,1,1,0,2,1,1,2,4,2,4,3,2,1,0,2,1,2,0,2,3,15,25,28,20,12,6,3,0,22,1,0,0,223,0,4,4,4,4,2,22,75,2,3,6,7,7,5,4,4,4,4,4,4,2,5,16,6,6,7,6,7,7,10,9,12,10,6,4,3,4,4,3,0,22,1,1,1,1,1,1,0,0,0,135,0,0,0,0,0,0,0,0,0,0,0,1,0,0,0,0,0,0,0,0,0,0,0,0,0,3,36,26,115,124,100,62
70,85,73,30,2,0,24,0,0,0,0,0,0,0,0,0,0,0,0,1,1,1,1,1,1,1,1,1,0,1,0,25,0,1,0,3,1,1,1,0,1,1,1,1,1,2,0,3,2,6,0,7,10,10,10,10,1,2,10,10,10,9,8,0,5,2,0,7,10,8,5,7,9,9,7,9,9,6,4,1,1,1,3,5,9,8,5,2,1,1,0,0,1,1,0,2,2,1,1,1,2,7,9,9,7,8,9,24,7,6,5,7,7,5,4,4,2,0,0,193,0,2,2,2,1,1,1,4,2,1,1,2,0,5,4,2,2,0,2,1,1,0,1,5,15,26,28,20,13,8,3,0,138,1,0,9,33,3,2,2,4,4,3,4,9,1,2,5,7,7,5,5,4,2,2,2,2,2,22,79,2,0,10,1,7,7,11,2,12,11,8,4,2,1,2,2,0,138,1,1,1,1,1,1,0,0,0,15,0,0,0,0,0,0,0,0,0,0,0,1,1,0,0,0,0,0,0,0,0,0,0,0,0,20,99,75,117,125,103,65
44,84,76,36,4,1,0,2,0,0,0,0,0,0,0,0,0,0,0,1,1,1,1,1,4,0,1,1,1,1,2,0,3,0,147,0,1,1,1,1,1,1,1,1,1,0,173,0,2,0,140,2,9,9,10,10,0,111,10,10,10,8,0,174,0,0,175,0,3,8,6,7,8,8,6,8,8,6,3,1,1,1,2,5,7,10,0,4,1,1,0,0,0,0,4,0,2,1,1,1,2,6,9,8,6,6,9,0,7,5,4,6,8,5,4,4,2,0,2,88,0,2,2,2,1,1,3,5,4,2,1,1,107,0,5,2,2,105,0,1,1,0,1,8,18,28,28,22,14,9,4,0,63,0,147,0,0,6,2,2,3,4,3,1,0,1,2,3,6,6,5,5,4,1,4,0,2,1,10,36,5,0,14,0,9,9,0,106,13,11,9,4,1,1,1,1,0,63,1,1,2,0,3,1,0,0,1,0,2,0,0,0,0,0,0,0,0,0,0,0,0,0,0,0,0,57,16,0,0,0,0,0,0,10,66,90,120,126,105,68
50,82,80,42,3,0,0,0,0,0,0,0,0,0,0,0,0,0,0,1,1,1,1,1,0,77,0,1,1,1,1,1,1,0,156,0,1,1,1,1,1,1,1,1,1,0,184,0,2,0,187,9,8,9,10,10,0,117,11,10,10,7,0,185,0,0,179,43,2,5,5,6,7,6,5,6,6,6,2,1,1,1,1,3,6,4,94,0,1,0,0,0,0,0,0,78,0,3,1,1,2,0,9,4,5,5,6,6,6,5,4,5,7,5,4,4,3,56,0,0,4,2,2,2,3,3,4,6,6,4,1,1,112,0,4,2,1,112,0,1,1,1,3,10,22,30,29,24,15,10,5,3,0,0,156,0,7,4,2,2,2,3,3,2,1,1,2,3,4,4,5,3,2,1,0,78,2,1,0,0,1,96,3,3,10,9,0,112,12,10,8,5,2,1,0,1,3,0,1,1,0,91,0,1,0,0,1,1,1,1,0,0,0,0,0,0,0,0,0,0,0,0,0,0,0,61,17,0,0,0,0,0,0,1,34,93,124,126,106,70
46,81,85,49,2,0,0,0,0,0,0,0,0,0,0,0,0,0,0,1,1,0,1,1,0,197,0,0,1,1,1,1,1,1,0,3,1,1,0,1,1,1,0,1,1,2,0,3,2,5,71,21,9,9,10,10,11,4,9,10,9,7,6,0,6,5,0,146,9,1,5,5,6,5,4,4,5,4,2,1,0,1,1,2,6,0,231,0,1,0,0,0,0,0,0,196,14,0,1,1,0,18,4,0,4,4,5,5,5,4,4,5,5,5,4,4,4,141,0,1,1,1,2,2,3,4,5,7,7,5,2,1,0,3,3,2,1,0,2,2,2,2,3,11,25,33,31,24,17,11,6,1,1,1,0,7,7,5,2,2,2,2,2,2,1,1,1,2,2,2,4,2,1,1,0,197,0,1,1,1,0,231,0,10,9,9,11,4,10,10,8,5,3,1,1,1,1,1,1,1,0,231,0,1,1,1,1,1,1,1,1,0,0,0,0,0,0,0,1,3,12,0,0,0,0,0,0,0,0,0,0,0,0,7,50,101,128,127,106,71
43,81,90,58,16,0,0,0,0,0,0,0,0,0,0,0,0,0,0,0,2,0,3,1,0,40,1,0,1,1,1,1,1,2,0,2,1,1,0,1,1,1,0,2,1,1,0,2,4,5,14,8,7,9,10,10,10,8,1,10,7,6,6,0,8,1,0,37,9,5,4,4,5,5,3,2,3,2,2,3,0,1,1,2,5,3,47,0,0,0,0,0,0,0,0,29,215,0,1,1,0,216,0,2,2,2,3,3,3,2,2,4,6,6,5,5,4,31,0,3,1,1,1,2,3,5,5,7,7,0,1,1,0,2,2,1,1,0,1,2,2,2,4,12,25,36,33,13,19,11,6,1,1,1,0,6,7,6,3,2,1,1,2,2,2,1,1,1,1,1,3,2,1,1,0,43,1,0,1,1,2,52,5,10,9,9,10,7,10,10,9,7,4,2,1,1,1,1,1,1,0,47,0,1,1,1,1,0,1,1,1,1,0,0,0,0,0,0,20,48,183,0,0,0,0,0,0,0,0,0,0,0,0,12,59,105,131,129,105,73
42,84,98,70,28,0,0,0,0,0,0,0,0,0,0,0,0,0,0,0,0,149,0,1,3,0,1,1,1,1,1,1,1,2,3,1,0,1,0,1,1,2,77,0,1,0,0,1,4,4,0,4,7,10,10,10,10,7,3,8,7,5,5,5,7,5,9,0,9,6,4,4,5,5,2,1,1,2,2,0,126,0,1,2,5,5,0,3,0,0,0,0,0,0,2,0,130,0,1,1,0,131,0,1,2,2,1,1,1,2,2,4,6,8,6,5,4,0,7,6,2,1,1,2,4,5,5,7,21,54,2,1,1,2,2,1,1,1,1,2,2,1,3,14,27,37,34,107,9,12,5,1,0,2,2,5,8,7,4,2,1,1,1,2,2,2,1,1,1,1,1,1,1,2,6,0,1,1,1,2,5,0,0,9,9,9,9,9,10,10,9,8,0,3,1,1,1,3,0,2,2,0,3,1,1,1,1,1,1,1,1,1,1,0,0,0,1,0,12,29,110,0,0,0,0,0,0,0,0,0,0,0,0,22,69,139,143,141,108,75
41,88,107,83,35,0,0,0,6,21,0,0,0,0,0,0,0,0,0,0,0,204,0,1,1,1,1,1,1,1,1,1,1,1,2,1,0,0,0,1,1,0,164,0,1,22,7,1,4,6,6,0,9,10,10,10,10,5,8,8,0,5,5,6,7,10,9,9,9,6,5,5,5,3,2,1,1,1,2,0,173,0,1,2,5,3,1,1,0,0,0,0,0,0,0,1,0,3,1,1,2,0,42,0,2,2,1,1,0,0,2,4,6,9,7,4,4,6,8,8,4,1,1,3,5,3,4,6,24,72,4,1,0,2,2,1,1,0,1,2,2,1,2,15,29,37,34,137,5,9,3,1,40,0,2,5,9,8,5,3,1,1,1,3,3,1,1,1,1,1,1,1,1,2,4,3,1,1,1,4,4,5,45,3,9,8,9,9,8,8,9,9,44,0,1,1,1,0,65,0,0,0,1,1,1,1,1,1,1,1,1,1,1,0,0,0,1,1,0,0,0,0,0,0,0,0,0,0,0,0,21,6,0,34,80,156,155,113,112,77
41,90,113,91,41,1,0,0,21,78,0,0,0,0,0,0,0,0,0,0,0,3,1,1,1,1,1,1,1,1,0,1,1,1,1,1,1,0,0,1,1,0,144,0,1,79,22,1,5,7,9,7,9,10,11,11,10,8,5,7,6,5,5,7,8,9,9,9,9,7,5,5,5,2,1,1,1,1,2,4,3,1,1,2,4,2,1,1,0,0,0,0,0,0,0,0,0,1,1,1,0,0,142,1,2,2,1,1,0,1,3,5,8,9,6,4,4,6,10,9,6,2,2,4,5,6,5,5,5,8,5,0,0,1,2,0,1,1,1,1,1,1,1,15,29,37,34,24,15,5,3,1,142,0,2,4,7,7,5,3,1,1,1,4,4,0,1,1,1,1,2,2,2,2,5,3,1,1,2,5,5,5,144,0,7,7,9,9,7,7,9,9,145,0,1,1,1,0,234,0,0,1,1,0,1,1,1,1,1,1,1,1,1,1,0,0,1,1,0,0,0,0,0,0,0,0,0,0,0,0,78,21,2,40,88,132,159,54,115,80
39,91,119,98,28,5,0,0,6,24,0,2,0,0,0,0,0,0,0,0,0,0,0,1,1,1,1,1,1,1,1,1,1,1,1,1,1,0,0,1,1,0,19,200,0,24,7,2,5,8,0,200,0,10,12,12,9,6,5,0,171,5,5,7,7,8,7,10,7,7,6,5,3,1,1,1,1,3,3,6,0,1,1,1,2,1,1,1,0,0,66,18,0,0,0,0,0,1,1,1,0,0,43,1,2,2,1,1,19,68,3,4,8,9,6,2,3,6,10,10,7,4,2,5,5,70,23,4,4,0,9,0,121,1,2,1,3,0,1,0,1,1,1,15,30,37,32,7,16,7,0,0,43,0,1,3,6,7,5,4,1,1,1,4,0,4,1,1,1,0,3,3,3,3,5,3,1,1,4,6,5,4,44,1,7,7,7,7,7,7,9,9,48,0,1,1,1,0,71,0,67,19,1,1,0,4,1,1,1,1,1,1,1,1,1,0,1,1,0,0,0,0,0,0,0,0,0,0,0,0,24,6,9,9,95,133,154,119,119,83
37,98,121,102,137,0,0,0,0,0,0,0,74,0,0,0,0,0,0,0,0,0,75,1,1,1,1,1,1,3,0,1,1,1,1,1,1,0,0,1,1,2,0,155,0,0,0,3,5,9,2,158,0,10,11,11,9,6,6,0,136,7,7,7,7,7,7,9,7,7,8,5,3,1,1,2,0,5,5,5,2,1,1,1,1,1,1,1,0,0,52,14,0,0,0,0,0,1,1,1,1,2,0,2,2,2,1,1,15,53,4,5,8,8,5,1,1,4,9,4,8,5,3,6,5,55,19,4,4,108,0,0,94,2,3,3,0,75,1,0,1,0,2,17,31,36,30,14,13,9,42,12,0,2,1,2,3,6,5,5,2,1,1,3,107,0,1,1,1,1,3,5,4,5,4,2,1,1,5,7,5,5,0,0,8,7,7,7,8,7,8,8,0,3,1,1,1,3,0,2,52,15,1,0,105,0,1,1,1,1,1,1,1,1,1,0,1,0,0,0,41,11,0,1,0,0,0,0,0,0,0,0,11,23,99,138,153,153,122,84
35,73,123,105,209,0,0,0,0,0,0,0,133,0,0,0,0,0,0,0,0,0,133,1,0,0,0,1,1,0,35,1,1,1,1,1,0,0,0,1,1,1,3,0,2,1,2,3,5,7,10,0,11,10,10,10,9,7,8,12,0,10,9,2,7,7,2,7,7,7,7,5,2,1,1,0,42,0,5,4,1,1,1,1,1,1,1,1,1,1,0,0,0,0,0,0,0,0,1,1,1,1,26,0,2,2,1,1,0,0,4,7,8,7,4,0,0,3,14,23,8,5,5,4,3,0,2,4,4,188,0,3,0,2,4,4,0,133,1,0,1,0,2,19,32,35,28,20,11,8,76,21,1,1,1,1,1,4,5,5,1,1,1,3,187,0,1,0,1,2,2,5,5,5,5,1,1,2,5,7,5,2,25,47,5,7,7,8,9,8,7,7,4,1,1,1,1,1,1,1,0,0,1,0,186,0,1,1,1,1,1,1,0,1,1,1,0,0,0,0,72,19,25,0,0,0,0,0,0,0,0,0,11,61,100,139,153,157,121,82
33,0,128,108,74,7,0,0,0,0,0,0,12,0,0,0,0,0,0,0,0,0,12,1,0,0,0,1,1,0,195,0,1,1,1,1,0,0,0,1,1,1,1,0,1,1,2,4,4,4,9,8,8,9,10,10,9,9,9,10,9,10,9,0,6,6,0,6,5,5,5,4,1,1,1,0,229,0,5,4,1,1,1,1,1,1,1,0,1,1,1,1,0,0,0,0,0,0,0,1,1,1,139,0,2,2,2,1,1,3,4,7,7,7,3,0,0,3,29,83,8,4,5,0,0,0,2,4,5,23,0,0,0,2,5,5,0,13,1,1,1,1,4,21,33,34,26,17,10,8,11,6,2,2,1,1,1,2,4,5,0,2,2,4,20,0,1,1,1,2,3,5,7,5,5,1,1,3,5,7,5,0,120,230,0,8,7,9,9,9,8,7,3,1,1,1,1,1,1,1,1,1,1,1,17,0,1,1,1,1,1,1,1,1,1,0,0,0,0,0,2,1,139,0,0,0,0,0,0,0,0,0,15,60,102,140,150,198,117,80
26,44,121,112,56,13,0,0,0,0,3,1,0,0,0,0,0,0,0,0,0,1,0,1,0,0,0,0,0,0,83,0,1,1,1,1,0,0,1,1,1,1,1,1,1,1,3,5,21,66,9,8,7,8,13,0,10,9,10,10,12,10,0,179,0,0,179,0,5,5,5,4,1,1,1,0,98,0,5,5,2,0,1,1,1,1,1,1,1,1,1,1,1,1,0,0,0,0,0,1,1,1,61,0,2,3,3,3,1,4,5,5,7,6,3,60,16,2,18,41,0,1,2,16,40,151,0,4,7,0,65,17,1,2,6,6,3,0,1,1,1,1,9,26,36,32,24,16,10,8,1,4,3,2,1,1,1,1,3,2,3,2,3,4,0,153,0,2,2,2,3,5,7,5,4,2,2,4,5,6,5,0,53,102,5,9,8,9,10,9,9,6,3,1,1,1,1,1,1,1,1,1,1,0,0,3,1,1,1,0,0,0,1,1,0,3,0,0,0,0,57,15,58,0,0,0,0,0,0,0,0,0,19,64,105,143,154,167,114,75
17,83,116,117,75,15,0,0,0,82,0,0,0,0,0,0,0,0,0,0,0,0,1,1,1,0,0,0,0,4,0,1,1,1,1,1,0,0,1,1,1,1,1,1,1,1,3,4,21,66,9,7,6,7,0,88,10,10,10,10,12,10,0,179,0,0,179,0,0,6,4,5,0,1,3,0,0,5,5,4,2,0,1,1,1,1,1,1,1,1,1,1,1,0,0,32,9,0,0,0,3,1,0,7,2,5,5,5,1,0,5,5,7,4,3,55,15,2,7,2,37,10,1,17,40,152,0,5,7,7,62,17,1,3,7,7,2,1,1,1,1,0,14,28,32,31,21,14,10,8,6,5,3,2,1,1,1,1,2,1,4,3,4,4,0,147,1,0,2,2,2,5,6,5,4,2,2,4,5,5,4,5,0,0,10,9,9,10,10,10,8,5,3,1,1,1,1,1,1,1,2,0,2,0,1,1,1,1,1,0,0,0,0,0,83,0,0,0,0,82,49,16,0,2,0,0,0,0,0,0,0,0,25,69,109,147,156,135,109,71
24,73,117,122,83,20,0,0,0,195,0,0,0,0,0,0,0,0,0,0,0,0,1,1,1,0,0,0,1,1,1,1,1,1,1,1,1,0,1,1,1,1,1,1,1,1,2,3,4,4,9,7,6,7,0,197,8,10,10,10,10,10,11,0,3,3,0,4,24,4,4,3,13,2,0,16,1,1,4,4,2,1,1,1,1,1,1,1,1,1,1,1,1,1,7,77,21,0,0,17,0,1,15,3,4,6,7,6,6,10,5,7,7,5,3,3,2,3,9,10,81,22,1,0,0,0,1,6,7,7,0,0,1,4,7,7,2,0,1,1,1,0,18,28,25,29,19,12,10,8,5,4,2,1,1,1,1,1,1,2,2,4,4,4,4,0,3,14,2,2,2,4,4,5,5,2,2,3,5,5,3,2,4,0,9,9,9,10,10,9,9,5,3,1,1,1,1,1,1,1,0,20,0,1,1,1,1,1,0,0,0,0,0,0,195,0,0,0,0,195,0,0,0,0,0,0,0,0,2,6,0,0,32,80,123,150,153,135,102,67
78,86,117,126,79,29,0,0,0,34,0,0,0,1,0,1,0,2,0,0,0,0,1,1,1,1,0,0,1,1,1,1,1,1,1,1,1,1,1,1,1,1,1,1,1,1,1,2,4,7,9,7,6,7,0,44,10,10,10,10,10,10,9,0,4,4,0,0,219,0,5,0,122,4,0,186,0,1,2,4,2,1,1,1,1,1,1,1,1,1,1,0,3,0,74,14,4,0,0,186,0,1,134,0,4,6,9,8,24,76,5,7,7,7,4,73,21,4,9,10,19,5,1,1,0,0,1,6,9,6,2,1,1,3,7,7,4,0,1,1,1,6,22,34,34,27,18,12,7,6,4,2,0,1,1,1,1,1,1,1,1,1,1,1,1,69,7,134,1,1,1,2,0,6,5,2,1,2,4,4,3,2,2,4,7,8,10,10,10,2,10,5,3,0,1,1,0,1,0,0,0,219,0,2,1,1,1,1,0,0,0,0,0,0,35,0,0,0,0,34,0,0,0,0,0,0,0,0,20,73,0,3,41,99,165,152,152,129,97,65
50,77,116,129,179,25,1,0,0,0,0,0,94,0,0,0,155,0,0,0,0,0,1,1,0,1,0,0,1,1,1,1,1,1,0,2,2,1,1,1,1,1,1,1,1,1,1,1,3,8,8,7,5,7,6,0,10,10,10,10,9,10,8,5,4,4,4,0,125,0,4,0,155,5,0,105,0,1,2,4,3,1,2,1,1,1,1,1,1,1,0,1,0,165,36,0,0,0,0,105,0,1,76,0,3,7,10,9,16,44,5,8,8,7,5,42,14,5,9,10,0,2,1,1,1,1,3,6,8,6,3,1,1,2,6,6,0,94,1,1,1,10,25,37,36,24,15,8,0,4,2,1,1,1,1,1,1,1,1,4,0,1,1,1,1,41,5,75,1,1,1,1,96,0,4,2,1,1,3,4,3,2,1,3,5,7,10,10,10,5,8,5,3,0,1,1,0,0,15,52,0,123,82,0,1,1,1,0,0,0,0,0,0,0,0,2,0,0,0,0,2,0,0,0,0,0,0,0,11,41,0,10,53,110,162,154,147,124,75,66
2,63,115,130,210,33,3,0,0,0,24,6,121,0,0,0,199,0,0,0,0,0,0,1,0,1,0,0,1,2,0,1,1,1,1,3,2,1,0,1,1,1,1,1,1,1,1,1,2,6,6,7,5,7,9,10,11,4,10,9,9,8,8,5,1,4,5,10,0,32,5,0,149,0,4,0,1,1,2,4,5,3,2,2,2,1,1,1,1,1,0,1,0,199,0,1,1,0,1,0,4,1,0,3,2,8,10,10,2,0,6,9,9,7,4,0,2,6,9,9,6,5,3,2,0,3,4,6,7,5,4,1,1,2,4,1,0,121,1,1,2,12,27,37,32,22,12,0,73,0,1,1,1,1,2,0,0,2,1,0,61,0,1,1,1,0,0,0,1,1,1,1,122,0,4,1,1,1,2,4,4,2,1,2,3,8,10,10,10,10,6,6,3,1,1,1,0,0,19,67,2,0,117,0,1,1,1,0,0,0,0,0,0,0,0,0,0,0,0,0,0,0,0,0,0,0,0,0,0,0,0,18,67,112,126,154,141,113,131,44
17,61,108,130,112,59,8,0,0,0,78,21,0,0,0,0,0,0,0,0,0,0,1,0,1,1,0,0,0,0,2,0,1,2,5,3,1,1,3,1,1,1,1,0,1,1,1,1,1,3,5,5,5,5,9,9,10,11,10,9,9,7,7,7,6,5,7,8,29,84,6,4,142,0,1,1,1,1,2,5,5,4,2,2,2,1,1,1,1,1,1,1,6,8,10,3,1,0,1,1,1,1,2,2,3,8,10,10,5,1,6,9,9,7,4,2,4,6,9,9,7,5,5,4,5,4,5,6,7,5,5,2,1,2,4,5,2,1,2,1,3,13,27,36,31,20,11,0,234,0,1,1,1,1,1,2,3,1,1,0,199,0,0,0,0,0,0,0,1,1,1,1,2,4,4,2,1,1,2,4,4,2,1,1,3,8,10,10,10,9,7,7,3,1,1,1,0,0,1,0,1,0,0,0,1,1,1,0,0,0,0,0,0,0,0,0,0,0,0,0,0,0,0,0,0,1,0,0,0,0,0,26,81,115,105,152,138,100,233,10
159,57,46,134,114,69,16,0,0,0,21,6,0,1,0,0,0,1,0,0,0,0,0,1,2,1,0,0,0,0,173,0,1,4,7,2,1,0,204,0,1,1,1,0,1,1,1,0,1,1,2,2,5,5,7,9,0,128,9,9,7,6,6,24,71,5,7,9,15,30,6,5,37,0,1,1,1,1,2,5,5,4,4,4,1,1,1,1,1,1,1,1,8,2,11,5,1,0,0,0,2,0,5,2,3,8,10,10,5,3,6,9,9,7,4,2,5,6,8,9,8,6,6,23,71,4,5,5,6,5,5,4,3,3,5,71,21,0,2,1,5,15,28,34,31,18,10,0,65,0,1,1,1,1,0,163,202,0,1,0,54,0,0,0,0,0,0,0,1,1,1,1,0,5,4,2,2,2,2,3,4,2,1,1,4,7,10,13,0,10,9,7,3,1,1,1,1,1,0,0,1,0,118,0,1,1,0,0,0,0,0,0,0,0,0,0,0,0,0,0,0,0,0,0,0,68,18,0,0,0,2,36,91,132,142,151,135,107,120,35
118,52,54,130,124,80,26,0,0,0,0,0,0,0,0,0,0,0,0,0,0,0,0,2,5,0,0,0,0,0,126,0,1,7,8,1,1,0,149,0,1,1,1,0,1,1,1,1,1,1,1,1,4,5,7,8,0,94,9,9,7,7,5,18,53,5,7,9,7,1,6,5,0,3,1,1,1,1,2,5,5,4,3,3,1,1,1,1,1,1,1,3,9,10,11,5,1,1,12,44,0,130,0,2,3,7,10,11,0,5,5,7,9,6,4,3,5,6,7,8,8,8,6,18,53,4,4,5,5,6,6,6,5,5,6,53,16,5,0,5,6,16,28,31,22,17,11,9,0,2,1,1,1,1,0,119,147,0,1,3,0,0,0,0,0,0,0,0,1,1,0,2,4,6,5,2,2,2,3,3,4,3,2,2,2,6,10,0,135,3,9,8,3,1,1,1,1,1,1,1,1,1,90,0,1,1,0,0,0,0,0,0,0,0,0,0,0,0,0,0,0,0,0,0,0,49,13,0,0,0,5,47,102,144,161,150,143,108,58,45
0,47,95,123,127,88,35,0,0,0,0,0,0,0,1,0,0,0,0,0,0,0,0,2,9,0,0,0,0,3,0,0,0,7,6,1,0,2,0,2,1,1,1,0,1,1,1,1,1,2,0,2,4,5,7,7,8,0,9,9,9,7,5,3,0,6,7,9,9,8,5,1,32,2,1,1,1,1,2,4,5,4,1,2,2,1,1,1,1,1,1,3,9,10,11,3,0,1,20,73,0,216,0,1,3,3,8,3,50,1,4,4,7,5,4,2,4,6,7,6,7,9,6,3,0,4,4,4,4,7,8,8,8,8,7,0,2,0,50,2,9,17,28,28,16,17,13,5,1,1,1,1,1,1,4,0,0,2,0,0,0,0,0,0,1,0,0,0,1,1,0,4,5,7,5,3,2,2,4,4,4,4,2,2,0,6,8,12,214,0,9,9,3,1,1,1,1,1,1,1,1,1,0,2,1,1,0,0,0,0,0,0,1,0,0,0,0,0,0,0,0,0,0,0,0,0,0,0,0,0,7,55,110,151,166,151,106,107,68,34
6,43,85,121,130,93,44,2,0,0,0,0,0,0,1,0,0,0,0,0,0,0,0,1,9,3,0,0,0,0,0,1,0,6,4,1,0,0,0,1,1,1,1,0,1,1,1,1,1,2,0,2,4,5,7,7,7,7,7,8,9,7,4,4,5,7,7,9,9,7,5,0,142,4,1,1,1,1,1,2,5,2,1,1,2,2,1,1,1,1,1,2,7,10,10,3,0,2,1,6,0,16,0,1,2,1,4,0,231,0,2,4,5,5,4,0,4,5,5,5,7,7,6,4,4,4,4,2,2,6,9,10,9,9,7,6,4,0,232,0,12,19,28,28,23,17,14,3,2,1,1,1,1,1,1,0,0,0,0,0,0,0,0,0,1,0,0,0,1,2,2,5,7,7,6,5,4,3,2,2,2,2,2,2,3,4,7,143,9,8,9,7,3,0,1,1,1,1,1,1,1,1,0,1,1,1,0,0,0,0,1,0,1,0,0,0,0,0,0,0,0,0,0,0,0,0,0,0,0,0,7,62,115,160,187,156,7,112,64,29
5,36,79,119,120,185,52,8,0,1,0,0,0,0,0,156,0,2,0,1,0,0,0,0,11,0,0,0,0,0,0,0,112,3,2,1,0,0,0,1,1,1,1,0,0,1,1,1,1,0,156,0,3,7,8,2,7,6,6,9,9,6,4,4,5,7,7,5,8,6,5,1,60,4,1,1,1,1,1,1,2,1,1,1,1,2,1,1,1,0,1,1,6,10,8,0,185,0,0,0,2,0,2,1,4,41,20,0,91,0,1,2,0,7,4,64,21,3,5,5,6,6,3,3,7,0,5,2,2,6,10,12,0,8,7,6,5,0,89,2,14,21,29,28,25,18,15,118,0,1,1,1,1,1,1,1,0,0,0,0,0,0,2,0,0,156,0,0,1,3,4,6,9,7,6,5,4,2,2,2,2,1,1,2,3,3,5,62,0,8,8,6,2,1,1,1,1,1,1,0,1,1,1,1,1,0,0,0,0,0,0,184,0,0,0,0,0,0,0,0,0,0,0,0,0,0,0,0,0,0,18,69,121,157,172,152,80,100,73,81
4,32,75,116,119,184,60,0,103,0,0,0,0,0,0,147,0,0,103,0,0,0,0,0,0,89,0,0,0,0,0,0,105,1,1,0,0,0,0,0,1,1,1,9,35,1,1,1,1,0,147,0,2,7,8,3,0,6,5,8,9,5,4,3,5,7,7,5,7,5,5,9,0,5,2,1,1,1,1,1,1,1,0,2,1,1,1,1,1,0,1,2,0,8,6,0,166,46,0,1,1,1,1,1,0,145,17,0,0,2,1,2,67,0,0,61,18,1,3,4,5,4,2,2,0,90,3,2,2,6,10,4,69,6,8,0,5,9,0,14,16,24,30,28,23,17,14,111,0,1,1,1,1,1,1,1,0,0,9,34,30,112,0,0,0,146,0,0,1,4,6,7,9,7,6,5,5,2,3,2,2,1,1,1,2,2,5,0,8,6,6,4,1,1,1,1,1,1,1,0,1,1,1,1,1,0,0,0,0,0,0,172,0,0,0,0,0,0,0,0,0,0,0,0,0,0,0,0,0,0,34,80,129,156,160,148,137,87,64,68
3,31,72,112,128,103,69,0,227,0,0,0,0,0,2,0,24,0,227,0,0,0,0,0,0,198,1,0,0,0,0,1,0,1,1,0,0,0,0,0,0,0,0,21,77,1,0,1,1,3,0,1,2,5,7,6,31,3,5,6,7,5,3,2,5,7,7,6,6,5,5,7,10,7,3,0,1,1,1,1,1,1,16,0,1,1,1,1,1,1,1,0,17,7,5,1,0,140,1,1,1,1,1,0,0,187,0,15,1,0,1,4,138,15,24,0,0,1,2,3,5,4,3,2,0,194,0,2,2,6,9,0,139,5,2,24,5,6,8,12,18,27,31,30,21,16,12,0,5,1,1,1,1,1,1,1,0,0,19,76,66,248,0,0,2,0,0,0,1,5,6,7,8,7,5,5,5,4,4,2,1,1,1,0,2,2,5,7,7,6,4,2,1,0,1,1,1,1,0,0,0,1,1,1,1,0,0,0,0,21,0,0,2,0,0,0,0,0,0,0,0,0,0,0,0,0,0,0,0,3,41,91,137,160,162,146,118,82,42,6
3,29,69,110,126,109,75,23,35,0,0,0,0,0,0,0,220,0,35,0,0,0,0,0,185,73,18,0,0,0,0,1,0,1,0,0,0,0,0,0,0,0,0,3,13,2,0,3,1,1,0,2,0,6,7,0,223,0,4,5,5,4,2,2,5,7,8,0,1,5,5,7,10,7,4,0,0,0,1,1,1,1,135,0,1,1,1,1,1,1,1,0,137,5,5,1,0,22,1,1,1,1,1,1,0,23,0,134,1,0,3,4,7,219,180,0,1,1,2,4,4,4,2,1,0,32,1,1,2,5,8,5,14,4,0,190,3,8,0,3,21,27,32,32,20,14,10,7,5,1,1,1,1,2,1,1,0,2,0,12,11,39,0,0,0,0,0,0,1,8,0,7,7,3,0,1,5,5,4,3,1,1,1,2,2,2,5,8,9,8,0,1,1,1,1,1,1,0,0,0,0,0,1,1,1,1,0,0,0,189,0,0,0,0,0,0,0,0,0,0,0,0,0,0,0,0,0,0,0,9,32,97,144,161,161,143,115,76,39,16
0,24,66,105,123,113,81,38,0,1,0,0,0,0,0,48,131,0,0,1,0,0,0,0,101,64,25,0,0,0,0,3,3,0,1,0,0,0,1,0,0,0,0,0,0,0,161,0,1,1,2,0,102,0,6,0,119,0,4,0,7,6,0,3,4,7,0,101,2,4,5,7,8,7,5,57,17,0,1,0,1,1,71,0,1,1,1,1,1,1,1,0,73,5,0,5,0,0,1,1,1,1,1,1,3,39,9,71,0,137,0,4,0,120,96,0,1,1,2,5,4,4,1,1,3,0,1,1,2,5,5,0,90,3,0,100,2,0,164,1,22,28,36,9,21,13,10,7,4,1,1,1,3,3,2,1,1,0,159,0,0,0,3,0,0,0,0,1,1,0,139,5,6,19,59,4,6,4,5,2,1,1,1,2,2,2,5,9,10,8,1,1,1,0,0,0,0,0,1,0,54,15,1,1,1,1,1,0,0,99,0,0,0,0,0,54,15,0,0,0,3,0,0,0,0,0,0,0,0,11,58,114,148,163,151,139,108,70,36,18
75,30,62,101,122,117,88,46,5,0,22,6,0,0,0,66,0,2,0,0,0,0,0,0,0,59,15,0,0,0,5,7,0,77,0,0,0,2,0,0,0,0,1,0,2,0,194,0,1,1,0,76,113,0,5,6,0,7,3,68,0,0,49,5,5,7,0,120,5,4,5,7,7,7,0,70,20,0,0,0,1,1,0,3,1,1,1,1,1,1,1,3,0,4,67,0,77,0,1,1,1,1,1,1,1,62,21,0,1,165,0,5,10,0,0,1,0,1,2,4,5,4,1,1,2,0,1,1,2,5,3,0,120,0,5,0,2,0,196,8,22,28,36,5,20,12,9,6,4,1,1,2,5,4,3,1,1,0,194,0,1,1,1,7,26,0,0,0,1,0,166,3,5,22,70,8,7,4,4,1,1,1,1,2,2,3,5,10,10,8,3,1,0,0,0,0,0,47,0,1,65,19,1,1,2,0,0,0,0,0,3,0,0,0,0,65,18,0,0,65,0,0,0,0,0,0,0,0,7,54,88,129,174,164,180,128,99,64,32,15
253,39,58,98,121,121,96,55,12,0,80,22,0,0,0,0,0,0,0,0,0,0,0,0,0,0,0,0,0,0,12,11,0,233,0,0,0,1,7,0,0,0,0,6,1,1,0,0,1,1,0,233,0,5,5,5,5,5,0,199,0,0,143,5,7,6,5,1,4,4,5,7,7,7,10,2,2,1,1,3,1,1,1,1,1,1,1,1,1,2,2,2,5,3,199,0,234,0,0,1,1,1,1,1,1,2,4,4,2,0,3,5,7,7,6,5,2,1,2,1,6,4,2,1,0,6,1,1,2,4,4,4,0,8,2,1,2,6,5,16,22,28,31,28,16,9,7,6,4,1,1,4,5,5,5,2,1,0,0,1,1,1,1,22,78,0,0,0,1,5,0,4,4,4,5,9,7,6,0,1,1,1,2,2,2,3,5,10,10,8,3,1,0,0,0,0,0,142,0,1,0,1,1,1,0,8,1,0,0,0,0,0,0,0,0,0,0,0,0,198,0,0,0,0,0,0,0,0,22,112,96,132,212,163,228,114,91,58,29,12
215,21,57,94,119,140,106,64,18,0,89,24,0,0,0,0,0,0,0,0,0,0,0,0,0,0,0,0,0,0,15,14,0,58,0,0,0,0,208,0,0,0,0,208,0,1,0,1,0,1,0,59,0,5,5,5,5,5,0,52,0,204,20,7,7,7,5,0,1,4,5,5,5,4,178,0,3,0,20,70,1,1,1,1,1,1,1,1,2,4,3,4,7,4,51,61,78,0,1,1,1,1,1,1,1,68,22,5,3,0,3,5,6,7,7,72,20,1,2,4,7,5,3,1,0,177,0,1,2,4,4,5,0,208,0,0,0,5,2,16,22,28,30,25,15,0,3,5,0,1,1,5,7,6,4,2,1,2,0,1,1,1,1,5,22,0,0,0,1,5,0,3,3,4,5,10,7,5,1,1,1,1,1,4,2,3,5,10,10,8,3,1,0,0,0,0,0,36,0,0,0,0,0,0,0,246,17,0,0,0,0,0,0,0,0,0,0,0,0,49,0,0,0,0,0,0,0,0,12,68,104,136,217,160,164,114,83,51,26,7
81,14,28,101,129,40,107,75,27,0,40,11,0,0,0,0,0,0,0,0,0,0,0,0,0,0,0,0,0,0,15,16,4,0,0,2,0,0,142,0,0,0,0,141,0,0,0,0,0,1,2,0,7,5,5,5,5,0,138,0,0,146,0,8,8,6,4,2,2,4,4,5,5,4,124,0,0,83,14,48,1,1,1,1,3,0,1,0,4,4,6,6,9,6,0,52,0,3,1,1,1,1,1,1,3,31,17,5,4,2,2,5,5,6,8,51,14,1,2,5,8,6,4,1,0,121,0,1,2,4,4,4,0,144,0,46,14,4,9,15,23,28,28,21,12,51,16,4,0,0,0,5,8,7,5,1,1,1,1,1,1,1,1,0,0,115,0,0,1,3,2,1,3,5,12,0,8,3,2,1,1,1,1,5,3,2,5,10,10,8,3,1,0,0,0,0,0,0,15,46,1,0,0,0,0,168,12,0,0,0,0,0,0,0,0,0,0,0,0,0,3,0,0,0,0,0,0,0,13,54,111,141,183,155,130,107,72,44,25,7
0,16,17,74,137,0,111,86,38,3,0,0,0,0,0,0,0,0,0,0,0,0,0,0,0,0,0,0,0,0,12,8,2,0,44,0,1,3,0,1,0,0,2,0,20,0,0,0,0,1,1,4,5,5,5,5,5,0,212,0,4,0,10,9,7,5,4,1,4,5,3,4,5,5,0,5,0,129,0,0,0,1,1,1,0,45,1,33,1,4,8,8,10,7,2,0,0,1,1,1,1,1,1,1,0,39,3,5,4,2,2,3,5,5,7,0,1,1,1,4,7,7,1,2,4,0,1,1,2,4,4,4,6,0,3,70,20,4,9,15,18,28,26,19,4,74,23,4,2,39,40,5,9,7,4,1,1,0,0,1,1,1,0,0,0,180,0,1,1,2,1,1,2,5,1,53,7,2,1,1,1,1,2,0,3,2,5,8,10,8,3,1,0,0,0,0,0,2,14,72,1,0,0,0,3,0,0,0,0,0,0,0,0,0,0,0,0,0,0,0,0,0,0,0,0,0,0,0,25,71,117,143,147,148,129,95,62,38,22,9
0,16,54,6,130,135,127,95,50,7,0,0,0,0,0,0,0,0,0,0,0,0,0,0,0,0,0,0,0,0,5,3,2,0,197,0,1,1,1,0,0,0,1,22,78,0,0,0,1,1,1,4,5,5,3,6,7,2,14,0,4,4,8,9,6,4,2,2,4,5,5,4,4,4,1,1,0,7,0,2,0,1,1,1,0,198,0,142,0,7,9,9,9,7,4,0,1,2,1,1,1,1,1,1,0,198,3,6,4,1,1,2,5,5,5,5,4,1,1,3,6,7,0,2,1,1,1,1,2,4,4,5,5,3,3,5,2,3,7,17,5,28,25,17,0,6,5,5,2,172,172,5,9,9,3,1,1,1,0,1,0,1,0,1,0,9,0,1,1,1,1,1,1,5,0,200,4,1,1,1,1,1,2,0,2,2,4,6,9,8,3,1,0,0,0,0,0,2,0,4,1,0,0,0,0,1,0,0,0,0,0,0,0,0,0,0,0,0,0,0,0,0,0,0,0,0,0,0,34,82,123,143,146,141,122,86,55,31,18,7
1,18,24,62,130,155,137,107,62,17,0,2,0,0,0,0,0,0,0,0,0,0,0,0,0,0,0,0,0,0,0,192,0,0,71,0,1,1,1,0,0,0,0,9,29,0,0,0,1,1,2,4,0,6,4,6,7,9,11,65,4,5,8,7,5,3,1,3,5,6,6,5,4,4,4,0,2,0,1,0,161,1,0,1,0,72,0,54,2,9,9,9,8,7,5,65,21,3,2,1,1,1,1,1,0,74,4,6,5,1,1,2,5,5,4,5,4,1,0,0,4,6,117,0,1,1,1,1,1,2,3,1,6,5,4,63,18,3,7,15,10,25,22,12,163,0,3,6,4,64,65,8,10,9,3,1,1,0,1,1,1,1,115,0,1,0,0,0,1,1,1,1,4,0,0,76,4,3,0,2,1,1,0,189,0,1,2,5,8,3,3,1,0,0,0,0,0,0,188,0,1,0,0,0,0,0,0,0,0,0,0,0,0,0,0,0,0,0,0,0,0,0,0,0,0,0,0,3,45,93,130,133,144,133,121,76,47,26,15,4
0,17,81,97,131,153,146,118,85,30,0,0,66,0,0,0,0,0,0,0,0,0,0,0,0,0,0,0,0,0,0,149,0,0,0,3,1,1,1,0,0,0,1,0,0,0,0,0,1,1,3,4,67,0,5,6,7,10,22,59,4,5,7,7,4,1,1,3,5,8,7,5,0,7,6,3,3,1,1,0,142,0,67,0,0,0,0,0,9,9,9,8,8,7,6,61,20,3,2,1,1,1,3,0,5,0,5,5,5,1,1,1,3,3,4,5,4,1,11,37,2,4,104,0,1,1,1,1,1,2,0,0,5,5,5,60,17,3,8,15,19,22,18,8,142,0,3,7,7,0,0,11,0,9,5,0,1,1,1,1,1,1,102,0,0,2,0,0,1,1,1,1,0,112,4,0,3,0,110,0,2,0,0,167,0,1,1,4,6,3,3,1,1,0,2,0,0,0,167,0,0,0,0,0,0,0,0,0,0,0,37,11,0,0,0,0,1,0,0,0,0,0,2,0,1,0,0,8,59,107,135,187,136,126,68,74,40,21,12,2
0,15,151,83,132,156,153,131,78,46,2,0,137,0,0,0,0,0,0,0,0,0,0,0,0,0,0,0,0,0,0,13,0,0,0,0,1,1,0,0,0,0,1,1,1,1,0,1,1,2,4,4,137,0,3,5,7,7,5,0,4,5,7,7,5,0,1,3,6,10,7,6,24,6,7,7,5,0,0,3,0,0,137,4,11,0,30,0,7,9,8,7,7,7,6,1,4,3,1,1,1,1,0,30,0,4,4,4,3,1,1,1,2,2,3,4,4,1,21,76,1,4,0,3,1,1,1,1,2,2,12,5,3,4,5,0,0,3,10,16,23,22,14,6,0,13,7,8,9,8,8,7,27,8,0,26,1,1,1,1,1,1,0,1,25,0,0,1,1,1,1,1,0,225,0,5,2,0,225,0,0,31,1,0,2,1,1,3,5,8,3,1,1,0,0,25,0,3,0,2,0,0,0,0,0,0,0,0,0,0,75,19,18,0,0,0,0,18,0,0,0,0,0,29,0,0,0,15,73,118,138,234,129,122,24,72,36,17,8,1
0,15,62,92,131,157,156,148,0,63,8,0,20,0,1,0,0,0,0,0,0,0,0,0,0,0,0,0,0,0,0,222,0,0,0,0,1,3,0,1,0,0,1,1,1,1,0,1,1,3,5,4,19,0,0,3,7,3,5,4,5,6,9,7,4,1,1,3,7,10,9,8,140,0,9,8,6,0,1,1,0,0,19,21,76,0,225,0,6,7,7,5,5,4,1,6,4,1,1,1,1,0,0,225,0,2,1,1,1,1,1,1,2,2,2,4,4,1,4,11,1,2,3,2,1,0,1,1,2,2,76,21,1,3,4,3,1,3,10,17,23,19,12,4,0,76,25,8,10,10,10,0,142,7,0,191,0,1,1,1,1,1,0,0,191,0,0,1,1,1,1,1,0,31,3,4,2,0,29,0,0,225,0,0,1,1,1,3,5,8,3,1,1,0,0,191,0,1,0,1,0,0,0,0,0,0,0,0,1,0,10,0,136,0,0,0,0,136,0,0,0,0,0,225,0,0,0,26,83,125,146,160,132,118,85,59,33,14,4,0
0,11,41,92,128,155,159,150,64,76,18,1,0,167,0,0,0,0,0,0,0,0,0,0,0,0,0,0,0,0,0,109,0,0,0,0,0,0,167,0,0,0,1,1,1,1,1,1,1,4,5,4,0,19,59,4,6,4,5,5,5,8,10,8,5,3,1,3,7,4,10,10,74,3,9,9,0,103,1,1,1,2,0,11,37,0,110,0,5,6,6,5,4,20,60,6,3,1,1,1,1,1,0,110,0,1,1,1,1,1,1,1,2,2,3,6,0,6,0,0,1,1,0,2,0,1,1,2,3,2,38,11,1,2,0,5,1,3,13,19,22,16,9,2,1,37,14,8,10,10,11,0,73,6,0,94,0,1,1,1,1,1,0,0,96,0,0,0,1,1,2,0,3,0,5,4,2,3,0,5,0,112,0,1,1,1,1,3,3,0,3,1,1,1,0,93,0,1,1,1,0,0,0,0,0,0,0,0,0,0,0,0,66,0,0,0,0,66,0,0,0,0,0,110,0,0,0,38,94,130,150,142,185,107,46,57,31,13,1,0
27,18,45,88,123,149,159,149,130,68,29,1,0,176,0,0,0,0,0,0,1,0,1,0,0,0,0,0,0,0,1,0,2,0,0,0,0,0,189,0,0,0,1,1,1,1,1,1,1,3,5,4,4,21,67,5,5,5,5,5,6,9,10,9,0,5,3,4,7,3,9,10,0,12,9,9,0,117,1,1,1,1,1,0,0,2,0,3,4,0,6,5,4,22,66,4,2,1,1,1,1,2,0,0,3,1,1,1,1,0,2,1,1,2,3,2,87,0,84,0,1,2,54,7,30,2,1,2,4,2,0,0,1,0,72,0,1,4,16,24,23,16,4,0,1,0,2,8,10,0,11,11,0,4,0,0,1,1,1,1,1,1,0,0,0,74,0,0,1,1,3,1,3,3,5,5,3,1,1,0,72,0,4,1,1,1,1,2,13,32,3,1,1,1,3,0,0,0,2,1,1,0,0,8,28,0,0,0,0,0,1,2,0,0,0,0,2,0,0,0,0,0,2,0,1,0,1,50,103,135,150,148,187,101,27,54,29,5,0,0
77,29,42,84,118,143,156,152,118,55,37,1,0,2,0,9,0,0,0,0,0,10,0,0,0,0,0,0,0,0,0,0,0,0,0,0,0,2,0,1,0,0,0,1,1,1,1,1,1,3,5,5,5,4,2,5,5,5,5,5,8,10,10,10,16,4,4,4,7,9,6,9,10,10,9,8,7,0,2,1,1,1,1,1,1,1,1,1,2,13,4,5,4,4,2,3,1,1,1,1,1,0,7,1,2,1,1,1,1,9,0,1,1,2,3,0,233,0,233,0,0,4,143,12,80,2,2,2,4,1,1,1,1,0,198,0,1,6,18,27,23,16,1,1,1,3,5,8,9,18,8,7,4,2,9,0,1,1,1,2,2,1,0,0,0,197,0,0,1,2,4,4,4,4,5,5,4,1,1,0,198,2,3,1,1,1,2,2,26,81,3,1,1,1,0,0,0,7,0,1,0,0,0,21,78,0,0,0,0,9,0,0,0,0,0,0,0,0,0,0,0,0,0,0,0,0,8,61,110,138,149,146,127,100,72,44,24,15,1,0
17,9,40,80,112,138,153,154,131,91,35,0,0,205,0,180,0,0,0,0,0,212,0,0,0,0,0,0,0,0,0,0,0,0,0,0,0,1,0,1,0,0,1,1,1,1,0,1,1,2,3,6,6,6,0,8,5,4,5,5,8,10,10,9,182,0,0,6,6,9,9,10,12,11,9,0,4,0,1,1,1,1,1,1,1,1,1,1,1,181,0,5,7,0,2,2,2,1,1,1,1,0,129,1,2,2,1,1,0,180,0,2,0,2,4,5,59,0,53,0,3,4,37,8,21,2,2,4,4,1,1,1,0,1,45,0,1,7,19,30,8,16,5,1,1,4,5,8,0,183,0,6,3,0,180,0,1,1,1,2,2,1,0,0,0,44,0,0,1,3,4,5,4,4,5,5,4,1,1,0,45,4,2,1,1,1,2,4,10,22,3,1,0,1,0,1,0,131,0,1,1,0,0,5,17,0,0,0,0,180,0,0,0,0,0,0,0,0,0,0,0,0,2,0,1,0,16,70,116,141,147,143,124,78,61,40,9,129,0,0
0,0,40,77,109,135,152,156,131,79,88,14,0,136,0,115,0,0,0,0,0,136,0,0,0,0,0,0,0,0,0,0,0,13,47,0,0,0,1,1,0,0,0,1,1,1,0,1,1,1,3,7,9,7,124,0,5,4,5,6,8,10,10,9,121,0,143,0,6,7,8,10,13,4,11,52,17,1,0,1,1,1,1,1,1,2,1,0,1,117,0,5,0,144,0,2,3,2,1,1,2,0,87,0,4,1,1,1,0,116,0,0,87,2,4,1,0,8,0,122,0,4,0,7,0,2,3,4,1,1,1,1,1,1,0,3,0,0,22,17,133,15,7,3,3,5,6,8,2,119,0,5,1,0,116,0,1,1,1,1,1,0,1,0,2,0,0,0,1,4,5,5,7,0,6,5,4,1,1,3,0,3,1,1,1,1,2,5,3,0,3,1,1,1,0,0,142,69,0,1,1,0,0,0,0,0,0,0,0,115,0,0,0,0,0,0,0,0,0,0,0,0,0,142,0,0,25,81,125,144,147,139,110,188,88,35,12,83,0,0
0,0,29,75,109,131,152,159,132,70,111,20,2,0,4,0,0,1,0,0,1,0,2,0,0,0,0,0,0,0,0,0,0,19,70,0,0,1,1,1,0,0,0,1,1,1,1,1,1,1,3,7,3,7,178,0,5,5,5,7,8,10,10,10,0,20,210,54,0,6,7,11,13,2,8,74,22,1,0,1,1,1,1,1,3,2,1,1,2,0,7,3,0,208,0,2,4,4,1,1,0,60,0,60,1,2,1,1,0,0,23,0,126,2,4,26,6,5,0,177,0,5,7,6,4,2,4,5,0,1,1,1,1,1,1,1,1,44,20,2,183,15,3,5,4,6,7,6,7,0,7,4,1,3,0,4,1,1,1,1,1,0,1,0,0,0,0,0,1,3,5,5,0,62,2,5,4,1,1,1,1,0,2,1,1,1,2,5,5,5,3,1,2,0,0,0,200,0,2,1,1,0,0,0,0,1,0,0,0,0,3,0,0,0,0,0,0,0,0,0,0,0,0,208,0,0,35,92,133,149,147,134,101,228,97,32,20,0,0,0
0,0,19,74,107,132,153,161,145,109,54,4,0,0,0,0,0,0,0,0,0,0,0,0,0,0,0,0,0,0,0,0,0,1,3,0,0,1,0,1,0,0,0,1,1,1,1,1,1,1,3,8,0,7,9,3,5,6,7,7,8,9,10,10,10,85,17,255,0,6,9,12,12,12,2,9,3,1,1,1,1,1,1,1,5,1,2,2,2,4,4,2,4,10,2,2,5,6,2,1,0,233,0,234,0,3,1,1,1,1,78,22,5,1,3,81,28,5,2,6,0,5,5,5,1,1,4,5,4,1,1,1,0,0,0,1,4,145,10,5,31,16,4,4,4,7,7,5,5,4,4,4,4,4,1,1,1,1,1,1,1,1,1,0,0,0,0,0,1,3,4,5,0,233,0,4,2,1,1,1,1,0,2,1,1,1,2,4,5,4,4,1,1,0,0,0,1,0,0,0,0,0,0,0,0,1,0,0,0,0,0,0,0,0,0,0,0,0,0,0,0,0,0,6,0,3,45,101,139,153,146,133,109,81,52,30,15,2,0,0
0,182,117,72,95,211,153,163,150,118,56,5,0,0,0,0,194,0,0,0,0,0,0,0,0,0,0,0,0,0,0,0,0,0,0,168,0,1,1,1,0,0,0,0,1,1,1,1,1,1,1,0,119,3,0,4,5,3,9,9,5,7,9,10,10,35,0,95,0,6,10,10,12,13,7,3,1,1,1,1,1,1,1,3,6,5,4,0,1,0,2,2,4,0,2,4,6,8,1,1,0,78,0,78,0,2,1,1,1,1,27,9,0,1,2,30,14,5,2,0,4,0,8,4,1,1,4,3,4,1,1,0,0,0,0,1,7,60,19,19,13,15,122,0,6,7,6,5,4,4,2,4,5,4,2,1,3,0,1,1,0,0,0,0,0,0,0,0,1,2,5,6,2,55,0,3,1,1,1,1,0,194,0,1,1,1,2,4,5,4,2,1,0,194,0,0,183,0,0,0,0,0,0,0,165,0,0,0,0,0,0,0,0,0,0,0,0,0,0,0,0,0,1,0,0,7,56,119,143,154,146,130,105,65,47,6,12,0,0,0
0,152,93,67,92,196,152,168,152,125,70,16,0,0,0,0,161,0,0,0,0,0,0,0,0,0,0,0,0,0,0,0,0,0,81,123,0,0,1,1,0,0,0,0,1,1,1,1,1,1,1,0,101,13,40,2,5,5,10,10,5,6,5,8,10,1,4,0,4,6,10,10,12,11,10,5,2,1,1,1,1,1,1,3,1,8,4,72,5,40,2,2,2,1,1,5,8,9,2,1,2,0,6,0,0,3,1,1,1,1,0,0,3,1,1,0,4,4,1,1,0,118,0,3,1,1,3,3,4,1,1,0,0,0,0,2,13,7,24,24,18,13,104,0,7,7,5,4,3,3,1,4,5,4,3,0,0,71,1,1,40,11,0,0,0,0,0,1,1,1,4,7,0,94,0,1,1,1,1,1,0,161,0,1,1,1,2,3,3,5,0,2,0,161,0,0,161,0,0,0,0,0,0,0,136,0,0,0,0,0,0,0,0,0,0,0,0,0,0,0,0,0,0,0,0,22,70,80,151,153,144,125,98,68,45,9,0,1,0,0
1,0,35,59,95,119,148,143,157,135,85,30,0,0,0,1,0,2,0,0,0,0,0,0,0,0,0,0,0,0,0,0,0,0,191,0,0,0,1,1,0,0,0,0,1,1,1,0,1,1,1,3,0,22,75,1,4,10,10,10,6,5,2,7,9,8,5,3,2,6,9,10,12,10,10,4,2,1,0,1,1,1,1,7,18,7,4,135,8,75,2,0,2,0,1,4,9,8,4,1,1,1,1,1,30,0,1,1,1,1,0,36,0,1,1,4,5,3,1,1,0,222,0,2,1,1,2,5,3,1,1,0,0,0,1,5,18,24,23,17,14,10,0,9,7,7,5,4,2,2,2,4,4,5,3,0,0,135,1,1,75,20,0,0,0,0,0,1,1,2,3,7,0,222,0,0,1,1,1,1,2,0,3,1,1,0,1,2,2,0,31,2,3,0,1,1,0,2,0,0,0,0,0,0,0,2,0,0,0,0,0,0,0,0,0,0,0,0,0,0,0,0,0,0,0,41,84,50,154,150,140,120,92,63,39,23,44,0,0,0
0,0,150,54,87,120,141,64,173,142,101,43,1,0,0,0,0,0,0,0,0,0,0,0,0,0,0,0,0,0,0,0,0,0,21,0,0,0,1,1,0,0,0,1,0,1,1,0,2,1,1,2,1,3,9,1,5,10,10,10,6,5,4,7,7,9,7,4,4,6,9,10,10,10,8,3,1,1,1,1,1,1,1,25,80,5,4,16,3,10,3,0,4,0,2,2,7,10,4,1,1,1,1,0,193,0,1,1,1,1,0,227,0,1,1,4,4,1,1,1,0,26,2,2,1,1,2,2,1,1,1,0,0,0,0,9,21,26,22,14,6,8,8,9,8,7,4,4,4,4,4,4,5,5,3,2,0,15,1,1,9,2,0,0,0,0,1,1,1,2,2,7,7,28,0,1,1,1,1,1,1,0,1,1,3,0,0,1,1,0,193,1,1,0,1,1,0,0,0,0,0,0,0,0,0,0,0,0,0,0,0,0,0,1,0,0,0,2,0,1,0,0,0,0,7,54,97,122,147,145,133,114,88,59,36,9,229,0,0,0
0,0,74,47,84,111,132,119,47,156,116,59,6,0,0,0,0,0,0,0,0,0,0,0,0,0,0,0,0,0,0,2,0,0,0,2,0,0,1,1,0,0,0,0,1,1,1,105,0,1,1,1,1,0,0,1,5,10,9,2,7,5,5,7,6,9,8,5,5,6,9,10,10,9,7,2,1,1,1,1,1,1,1,11,37,3,4,0,3,0,0,172,0,170,0,1,5,8,5,1,1,1,1,0,88,0,1,1,1,1,0,104,0,1,3,0,2,1,1,1,2,0,6,3,1,1,1,1,1,1,0,0,0,0,0,11,23,28,19,11,63,22,8,9,7,7,4,4,4,4,4,4,4,4,2,1,2,0,1,1,0,0,0,0,0,0,1,1,1,2,3,6,10,0,2,1,1,1,1,1,1,1,3,0,0,147,0,1,1,0,88,1,1,1,1,1,0,0,0,0,0,0,0,0,3,0,0,0,0,0,1,0,92,0,0,0,0,0,172,0,0,0,0,0,16,69,110,141,159,139,125,107,80,55,33,12,104,0,0,0
0,1,0,39,46,103,123,163,36,162,128,76,18,0,0,0,0,0,0,0,0,0,0,0,0,0,0,0,0,0,0,0,46,1,0,0,0,1,1,0,0,0,0,0,1,1,1,112,0,1,1,1,1,1,1,1,5,10,9,1,8,0,0,8,7,9,10,7,3,6,10,10,10,8,5,1,1,1,1,1,1,1,1,0,0,2,3,3,5,5,0,185,0,191,17,1,2,5,4,0,1,1,1,1,0,4,1,1,1,1,2,0,3,0,0,34,12,1,1,1,1,2,4,4,2,1,1,1,1,1,0,0,0,0,2,15,26,27,17,8,63,20,6,8,6,6,4,4,4,4,4,4,4,3,1,1,1,1,1,1,0,0,0,0,0,1,1,1,3,3,0,4,7,3,1,1,1,2,0,2,1,1,0,91,0,156,0,1,1,3,0,1,1,1,1,1,0,0,0,0,0,0,0,0,0,76,0,0,0,0,0,89,157,0,0,0,0,0,184,0,0,0,0,0,26,83,120,146,90,135,115,96,71,49,30,15,0,2,8,30
0,0,7,33,5,96,115,135,161,158,136,89,36,0,0,0,0,0,0,0,0,0,0,0,0,0,0,0,0,0,0,0,149,0,0,0,0,1,1,0,0,0,0,0,1,1,1,0,2,1,2,1,1,1,1,1,4,10,10,10,8,22,16,9,9,9,10,9,0,6,9,10,10,7,4,1,1,1,1,1,1,0,1,1,1,1,2,4,5,5,6,0,3,12,83,1,1,3,6,9,2,1,0,0,0,1,1,2,2,1,1,1,1,2,9,81,23,0,1,1,1,2,4,4,2,1,0,1,1,0,0,0,0,0,5,18,27,25,16,5,0,1,4,7,5,5,5,5,5,5,5,4,3,2,1,1,1,1,1,1,1,0,0,0,0,1,1,1,4,0,13,4,5,2,1,1,1,0,15,0,1,1,0,231,0,0,1,1,1,1,1,1,1,1,1,0,1,0,0,0,0,0,0,0,0,196,0,9,0,0,0,233,111,0,0,0,0,1,0,1,5,0,9,1,34,91,127,155,3,132,104,84,63,42,26,12,1,0,21,77
0,0,6,30,41,83,109,131,153,156,140,100,52,0,0,0,0,0,0,0,0,0,0,0,0,0,0,0,0,0,0,0,159,0,3,0,2,0,0,0,0,0,2,0,2,0,0,0,1,1,0,0,1,1,1,1,4,9,9,10,0,204,115,10,10,10,10,10,5,5,2,8,9,7,3,1,1,1,1,1,1,1,1,1,1,1,2,2,7,1,8,0,2,19,88,1,1,2,24,75,3,1,1,0,0,0,1,2,4,2,1,1,1,18,68,19,6,0,2,1,1,2,2,2,1,2,0,3,0,0,0,0,0,0,6,20,26,22,12,3,0,1,4,5,5,7,7,5,5,5,5,5,3,1,1,1,1,1,1,1,1,0,0,0,1,1,1,3,4,0,183,1,3,0,1,1,1,0,216,0,1,1,0,47,2,0,1,1,1,1,1,1,1,1,1,1,0,1,1,1,0,0,0,0,0,39,0,131,0,0,70,66,20,0,0,0,0,1,0,0,72,6,131,2,41,95,129,142,105,118,96,76,55,37,22,9,1,0,4,15
0,0,5,25,49,72,99,123,143,153,143,112,57,150,0,0,0,0,0,0,49,13,0,0,0,0,0,0,0,0,0,1,66,0,0,126,0,90,14,49,0,1,0,149,0,0,0,1,1,1,42,12,1,1,1,1,3,6,8,9,3,126,77,0,11,10,10,10,8,6,48,21,9,6,3,1,1,1,1,1,1,1,1,1,1,1,3,4,7,5,9,5,1,11,37,1,1,1,15,47,4,1,0,0,0,0,1,3,5,4,1,1,1,26,95,0,0,93,0,2,1,2,2,1,1,0,149,0,13,49,0,0,0,1,9,20,24,19,10,2,1,1,3,5,5,8,7,5,5,6,6,6,3,1,1,1,1,1,1,1,0,0,0,0,1,1,1,4,4,0,110,0,1,0,1,1,1,0,130,0,1,1,3,0,0,126,0,2,1,1,1,1,1,1,1,1,0,1,1,1,0,1,0,0,2,0,0,78,0,0,44,0,0,1,0,0,0,0,0,0,43,4,78,3,48,100,129,128,137,108,86,65,46,30,17,5,1,0,0,0
0,0,3,20,38,64,88,115,133,143,144,123,72,214,1,0,0,0,0,0,68,18,0,0,0,0,0,0,0,0,0,0,0,2,0,173,0,123,18,68,0,1,0,203,0,0,0,0,1,1,90,25,1,1,1,1,2,4,7,8,11,0,0,73,7,10,11,4,9,7,90,31,8,4,2,1,1,1,1,0,3,3,2,1,1,1,4,7,8,10,9,5,1,0,0,1,1,1,0,0,4,1,0,0,0,0,1,3,5,5,0,1,1,17,62,3,1,118,52,0,3,0,3,1,1,0,204,0,18,68,0,0,1,0,14,19,21,15,8,1,1,1,5,0,7,5,7,5,5,6,8,7,4,1,1,1,2,0,1,1,0,0,0,0,1,1,2,4,4,4,0,1,1,1,1,1,1,3,0,2,1,1,1,1,0,173,1,2,2,1,1,1,1,1,1,1,1,2,0,1,1,1,0,0,0,0,2,0,0,0,0,0,0,0,0,0,0,0,0,0,0,0,0,10,57,104,127,150,114,101,77,57,38,24,12,2,0,0,0,0
0,0,1,17,32,55,77,102,123,136,142,131,103,66,20,0,0,0,0,0,1,0,0,0,0,0,0,0,0,0,0,0,0,0,0,3,1,2,0,1,0,1,1,3,0,0,0,0,1,1,79,22,1,1,1,1,2,3,5,6,10,10,0,234,0,10,10,8,9,7,83,28,6,4,1,1,1,1,1,0,3,4,3,1,1,1,5,8,9,10,8,4,1,1,1,1,1,1,2,5,3,1,0,0,0,0,1,2,5,5,0,1,1,1,2,2,1,0,234,0,4,0,2,1,1,1,3,0,0,1,0,0,0,0,15,18,18,12,5,1,1,1,5,5,8,1,5,4,5,6,9,7,5,1,1,1,1,0,1,0,0,0,0,0,1,1,4,4,4,1,1,1,1,1,1,1,1,1,1,1,2,1,1,1,1,3,2,2,2,1,1,1,1,1,1,1,1,1,0,1,1,1,0,0,0,0,0,0,0,0,0,0,0,0,0,0,0,0,0,0,0,0,0,23,69,109,125,195,102,93,72,54,34,19,9,0,0,0,0,0
146,0,2,0,28,48,69,44,115,211,128,136,117,70,33,0,0,0,0,0,0,0,0,0,0,0,0,0,0,0,0,0,0,0,1,0,2,0,0,0,0,1,4,0,2,0,0,1,0,1,21,6,1,1,1,1,1,2,4,5,8,10,6,79,7,9,0,126,8,6,91,28,5,2,1,1,1,1,0,169,0,5,4,1,0,2,6,9,10,10,8,4,1,1,1,1,1,1,4,4,2,1,0,0,0,0,1,1,5,0,4,1,1,0,0,1,1,0,72,0,0,199,0,1,1,2,0,1,0,0,0,0,0,199,7,17,14,9,2,1,1,2,0,200,0,5,0,5,4,8,9,8,5,1,1,1,0,121,1,0,0,0,0,0,1,0,2,4,4,1,1,1,1,1,1,1,1,1,1,1,2,1,1,1,2,0,2,4,0,2,1,1,1,1,1,0,0,0,199,0,1,1,1,0,0,0,0,0,0,0,0,0,0,0,0,0,0,0,0,0,0,0,2,39,83,116,126,139,99,87,69,50,30,16,4,1,0,0,0,0
114,0,0,128,14,41,60,43,96,161,126,140,127,93,45,0,0,0,0,0,0,0,0,0,0,0,0,0,1,0,0,0,0,0,0,1,1,0,0,0,0,0,0,121,0,0,0,0,0,3,0,0,1,1,3,0,1,2,4,5,8,10,15,0,0,10,0,99,6,5,49,17,4,1,1,1,1,1,0,115,0,6,5,2,1,3,7,10,10,10,8,4,0,2,1,1,1,2,4,4,1,1,0,0,0,0,1,1,2,106,0,2,0,1,1,1,1,3,0,5,0,157,0,1,1,1,0,0,0,104,27,11,0,159,9,9,9,5,1,1,1,1,0,158,0,0,125,0,4,7,9,6,4,1,1,1,0,94,0,0,0,0,0,1,1,42,15,4,3,1,1,0,2,1,1,1,1,1,1,1,1,1,1,1,1,2,2,0,124,0,1,1,0,1,1,0,0,0,155,0,1,1,1,0,0,0,0,0,0,0,0,0,0,0,0,0,0,0,0,0,0,0,8,59,100,124,126,110,95,81,65,47,26,12,2,0,0,0,0,0
0,0,0,219,3,30,51,76,79,67,129,141,135,105,56,6,0,0,0,0,0,0,0,0,0,1,0,25,0,0,0,0,0,0,0,1,0,1,0,0,14,5,0,223,3,0,0,0,1,0,35,1,1,1,0,35,2,2,4,5,8,10,12,9,41,2,8,0,5,5,0,3,2,1,1,1,1,1,1,18,2,7,5,1,0,2,5,10,10,10,9,4,25,0,0,2,1,3,4,4,1,1,0,0,0,0,0,0,0,186,0,0,25,1,1,1,1,1,1,6,2,0,3,1,1,1,0,0,0,186,48,20,3,0,12,24,12,1,1,1,1,1,7,0,6,0,219,0,4,6,8,5,3,1,1,1,1,0,0,0,0,0,0,1,0,74,23,4,2,1,0,0,2,1,1,2,2,1,1,1,1,1,1,1,2,2,2,0,219,0,1,1,0,0,0,0,0,2,0,1,0,1,1,1,0,0,0,0,0,0,0,0,0,0,0,0,0,0,0,0,0,0,19,78,115,130,125,100,91,76,60,43,23,8,1,0,0,0,0,0
0,0,0,19,8,17,43,64,80,95,123,139,139,111,70,14,0,0,0,0,0,0,0,0,0,2,0,139,0,0,1,0,1,0,0,2,0,2,0,0,76,22,0,41,76,0,0,0,0,0,195,0,1,1,0,195,0,3,4,5,8,10,10,8,197,0,7,6,5,5,5,4,1,1,1,1,1,1,0,194,0,7,5,1,0,3,0,10,10,10,9,4,139,0,0,3,1,3,4,3,1,1,0,0,0,0,0,0,0,17,0,0,140,1,1,1,1,1,1,6,0,1,1,1,0,0,0,0,0,16,4,2,2,9,2,81,24,1,1,1,1,1,5,4,5,1,20,0,4,6,7,4,1,1,2,2,1,0,0,0,0,0,0,0,0,9,4,4,2,1,0,2,2,2,2,2,4,1,1,1,1,1,1,0,1,2,2,0,20,0,1,1,0,0,0,0,0,0,0,0,0,1,1,1,0,0,0,0,0,0,0,0,0,0,0,0,0,0,0,0,0,0,32,92,126,136,125,49,93,72,56,39,20,6,0,0,0,0,0,0
0,0,1,0,5,19,40,60,75,93,120,137,134,124,85,30,0,0,0,0,0,0,0,0,151,0,0,58,0,0,0,178,0,0,0,0,178,0,0,0,35,10,2,0,33,0,0,1,17,49,83,0,1,1,0,83,2,4,5,6,9,10,10,9,84,0,5,7,5,5,5,4,1,0,1,1,1,0,2,82,0,6,5,18,60,3,4,10,10,10,7,4,59,0,152,0,1,2,3,2,1,1,0,0,0,0,0,0,0,0,3,0,60,2,1,1,1,1,1,0,153,0,1,1,0,0,0,0,0,0,0,0,2,10,7,98,27,1,1,1,1,1,2,5,3,2,0,4,5,7,6,3,1,1,3,3,1,1,16,59,0,0,0,16,211,0,0,3,2,1,61,20,3,2,1,4,5,2,1,1,1,1,1,1,1,1,1,2,0,2,1,1,0,0,0,0,0,0,0,0,0,0,1,1,0,0,0,2,0,1,0,0,0,0,0,0,0,0,0,0,0,0,46,106,137,133,127,80,86,68,50,34,16,3,0,0,0,0,0,0
0,0,0,0,1,19,36,54,70,86,94,126,164,132,103,50,4,0,0,0,0,1,0,0,151,0,0,0,2,0,0,178,0,0,0,0,178,0,0,82,0,0,1,0,0,0,0,0,17,63,0,1,2,0,4,0,5,5,6,7,10,10,10,10,0,7,5,8,5,5,5,4,1,0,1,1,1,59,0,0,6,5,5,18,60,3,7,8,8,8,6,4,0,1,151,0,1,1,2,2,1,1,0,0,0,0,0,0,0,0,1,3,0,2,1,1,1,0,2,0,151,0,1,1,0,0,0,0,0,0,0,1,2,9,11,57,16,1,1,1,1,1,1,3,2,1,2,4,6,7,5,2,1,1,5,5,0,2,16,61,0,0,1,16,211,0,1,2,2,1,61,20,4,2,2,5,5,3,1,1,1,1,1,1,1,1,1,1,1,1,1,1,1,0,0,0,0,0,0,0,0,0,1,1,0,0,0,0,96,0,32,9,0,0,0,0,0,0,0,0,0,0,59,125,139,175,128,111,79,65,32,28,12,0,0,1,0,1,0,0
6,2,0,0,0,12,28,48,66,83,67,113,196,136,120,72,16,0,0,0,0,0,11,0,0,2,0,0,0,0,0,0,1,0,0,2,0,2,0,195,0,1,1,1,0,6,2,0,0,0,1,1,0,20,0,3,5,6,7,7,9,10,10,8,2,5,7,10,7,5,5,4,1,1,1,1,1,140,0,1,3,5,5,1,0,3,7,7,7,5,5,5,3,1,0,3,1,0,2,2,1,1,1,0,0,0,0,0,0,0,0,1,2,2,1,1,0,13,0,1,0,1,0,0,0,0,0,0,0,0,0,1,2,7,9,2,1,1,1,1,1,1,2,2,2,2,4,5,7,7,4,1,1,2,7,4,20,0,0,0,16,1,1,0,0,3,1,2,2,2,0,3,3,2,4,4,5,4,1,1,1,1,1,1,1,1,1,1,1,1,1,1,0,0,0,0,0,0,0,0,0,0,0,1,0,0,0,0,230,0,77,19,0,0,0,0,0,0,0,0,0,8,73,113,138,219,127,105,79,56,52,22,9,0,0,0,19,0,0,0
73,20,0,0,0,5,21,41,63,79,89,115,147,146,134,90,34,0,0,0,0,0,120,0,0,1,0,0,0,0,0,0,0,0,0,1,0,1,0,34,0,1,1,1,0,73,21,0,1,0,1,1,0,219,0,3,7,4,9,9,9,10,13,0,6,4,7,10,9,0,7,4,1,1,1,1,1,25,0,1,2,5,5,3,0,4,7,7,5,4,6,7,5,4,0,6,2,2,2,2,2,1,1,0,0,0,0,2,0,0,0,1,1,1,1,1,1,133,0,0,0,1,0,0,0,0,0,0,0,0,0,1,2,6,6,4,2,1,1,3,2,1,2,1,2,4,5,6,7,6,4,1,1,4,7,0,219,0,0,0,186,0,1,1,0,2,1,2,4,2,1,5,0,2,4,0,5,5,1,1,1,1,1,1,1,1,1,1,1,0,0,2,0,0,0,0,0,0,0,0,2,0,0,0,0,0,0,0,40,0,14,0,2,0,0,0,0,0,0,0,0,19,94,12,154,157,128,105,77,34,192,16,4,0,0,0,219,0,0,0
41,11,0,0,0,2,13,33,58,75,92,109,127,151,146,108,53,1,0,0,0,0,168,0,0,0,0,0,0,0,52,14,0,1,0,1,1,0,0,0,2,1,1,1,1,41,1,94,1,1,2,0,0,123,0,4,7,7,9,9,9,10,0,153,2,0,7,10,9,136,0,4,3,0,2,2,0,0,1,1,1,5,7,0,3,4,3,8,5,5,6,2,9,6,133,0,5,0,2,2,3,1,1,0,0,0,0,0,169,44,0,0,1,1,1,1,1,75,0,124,0,2,0,1,0,0,0,0,0,0,0,1,3,5,5,4,2,1,3,4,4,3,0,2,2,4,6,7,6,5,2,1,2,6,9,0,123,0,0,0,105,0,1,1,0,1,1,3,4,3,3,0,95,4,4,57,21,4,1,1,1,1,1,0,1,1,1,1,0,0,0,0,95,0,0,0,0,0,0,131,0,0,0,0,0,0,0,2,0,1,0,153,0,0,0,0,0,0,1,0,0,32,101,70,156,136,127,103,75,40,118,13,2,0,0,0,123,0,0,0
0,0,0,0,0,0,7,20,52,70,84,101,127,150,153,124,71,12,0,0,0,0,105,0,0,0,0,0,0,0,66,18,43,0,0,1,1,0,0,0,0,1,1,1,1,0,0,121,1,1,0,71,0,0,2,5,7,10,8,6,9,8,0,201,0,64,6,10,8,171,0,4,0,71,0,0,71,0,0,2,0,5,0,73,0,3,1,8,5,5,6,2,11,8,172,0,2,46,2,2,4,3,1,0,0,0,0,0,217,57,0,0,1,1,1,1,1,0,8,193,0,0,44,1,0,0,0,0,0,0,0,1,3,5,3,4,2,1,5,5,7,0,45,0,1,5,7,7,4,3,2,3,4,8,9,4,0,2,0,3,0,1,1,1,0,1,3,0,4,3,5,0,122,3,5,72,24,3,1,1,1,1,1,0,1,1,1,0,0,0,0,0,121,0,0,0,0,0,0,169,0,0,0,0,0,0,0,0,0,0,0,199,0,0,0,0,0,44,0,0,2,46,105,156,150,146,123,98,72,51,7,10,0,0,0,1,0,2,0,0
0,0,0,0,0,0,3,22,47,65,79,96,123,147,155,135,86,25,0,0,0,0,0,0,0,0,0,0,0,0,0,0,142,0,0,0,0,0,0,0,0,1,1,1,1,1,1,0,1,1,0,234,0,1,2,4,9,10,10,10,8,7,7,5,0,199,5,9,9,4,5,4,0,234,0,0,234,0,0,1,3,5,0,234,0,2,5,7,7,5,8,10,10,10,8,2,0,144,4,4,4,4,1,1,0,0,0,0,0,0,0,0,0,1,1,1,1,1,22,77,1,0,142,1,0,0,0,0,0,0,0,1,4,4,0,2,2,3,4,6,9,7,144,0,0,6,7,6,4,2,2,4,6,9,8,3,1,0,0,1,1,1,1,1,1,1,4,6,5,1,6,4,3,0,5,7,5,2,1,1,1,1,1,1,1,1,1,0,0,0,0,0,0,0,0,0,0,0,0,0,0,0,0,0,0,0,0,0,0,0,0,0,0,0,0,0,2,142,0,0,5,58,116,147,150,137,118,92,68,45,24,8,0,0,0,0,0,0,0,0
0,0,0,0,0,0,0,136,41,61,76,92,119,144,158,135,101,40,0,0,0,1,0,0,0,0,0,0,0,0,0,0,39,0,0,0,0,0,0,0,0,1,1,1,1,1,2,0,1,1,0,65,0,1,2,5,7,10,28,74,7,6,6,0,0,58,6,9,9,0,5,4,0,64,0,0,64,0,0,0,173,0,121,68,0,2,4,8,8,6,10,2,11,10,3,9,6,46,6,4,2,4,3,1,0,0,0,1,0,0,0,0,0,0,1,1,1,0,8,15,2,0,40,1,0,0,0,0,0,0,1,2,5,2,1,3,0,6,4,6,0,204,23,0,2,6,7,0,5,2,2,4,8,10,7,0,0,0,0,1,1,1,1,1,2,2,0,125,7,5,6,6,0,3,5,0,2,1,1,1,1,1,1,1,1,1,1,0,0,0,0,1,0,0,0,0,0,0,0,0,1,0,0,0,0,0,0,0,0,0,0,0,1,0,0,0,203,20,0,0,8,69,123,148,158,35,113,90,63,41,21,6,0,0,0,0,0,0,0,0
1,0,2,12,43,0,0,98,33,53,71,89,121,140,151,182,116,60,4,0,0,0,0,0,0,0,0,0,0,0,0,0,0,1,0,0,0,0,0,0,0,0,1,1,1,1,1,1,1,1,2,0,3,1,1,4,7,10,22,57,7,5,5,5,8,0,8,9,8,3,0,2,3,0,4,0,0,2,12,27,127,0,99,0,3,1,3,8,9,8,10,4,7,10,5,11,12,0,8,4,2,3,4,1,0,2,0,0,0,0,0,0,0,0,3,0,2,67,0,0,1,2,0,1,0,0,0,0,0,0,1,2,4,2,1,0,131,0,4,6,0,151,0,3,7,0,7,83,0,2,4,6,9,10,6,0,0,0,0,1,1,1,1,1,2,4,0,94,7,8,7,2,5,4,5,49,15,1,1,1,1,1,1,1,1,1,1,0,0,0,0,0,0,0,0,0,0,0,0,0,0,0,0,0,0,0,0,0,0,0,0,0,0,0,0,0,148,0,1,0,18,69,130,153,171,47,110,51,56,35,17,5,0,0,0,0,0,0,0,0
0,46,0,20,72,0,2,0,26,45,65,86,99,139,142,232,128,79,15,0,0,0,0,0,0,0,0,0,0,0,0,0,0,0,0,0,0,0,0,0,0,0,1,1,1,1,1,1,1,1,1,1,1,1,1,1,6,9,7,2,7,5,5,5,7,7,5,9,7,1,16,8,1,1,0,40,0,0,20,75,0,6,0,50,0,1,2,7,9,9,9,12,4,9,2,10,10,10,9,5,2,2,4,2,40,0,0,0,0,0,0,0,0,0,0,40,0,159,0,1,1,1,1,1,0,0,0,0,0,0,1,2,3,1,0,0,216,0,4,4,6,0,5,3,0,46,7,134,0,4,6,7,9,8,4,1,0,0,0,1,1,1,1,1,2,5,7,0,7,7,7,1,5,4,5,74,21,1,1,1,1,1,1,1,1,1,1,0,0,0,0,0,0,0,0,0,0,0,4,15,0,0,0,0,0,0,0,1,0,0,0,0,0,0,0,1,0,2,0,0,31,117,129,154,162,151,105,28,51,31,14,4,0,0,0,0,0,0,0,0
0,231,0,1,5,0,0,3,20,38,61,82,41,143,142,229,137,94,25,0,0,0,0,1,0,0,0,0,0,0,0,0,0,0,0,0,0,0,0,0,0,0,1,1,1,1,1,1,1,1,0,2,2,1,1,0,4,8,9,7,7,5,5,5,7,7,0,10,9,4,80,25,3,1,0,197,0,0,1,6,0,4,0,231,0,1,2,6,7,9,9,10,9,9,6,9,10,10,10,6,2,2,3,2,197,0,0,0,0,0,0,0,0,0,0,197,0,149,0,2,2,1,1,0,0,0,0,0,0,1,1,2,2,0,0,4,19,3,2,2,4,3,3,4,0,198,6,13,3,4,7,7,6,5,1,1,0,0,0,1,1,1,1,1,3,5,7,7,7,7,7,5,2,4,6,5,2,1,1,1,1,1,1,1,1,1,0,0,0,0,0,0,0,0,0,0,0,0,21,77,0,0,0,0,0,0,0,1,0,1,0,0,0,0,0,0,0,0,0,0,37,230,120,145,121,215,97,68,48,29,15,1,1,0,0,0,0,0,0,0
0,90,0,0,0,0,2,0,11,17,55,80,82,135,148,181,148,96,184,0,0,0,111,0,0,0,0,0,0,0,0,0,0,0,3,0,0,0,0,0,0,0,1,1,1,0,0,1,1,1,2,3,3,1,1,62,21,8,8,7,5,5,6,6,7,8,6,10,9,5,34,12,4,1,0,77,0,1,0,0,1,2,0,90,0,1,1,8,0,9,8,9,10,7,7,8,10,10,10,8,2,2,2,4,77,0,0,0,0,0,0,0,0,0,0,76,0,47,2,5,0,1,1,0,0,0,0,0,0,1,1,2,2,18,64,8,0,6,2,1,3,3,2,4,0,80,1,0,5,5,7,8,3,2,1,0,0,0,0,1,1,1,1,1,3,5,7,7,7,7,7,5,4,5,4,0,0,1,1,1,1,1,1,1,1,1,0,0,0,0,0,1,0,0,0,0,0,0,8,30,0,0,0,0,0,0,0,0,184,0,0,0,0,0,0,0,0,0,0,3,54,157,188,133,123,138,93,72,45,12,15,1,0,0,0,0,0,0,0,0
1,0,2,0,0,0,0,62,15,51,49,76,115,128,150,152,156,112,196,7,0,0,105,0,0,0,0,0,0,0,0,0,0,0,0,89,0,0,0,0,0,0,0,1,1,34,10,1,1,1,3,4,3,1,1,58,20,5,7,7,5,5,6,7,7,7,10,10,9,6,0,4,5,3,7,0,2,1,0,0,1,1,7,0,38,0,1,0,106,1,6,8,8,7,7,7,10,10,10,5,4,2,2,4,0,4,0,0,0,0,0,0,0,0,0,0,3,0,1,0,89,0,1,0,0,0,0,0,0,1,2,2,1,17,62,9,8,5,2,1,1,2,0,5,8,0,1,3,4,6,7,7,1,0,1,0,0,0,0,1,1,1,1,1,2,4,7,7,8,0,9,6,6,5,4,3,1,1,1,1,1,1,1,1,1,0,0,0,0,0,0,1,0,0,0,0,0,0,0,0,0,0,0,0,0,0,0,0,172,0,0,0,0,0,0,0,0,0,0,15,72,100,147,134,118,145,89,66,44,10,12,2,0,0,0,0,0,0,0,0
0,0,0,0,0,0,0,138,22,92,45,72,104,127,146,159,160,138,75,29,0,0,0,1,0,0,0,0,0,0,0,0,0,0,0,190,0,0,0,0,0,0,0,1,1,76,21,1,1,1,3,4,2,1,1,0,2,2,7,5,5,5,7,7,7,8,10,10,10,8,7,7,6,5,1,26,3,1,1,0,1,1,3,22,74,22,1,0,227,0,6,5,7,7,5,5,9,10,10,2,5,1,1,4,4,1,1,0,0,0,0,0,0,0,21,0,0,16,1,0,193,0,0,0,0,0,0,0,0,1,2,2,1,0,0,9,9,6,2,1,1,2,16,3,5,5,4,1,4,6,7,5,1,1,0,0,0,0,1,1,1,1,1,1,1,3,6,8,9,29,4,7,6,5,4,1,1,1,1,1,1,1,1,1,1,0,0,0,0,0,0,1,1,0,0,0,0,0,0,0,0,0,0,0,0,0,0,2,0,1,0,0,0,0,0,0,0,0,0,28,87,123,55,141,102,209,84,63,34,22,7,1,0,0,0,0,0,0,0,0
0,1,0,0,0,0,0,21,5,28,42,69,101,127,145,150,160,144,97,45,0,0,0,0,0,0,0,0,0,0,0,0,0,0,185,5,0,0,0,0,0,0,0,1,1,12,4,1,1,1,1,4,0,2,1,0,2,4,5,5,5,5,8,9,7,9,10,10,10,9,8,7,7,5,0,190,3,1,1,0,1,1,1,4,0,189,0,0,37,2,6,0,9,7,5,5,7,9,9,7,5,2,1,4,1,3,1,0,0,0,0,0,2,0,190,0,0,135,1,0,30,1,0,0,0,0,0,0,0,1,0,0,1,2,0,10,9,6,4,1,1,2,135,0,5,5,4,2,2,5,5,4,1,1,0,0,0,0,1,2,2,1,1,1,1,3,0,9,8,191,0,7,6,5,3,1,1,1,1,1,1,1,1,1,0,0,0,0,0,0,1,1,1,1,1,0,0,0,0,0,0,1,0,0,0,0,0,0,0,0,1,0,2,0,0,0,0,0,1,45,99,131,126,129,101,114,79,61,2,19,5,0,0,0,0,0,0,0,0,0
0,0,97,0,0,0,1,0,0,8,36,64,97,124,134,205,157,149,115,64,8,0,0,0,0,0,0,0,2,0,0,0,0,0,101,0,0,0,0,0,0,0,0,0,1,0,0,0,0,2,1,3,98,0,1,1,1,3,4,5,5,5,8,9,7,9,10,10,10,9,9,7,7,5,0,103,5,1,1,1,1,1,1,0,0,92,0,4,0,5,0,162,0,6,0,7,5,6,7,0,0,2,1,4,4,5,2,1,1,0,0,0,0,160,91,0,0,71,1,6,0,1,0,0,0,0,0,0,1,4,34,16,1,4,0,12,9,6,4,2,2,2,72,0,6,7,0,3,2,5,5,4,1,1,0,0,0,0,1,2,2,1,1,1,1,3,2,9,2,104,0,7,6,5,3,1,1,1,1,0,0,0,1,1,0,0,0,0,0,0,1,1,1,1,1,0,0,0,0,0,0,0,97,0,0,0,0,0,2,0,0,161,0,0,0,0,0,0,6,61,113,138,145,123,187,71,73,53,13,15,1,2,0,0,0,3,0,0,0,0
0,0,118,0,0,0,0,0,1,11,32,58,90,118,128,210,151,152,128,83,23,0,0,0,0,0,0,47,0,0,0,0,0,0,0,3,0,0,0,0,0,0,0,0,1,1,1,40,73,0,1,1,119,0,1,1,1,1,4,5,5,5,8,8,7,9,10,10,10,9,9,7,6,5,8,0,5,2,1,1,1,1,1,1,3,6,9,2,2,3,0,195,0,4,68,0,3,3,3,60,59,1,2,4,7,5,3,1,1,0,0,0,0,194,0,3,2,0,1,0,66,0,0,0,0,0,0,0,1,0,130,18,2,3,66,1,9,6,4,2,2,2,0,7,8,3,80,0,2,4,5,4,0,1,0,0,0,1,1,2,2,1,1,1,1,3,6,9,2,0,12,8,0,5,2,1,1,1,1,0,0,0,1,1,0,0,0,0,0,1,1,1,1,1,1,1,0,0,0,0,0,0,118,0,0,0,0,47,0,0,0,194,0,0,0,0,0,0,17,76,125,142,137,120,199,71,67,44,28,11,0,0,47,0,65,0,0,0,0,0
0,0,0,0,0,0,0,0,0,8,29,52,83,112,130,137,147,153,135,97,38,1,0,0,0,0,0,142,0,0,0,0,0,0,0,0,0,0,0,0,0,0,0,0,1,1,1,120,219,0,1,1,0,1,1,1,1,1,4,5,5,5,7,7,7,8,9,9,9,8,7,7,5,5,5,5,5,2,1,1,1,1,1,1,1,79,23,2,2,1,1,0,4,3,199,0,2,1,0,172,172,0,3,5,7,6,5,3,1,0,0,0,0,0,0,0,0,0,0,0,198,0,0,0,0,0,0,0,1,0,197,0,3,4,199,0,9,6,4,1,2,2,5,7,7,0,234,0,1,3,5,4,1,1,0,0,0,1,1,2,2,1,1,1,1,3,7,9,10,9,8,7,8,4,1,1,1,1,1,0,0,0,0,1,0,0,0,0,0,1,1,0,1,1,1,1,0,0,0,0,0,0,0,0,0,0,0,142,0,0,0,0,0,0,0,0,0,0,30,89,133,144,134,117,98,79,62,38,18,7,0,0,142,0,198,0,0,0,0,0
0,0,0,0,0,0,0,0,0,7,24,46,77,90,122,130,142,152,142,111,52,1,0,0,0,0,0,35,0,0,1,0,2,0,0,0,0,0,0,0,0,0,0,0,1,1,0,30,55,0,1,1,0,1,1,1,1,1,3,8,0,5,6,6,7,7,8,8,6,7,2,7,5,5,5,5,5,3,1,1,1,1,1,1,1,21,7,3,4,3,4,0,5,4,53,0,1,1,1,44,44,3,4,7,7,7,5,4,5,3,0,0,1,0,0,0,0,0,0,0,49,0,0,0,0,0,0,0,1,0,49,1,4,23,122,1,8,5,2,1,1,2,4,9,2,8,62,0,1,4,4,4,1,1,0,0,1,1,2,2,0,1,1,2,2,5,7,9,10,8,7,0,128,4,1,1,1,3,0,1,0,0,1,0,0,0,0,0,2,0,1,1,1,1,1,0,0,0,0,0,0,0,0,0,0,0,0,35,0,0,0,0,1,0,0,0,0,0,42,101,129,145,126,115,93,76,58,34,15,3,1,0,35,0,49,0,0,0,0,0
0,0,0,0,0,0,0,0,0,5,19,38,58,182,108,126,137,149,148,121,65,9,0,0,0,0,0,0,1,0,0,136,0,0,0,1,0,0,0,0,0,0,0,1,1,1,0,0,0,2,1,1,1,1,1,1,1,1,2,0,118,4,4,4,6,7,6,6,4,6,4,7,5,3,0,6,5,4,1,1,1,1,1,1,1,0,0,4,5,5,4,4,4,4,0,4,1,1,1,0,0,4,5,7,7,6,5,6,10,0,113,0,0,0,0,0,1,0,0,2,0,0,0,0,0,0,0,0,1,4,0,3,4,19,35,9,6,3,2,1,1,2,4,10,5,13,0,5,1,5,4,4,0,2,0,2,0,0,3,2,1,1,2,3,5,7,8,9,8,7,5,0,88,3,1,1,1,0,134,0,0,0,0,0,0,0,1,69,0,0,1,1,1,1,1,45,12,0,0,0,0,0,0,0,0,0,0,0,1,0,0,0,0,0,2,0,0,0,55,105,189,140,166,112,94,71,51,29,11,1,0,1,0,0,0,4,0,2,0,0
0,0,1,0,0,0,0,0,0,2,16,32,44,220,94,120,131,146,150,128,77,22,0,0,0,0,0,0,0,0,0,212,0,0,0,1,0,0,0,0,17,5,1,0,2,0,1,1,1,1,1,1,1,1,1,1,1,1,2,0,181,4,4,4,5,7,5,4,3,5,8,7,5,9,20,7,5,5,2,1,1,0,2,1,1,1,2,4,5,5,4,4,4,4,4,2,1,1,1,1,2,4,5,7,7,5,3,7,14,0,183,0,0,0,0,0,0,32,0,0,0,0,0,0,0,0,0,0,1,2,2,4,5,5,0,7,5,2,2,1,1,2,4,9,11,7,57,0,3,5,5,4,32,0,0,0,50,30,4,2,2,2,3,6,7,8,9,9,7,7,5,5,0,2,1,1,1,0,217,7,0,0,0,0,0,0,0,160,0,0,1,1,1,1,0,71,19,0,0,0,0,0,0,0,0,0,0,0,0,0,0,0,0,0,0,44,0,7,68,111,219,136,185,109,91,67,46,21,8,1,0,0,0,0,0,0,52,0,0,0
0,0,1,0,0,0,0,0,0,0,13,27,49,82,92,113,125,142,151,133,88,33,0,0,0,0,0,0,0,0,0,10,0,0,0,1,1,0,0,0,78,21,1,0,2,0,1,1,1,0,1,1,1,1,1,1,1,2,2,2,13,5,4,4,5,7,5,4,0,6,8,7,5,25,80,7,5,5,4,1,1,0,2,1,1,1,1,4,5,5,4,4,3,2,2,2,2,1,1,1,1,4,6,7,7,5,0,7,16,2,28,4,0,0,0,0,0,141,0,0,0,0,0,0,0,0,0,0,1,3,4,4,6,7,5,5,5,3,1,1,2,2,4,7,10,0,233,0,4,5,5,2,141,0,1,0,218,121,2,2,2,4,5,7,8,9,9,8,7,6,5,4,2,1,1,1,1,0,32,77,0,0,0,0,0,0,0,147,0,0,1,1,1,1,0,3,1,0,0,0,0,0,0,0,0,0,0,0,0,0,0,0,0,0,0,197,0,13,77,127,151,143,129,108,88,65,43,18,6,1,0,0,0,0,0,0,233,0,0,0
183,16,0,189,0,0,0,0,0,0,11,25,45,59,190,63,115,140,151,139,99,48,2,0,0,0,2,0,0,0,1,0,1,0,0,1,1,1,0,0,28,8,0,189,0,161,0,1,1,0,0,1,1,1,1,2,3,3,2,4,0,5,4,5,6,7,5,4,3,6,9,9,6,28,94,7,5,4,2,0,0,189,0,1,1,1,1,4,4,4,4,4,2,2,2,1,4,1,1,4,0,4,6,6,6,0,2,0,16,20,18,14,4,0,1,0,0,51,0,0,0,0,0,0,0,0,0,0,1,4,4,4,6,7,5,5,5,2,1,1,3,4,5,7,13,0,90,110,0,5,5,2,51,0,1,0,79,46,2,2,1,5,6,7,9,9,9,8,7,5,5,4,2,0,1,1,1,2,0,29,0,0,0,0,0,0,0,43,1,0,1,1,1,0,0,0,0,0,0,0,0,0,2,0,1,0,0,0,0,0,0,0,0,0,0,71,0,21,87,134,146,144,124,108,87,60,28,123,4,0,63,19,0,0,0,0,83,0,0,0
255,13,0,167,0,0,0,0,0,2,0,22,39,59,168,63,112,138,150,145,114,66,14,0,0,0,0,66,0,0,0,0,0,0,0,1,1,1,0,0,0,0,0,167,0,142,0,1,1,0,0,1,1,1,1,2,5,4,2,1,4,5,4,6,8,8,5,4,4,7,10,9,8,0,52,7,6,4,14,38,0,166,0,1,1,1,1,2,4,4,0,3,1,2,2,2,4,2,1,0,93,2,5,5,5,41,7,72,16,29,17,23,0,93,0,0,2,0,0,0,0,0,0,0,0,0,0,0,1,3,3,4,9,0,6,4,3,1,1,1,5,6,5,7,0,100,0,108,0,5,5,2,0,3,1,2,0,0,2,2,2,5,6,7,8,9,9,8,7,5,5,4,1,0,1,1,1,1,0,0,0,0,0,0,0,0,1,0,0,0,1,1,0,0,93,0,0,0,0,0,1,0,0,110,0,0,0,0,0,0,0,0,0,0,3,0,0,34,96,138,152,143,128,108,85,55,24,107,4,0,56,8,66,0,93,0,0,2,0,0
147,0,2,0,1,0,0,0,0,0,29,18,34,54,63,101,117,135,149,150,128,85,31,0,0,0,0,136,0,0,0,0,0,0,0,0,2,1,4,10,0,0,3,0,4,0,1,1,1,1,1,1,1,1,1,0,5,5,2,1,2,5,5,7,9,9,6,4,4,9,10,9,3,31,0,5,7,5,24,74,13,0,3,1,0,1,1,0,4,4,14,7,1,1,1,3,4,3,1,0,191,0,4,5,5,78,10,141,14,25,6,26,12,252,0,0,0,0,0,0,0,0,0,0,0,0,0,1,1,2,2,4,6,37,4,3,1,1,1,2,6,8,5,7,0,193,8,0,8,6,5,2,1,1,1,1,1,20,0,2,5,5,5,7,7,9,9,8,7,6,5,4,1,1,1,1,1,1,1,1,0,0,0,0,0,0,0,0,0,1,1,1,18,0,191,0,0,0,0,0,0,29,0,225,0,0,0,0,0,0,0,0,0,0,0,0,0,35,106,140,151,142,128,108,82,52,30,3,4,0,0,0,136,0,191,0,0,0,0,0
19,0,0,0,0,0,0,0,0,0,193,15,31,48,67,95,115,133,149,154,139,100,47,0,0,0,0,18,0,0,0,0,0,0,0,0,1,2,21,75,0,0,1,0,1,0,1,1,1,1,1,1,1,1,1,0,3,5,1,1,3,5,3,7,10,10,7,4,5,9,10,10,0,225,0,6,7,7,7,0,80,20,1,1,0,3,1,0,3,4,78,25,2,1,1,1,4,3,1,0,26,1,3,4,5,14,5,23,11,18,21,27,126,239,3,4,0,0,0,0,0,0,0,0,0,0,1,1,1,1,1,4,0,225,0,3,1,1,1,3,8,9,6,7,0,34,9,0,8,5,5,4,1,1,1,1,2,137,0,5,5,5,5,5,6,8,9,9,7,6,5,4,2,1,1,1,1,1,1,1,0,0,0,0,0,1,1,1,1,0,1,1,137,0,25,0,0,0,0,0,0,225,0,29,0,0,0,0,0,0,0,0,0,0,0,0,0,9,121,141,150,141,125,105,80,49,29,12,4,0,0,0,18,0,25,0,0,0,0,0
0,0,0,0,0,0,0,0,0,0,94,11,26,42,64,91,113,131,148,157,150,116,43,7,0,56,16,0,0,0,0,0,0,0,0,0,1,1,11,37,0,0,1,1,1,1,1,1,1,1,1,1,1,1,1,57,19,5,1,1,2,5,5,8,10,10,7,4,5,9,10,10,0,112,0,8,7,0,5,138,23,12,1,0,142,0,1,102,0,0,43,15,1,1,1,1,4,4,1,3,0,1,2,4,5,0,2,0,9,14,20,25,83,109,26,18,4,0,0,0,0,2,0,0,0,1,3,3,2,1,1,2,0,115,2,3,1,1,1,3,9,10,8,7,7,0,8,105,0,5,4,4,3,0,0,1,2,68,0,2,7,5,5,5,7,7,8,8,7,6,4,3,2,1,1,1,1,1,1,1,56,16,1,1,1,1,1,1,1,1,1,2,52,0,0,2,0,0,0,0,0,110,0,0,1,0,0,0,0,0,0,0,0,0,0,0,6,52,36,147,148,137,122,109,69,50,26,13,2,0,0,1,0,0,0,2,0,0,0,0
0,0,1,0,1,0,0,0,0,3,0,7,13,38,60,88,102,124,145,157,156,129,38,8,0,63,17,0,0,0,0,0,0,0,0,0,1,0,0,0,0,0,1,1,1,1,1,1,1,0,2,1,1,1,1,63,20,4,1,1,2,5,7,10,10,10,7,5,0,9,10,10,11,0,76,0,7,58,0,160,0,0,1,0,161,0,1,115,0,74,0,4,2,1,1,1,4,5,2,1,0,0,1,4,4,3,1,2,4,4,11,18,19,19,45,32,8,0,0,0,1,0,52,0,0,2,6,6,1,1,1,1,11,0,10,3,1,1,1,3,6,9,8,7,9,8,6,117,0,5,4,4,4,10,30,2,0,0,8,4,9,5,5,5,6,7,7,7,7,6,4,2,3,3,1,1,1,1,1,1,64,18,1,1,1,1,1,1,1,1,1,0,36,3,0,0,0,0,0,0,1,0,2,0,0,0,0,0,0,0,0,0,0,0,0,0,21,93,31,150,147,134,121,73,92,30,24,12,1,0,0,0,1,0,1,0,0,0,0,0
0,0,0,10,0,0,0,0,0,0,0,3,22,32,56,79,109,126,140,156,159,136,47,34,0,0,0,0,0,0,0,0,0,0,0,0,0,7,0,0,0,0,1,1,1,1,1,1,1,10,0,1,1,1,1,0,1,2,1,1,3,7,7,9,10,10,7,4,15,8,10,10,10,5,198,0,7,145,0,7,2,2,1,1,0,2,1,0,3,198,0,7,4,2,1,1,4,5,4,3,4,2,1,2,3,2,1,1,2,6,4,10,25,41,48,37,9,0,0,0,0,0,140,0,1,4,9,9,0,1,1,2,8,10,10,4,1,1,1,4,13,11,8,7,7,6,5,0,6,5,5,4,4,26,82,0,14,5,9,11,8,5,5,5,5,7,7,7,7,6,4,4,4,4,2,2,1,1,1,1,0,0,1,1,1,1,1,1,1,1,1,0,141,1,0,0,0,0,0,0,0,0,0,0,0,0,0,0,0,0,0,0,0,0,0,0,34,92,136,149,147,133,121,11,125,2,23,10,1,0,0,0,0,10,0,0,0,0,0,0
0,0,0,212,0,0,0,0,0,0,0,1,133,18,52,45,217,169,130,157,163,142,66,208,0,0,0,0,0,0,0,0,0,0,0,0,0,129,0,0,0,0,1,1,1,1,1,1,0,180,0,1,1,1,1,0,1,0,2,1,3,5,7,8,9,9,7,0,212,0,10,10,10,6,48,0,7,40,25,72,7,4,1,0,0,2,1,0,4,47,0,7,0,5,2,1,4,7,6,5,71,20,1,1,0,6,1,1,20,52,4,3,18,35,44,31,4,0,0,0,0,209,11,0,1,6,9,9,0,1,1,1,8,10,10,4,2,1,2,5,77,28,8,5,5,4,4,1,5,7,5,2,4,10,22,0,212,0,10,11,2,1,4,5,5,1,7,7,7,6,4,5,5,4,5,0,1,3,0,2,0,0,1,1,1,1,1,1,1,1,1,0,32,1,0,0,0,0,0,0,0,0,0,0,0,0,0,0,0,0,0,0,0,0,0,2,46,103,142,152,147,131,118,0,75,26,20,8,1,0,0,0,0,212,0,0,0,0,0,0
0,0,0,136,0,0,0,0,0,0,0,0,75,20,46,49,167,145,119,120,126,136,92,158,0,0,0,0,0,0,0,0,0,0,0,0,0,82,0,1,1,0,1,0,0,0,2,0,0,115,0,2,0,1,1,0,1,90,0,2,3,5,6,6,0,11,9,0,139,1,10,10,10,7,0,7,6,0,23,53,10,5,1,14,48,1,3,5,4,0,7,6,91,0,2,2,6,8,9,7,48,13,1,0,122,0,1,1,12,166,0,0,9,26,33,18,0,0,0,0,0,137,0,3,4,6,9,9,2,1,1,1,7,10,10,4,3,2,3,7,53,21,7,4,5,2,3,4,6,7,5,2,4,3,0,0,137,0,8,4,4,3,4,5,5,3,7,7,7,6,5,5,5,4,0,122,0,0,143,0,4,1,1,0,1,1,1,1,1,3,0,2,0,1,0,0,0,0,0,0,0,0,0,0,0,0,0,0,0,0,1,0,2,0,0,5,58,115,146,155,148,131,102,36,47,34,18,7,0,0,0,0,0,136,0,0,0,0,0,0
0,0,2,0,0,1,0,0,0,0,0,0,29,21,41,66,70,102,116,99,110,135,113,11,1,0,0,0,0,0,0,0,0,0,0,0,0,0,1,1,1,0,0,0,0,0,0,35,0,0,3,0,36,1,1,0,1,122,47,0,3,5,5,4,53,0,3,44,0,7,10,10,10,6,5,5,7,10,8,2,10,5,2,20,70,1,4,5,4,4,4,5,129,0,3,5,7,9,10,8,0,0,1,0,177,0,1,1,0,168,0,1,0,14,18,6,0,0,0,50,0,0,3,6,7,0,8,9,5,1,1,1,5,9,7,4,4,5,6,9,0,7,5,3,3,2,2,4,7,7,5,2,3,3,3,4,0,9,7,29,9,5,4,4,5,8,7,7,7,6,5,5,5,4,0,176,0,0,207,40,0,1,2,0,1,1,1,1,1,0,50,1,1,1,0,0,0,0,0,0,0,0,0,0,0,1,0,0,0,0,0,58,0,0,0,10,68,122,151,157,149,129,120,79,46,22,17,3,0,0,0,0,2,0,1,0,0,0,0,0
0,0,0,0,0,1,0,0,0,0,0,0,142,8,37,60,79,105,124,136,151,149,124,0,9,0,0,0,0,0,0,0,0,0,0,0,0,0,0,1,1,1,0,0,0,0,0,142,0,0,0,0,142,1,1,1,1,0,233,0,3,4,4,2,199,0,0,145,7,8,9,10,8,5,5,5,9,10,10,10,10,5,2,2,3,1,4,4,4,2,4,5,9,5,4,6,9,9,10,9,6,2,2,2,10,4,2,1,0,5,0,0,0,3,6,1,0,0,0,199,0,0,1,7,6,0,7,9,7,3,1,1,3,9,6,5,4,6,9,11,1,8,3,2,1,1,2,4,7,8,5,2,2,2,1,1,2,5,25,84,8,4,4,4,7,7,9,9,7,6,5,5,5,4,1,6,1,0,5,198,0,1,1,0,1,1,1,1,1,0,198,0,1,1,0,0,0,0,0,0,0,0,0,0,0,1,0,0,0,0,0,233,0,0,0,17,74,125,154,159,150,122,176,68,43,21,15,0,0,0,0,0,0,0,0,0,0,0,0,0
143,0,0,0,165,0,0,118,0,0,0,0,50,15,34,56,78,103,122,209,143,153,129,53,15,0,0,0,18,68,0,0,0,0,0,0,0,0,0,1,1,1,0,0,0,0,0,47,0,0,0,0,47,1,1,1,1,0,81,0,2,2,4,3,68,0,0,52,6,1,9,10,4,3,0,7,10,10,10,10,9,5,2,0,0,1,3,3,3,2,4,5,0,3,4,6,9,10,10,10,6,3,3,4,0,8,2,1,0,0,1,1,118,0,2,0,0,0,0,44,156,0,1,4,0,166,5,9,7,1,1,1,2,25,69,4,4,7,10,10,6,5,0,3,1,1,3,6,7,8,5,2,2,1,1,1,1,0,203,24,7,4,3,4,1,10,10,10,7,5,4,5,5,2,2,0,1,2,0,67,0,2,0,168,0,1,1,0,0,0,66,0,1,1,0,0,0,0,0,0,0,0,0,0,165,0,0,0,0,0,0,77,0,0,0,23,79,129,154,174,148,129,114,66,21,170,12,2,0,0,0,0,0,0,0,0,0,0,0,0
118,0,0,0,136,0,0,86,0,0,0,0,0,19,31,52,76,100,116,190,129,153,137,89,30,0,0,0,15,40,99,0,0,0,0,0,0,0,0,1,1,1,0,0,0,0,2,0,0,0,3,2,0,1,1,1,1,6,0,7,0,2,3,4,0,7,6,0,19,46,8,9,0,16,43,8,10,10,10,9,8,5,1,1,1,1,1,1,1,2,4,2,4,2,3,6,9,11,0,10,6,5,4,2,7,4,2,1,0,0,0,1,98,0,1,0,0,0,0,0,139,0,0,1,0,139,7,9,7,2,1,1,2,20,57,4,4,8,10,10,9,4,71,0,1,2,4,5,7,7,5,1,2,1,1,1,1,0,160,0,6,4,3,5,3,10,10,7,6,5,3,5,5,2,1,1,1,1,1,0,4,2,0,255,0,1,1,0,0,3,0,1,1,1,0,0,0,0,0,0,0,0,0,0,136,0,0,0,0,0,1,0,0,0,0,32,86,134,155,94,158,127,127,63,23,143,11,2,0,0,0,0,0,0,0,0,0,0,0,0
0,0,0,0,0,2,0,9,0,0,0,0,4,15,28,49,72,93,110,115,161,154,146,124,50,0,0,0,0,0,189,0,0,0,0,0,0,0,0,1,1,0,0,0,0,0,0,0,0,30,0,1,1,1,1,1,2,4,0,1,31,2,2,4,4,4,5,7,29,81,7,5,27,25,77,7,10,10,9,7,8,5,1,1,1,1,1,0,1,1,4,0,3,2,3,6,9,5,43,6,6,5,4,0,8,1,2,1,3,12,0,1,0,2,1,0,0,0,0,2,0,0,1,1,4,0,9,9,6,5,2,1,3,3,0,4,4,9,10,10,8,4,135,0,1,3,4,3,7,5,5,1,2,1,1,1,1,5,0,6,4,4,4,5,9,9,10,4,5,4,2,3,4,1,0,1,1,1,1,1,0,2,0,203,0,1,1,0,0,0,0,1,1,0,0,0,0,0,0,0,0,0,0,0,0,2,0,0,0,0,0,0,19,0,0,41,95,137,156,34,164,120,170,60,39,5,11,0,0,0,0,0,0,0,0,0,0,0,0,0
0,0,0,0,0,0,0,137,0,0,0,0,1,12,25,44,67,86,103,104,254,162,146,227,63,6,0,0,0,0,21,0,0,0,0,0,0,0,0,0,0,0,0,0,0,0,0,0,0,193,0,1,1,1,1,1,2,3,4,0,193,0,3,4,4,4,5,6,11,17,7,0,140,7,13,5,9,10,10,10,8,5,2,1,1,1,1,1,0,0,3,4,3,2,3,6,7,0,228,0,6,5,5,5,7,4,1,1,21,76,0,1,0,1,0,1,0,0,0,0,0,0,1,1,3,4,7,7,5,4,3,2,5,5,4,3,4,9,10,10,8,4,16,0,1,4,5,5,5,5,4,4,2,1,1,1,1,3,3,5,4,4,4,5,7,10,8,6,4,3,2,0,2,0,0,1,1,1,0,1,1,2,0,23,0,3,1,0,0,0,0,1,1,0,0,0,0,0,0,0,0,0,0,0,0,0,0,0,0,2,0,0,128,1,3,49,102,142,156,142,146,125,101,60,35,18,10,0,0,0,0,0,0,0,0,0,0,0,0,0
0,0,0,0,0,0,0,62,0,0,0,0,0,6,12,38,58,77,94,105,187,160,158,186,86,19,0,0,0,2,0,0,0,0,0,0,0,0,0,0,0,0,0,0,0,0,0,1,0,88,0,1,1,1,1,1,1,3,4,0,90,1,4,4,4,4,5,6,7,4,7,1,67,4,0,5,10,10,10,10,9,7,3,1,1,1,1,1,17,58,2,4,3,3,4,5,7,0,106,0,7,5,5,5,6,5,1,1,9,34,2,0,3,1,3,0,0,0,0,0,0,0,0,1,3,7,7,9,0,6,4,4,5,6,5,4,4,8,10,10,8,4,0,3,3,5,6,5,5,4,4,4,2,1,1,1,1,4,5,5,4,4,4,5,6,7,6,5,3,2,2,1,2,16,58,1,1,1,1,1,2,1,5,0,149,0,1,0,0,0,0,0,0,0,0,0,0,0,0,0,0,0,0,0,0,0,0,0,0,0,146,0,167,0,10,61,111,146,156,161,138,122,86,57,33,17,9,0,0,0,0,0,0,0,0,0,0,0,0,127
0,0,0,0,0,0,0,0,2,0,0,0,0,12,44,31,49,67,85,107,119,165,169,142,111,39,0,0,0,0,0,0,0,0,0,0,0,0,0,0,0,0,0,0,0,0,0,1,1,0,0,0,1,1,1,1,1,3,3,7,0,3,4,6,6,6,5,5,7,8,8,9,0,5,5,6,10,10,10,10,10,7,3,1,1,1,1,1,18,62,2,4,5,4,4,6,7,7,0,4,7,5,5,5,5,4,1,1,0,0,0,91,0,1,4,1,0,0,0,2,0,0,2,0,5,7,7,0,93,1,5,6,6,7,6,4,4,8,10,10,7,4,3,3,7,0,7,5,5,4,4,4,3,3,2,1,3,5,5,4,4,4,3,5,5,4,4,3,2,2,2,2,2,18,62,1,1,1,1,1,2,1,0,89,152,0,1,0,0,0,0,0,0,0,2,0,0,0,0,0,0,0,0,0,0,0,0,0,0,0,156,0,96,0,20,74,120,151,156,149,133,115,87,54,30,15,6,0,0,0,0,0,0,0,0,0,0,0,0,135
0,0,0,0,0,0,0,0,0,0,0,0,0,22,86,26,42,60,79,102,133,148,175,163,128,61,3,0,0,0,0,0,0,0,0,0,0,0,0,0,0,0,0,0,0,0,1,1,1,1,6,2,1,1,1,1,1,1,2,4,4,4,4,7,7,7,6,3,6,6,9,7,7,5,4,6,9,10,10,10,10,7,5,2,1,1,0,1,0,0,1,4,6,5,5,7,5,5,5,7,6,5,5,5,5,3,1,0,0,0,0,231,0,2,4,3,1,0,0,0,12,0,0,17,6,7,7,0,231,0,6,7,7,7,6,5,5,8,10,9,6,3,4,4,5,19,7,5,4,4,4,4,4,4,4,2,3,5,5,4,4,4,2,4,4,4,2,2,2,1,1,2,2,0,0,1,1,1,1,2,1,1,0,231,0,2,1,1,0,0,0,0,0,0,0,12,0,0,0,0,0,0,0,0,0,0,0,0,0,1,0,0,0,2,32,86,129,154,155,145,128,109,81,52,28,14,2,0,0,0,0,0,0,0,0,0,0,0,0,0
0,0,0,0,0,0,0,0,0,0,0,0,0,4,23,22,36,57,76,100,140,14,189,170,141,80,15,0,0,0,0,0,0,0,0,0,0,0,0,0,0,0,0,0,0,0,1,1,1,1,73,20,1,1,0,1,1,1,2,4,4,4,5,7,9,7,7,5,7,8,9,9,7,5,5,5,9,10,10,10,10,9,5,4,2,2,0,3,1,0,1,4,8,8,6,7,5,5,6,7,6,5,2,5,5,3,1,0,0,0,0,47,0,2,4,4,1,0,0,0,183,0,0,216,0,7,6,1,51,2,7,7,7,7,7,4,6,8,9,9,6,0,6,5,0,185,6,4,4,2,0,2,4,4,5,5,0,7,5,5,3,4,3,4,3,2,2,2,1,1,1,1,1,0,0,1,1,1,1,1,1,1,0,47,0,2,1,1,0,0,0,0,0,0,0,183,0,0,0,0,0,0,0,0,0,0,0,0,0,1,0,0,0,2,43,95,135,157,154,141,124,104,75,48,27,13,2,0,0,0,0,0,0,0,0,0,0,0,0,0
0,0,0,0,0,0,0,0,0,0,0,0,0,0,0,19,32,55,73,100,136,70,181,172,153,100,34,0,0,0,0,0,0,0,0,0,0,0,0,0,0,0,0,0,0,1,1,1,1,1,44,13,0,0,0,1,1,1,2,3,4,5,5,7,8,7,6,6,6,8,9,10,7,5,5,6,9,10,10,10,3,8,7,4,3,0,149,0,1,1,1,5,11,0,9,0,3,6,0,0,6,5,3,5,5,0,0,0,0,0,2,0,4,2,3,3,1,0,1,0,110,0,0,132,0,7,5,7,0,7,7,7,5,7,7,6,8,9,9,9,0,150,0,5,0,115,7,4,3,2,52,17,4,2,0,0,150,0,5,2,5,0,7,4,2,2,2,1,1,1,1,1,1,1,1,1,1,1,0,1,1,1,3,0,2,1,0,1,0,0,0,0,0,0,0,110,0,0,0,0,0,0,0,0,0,0,0,0,0,0,0,0,0,12,57,106,140,158,153,137,118,97,69,45,26,12,2,0,0,0,0,0,0,13,49,0,0,0,0,0
0,0,0,0,0,0,0,0,0,0,21,6,0,0,2,16,31,42,71,98,128,170,166,169,161,117,54,0,0,0,0,0,0,0,0,0,0,0,0,0,0,0,0,0,0,1,1,0,1,1,0,0,0,0,1,1,1,2,0,4,5,5,5,7,7,7,5,0,6,7,9,9,7,5,5,7,9,10,10,10,30,16,9,5,3,0,204,0,1,1,2,5,4,72,5,26,11,5,7,28,6,5,4,5,5,24,7,0,0,0,1,1,4,2,2,2,1,1,1,4,0,2,4,0,8,7,5,5,1,7,7,7,3,7,7,8,9,8,9,9,0,204,0,5,11,0,6,4,2,2,69,22,4,10,22,0,204,0,5,1,1,67,0,4,1,3,0,2,1,2,0,1,1,1,1,1,1,1,0,1,1,1,1,1,1,1,0,1,0,0,0,0,0,0,3,0,0,0,0,0,0,0,0,0,0,0,0,0,0,0,0,0,0,27,71,118,145,157,152,136,113,90,65,42,25,3,1,0,0,0,0,0,0,18,68,0,0,0,0,0
0,0,0,0,0,0,0,0,0,0,78,21,0,0,0,13,29,21,67,95,125,149,161,169,163,128,69,6,0,0,0,0,0,0,0,0,0,0,0,0,0,0,0,0,1,1,0,0,0,0,0,0,0,0,1,1,1,1,0,3,5,5,5,5,7,5,5,3,5,6,7,7,7,5,6,8,10,10,10,9,84,30,9,7,3,1,3,1,2,2,4,7,0,234,0,81,25,3,29,84,6,5,2,5,5,79,22,0,0,1,1,2,4,4,2,2,2,1,1,2,4,4,4,5,7,6,5,5,5,6,7,5,5,7,7,9,10,4,11,9,8,7,4,5,9,8,5,4,2,2,5,4,4,25,81,3,4,3,4,4,0,234,0,4,1,2,0,2,1,1,0,0,1,1,1,1,1,1,1,1,1,1,1,1,1,1,1,0,0,0,0,0,0,0,0,0,0,0,0,0,0,0,0,0,0,0,0,0,0,0,0,0,1,39,83,125,149,155,150,135,111,86,61,38,23,8,0,0,0,0,0,0,0,0,1,0,0,0,0,0
0,0,0,0,0,0,0,0,0,0,24,6,0,0,0,8,25,16,62,90,120,140,148,229,160,137,82,18,0,0,0,0,0,0,0,0,0,0,0,0,0,0,0,0,1,1,0,0,0,0,1,1,0,1,0,1,1,0,199,0,5,6,6,5,5,5,5,122,0,6,6,1,6,5,7,8,2,10,9,9,32,15,10,7,2,1,0,3,3,3,5,8,4,77,3,27,10,5,16,35,0,5,4,5,5,24,7,1,0,0,1,3,4,5,3,3,4,1,1,0,5,4,5,7,7,7,6,6,7,7,5,5,7,0,9,9,10,9,10,9,9,0,5,5,7,72,22,4,4,1,1,4,4,10,27,3,0,6,0,5,1,74,0,4,2,0,199,0,1,0,169,0,1,1,1,1,0,1,1,1,1,1,0,1,0,4,1,1,0,0,0,0,0,0,0,3,0,0,0,0,0,0,0,0,0,0,0,0,0,0,0,0,4,50,94,93,141,154,146,133,111,84,47,15,1,169,0,0,0,0,0,0,0,0,0,0,0,0,0,0
0,0,0,0,0,0,0,0,0,0,0,0,0,0,0,4,19,23,55,81,111,130,142,209,161,145,100,0,0,0,0,0,0,0,0,0,0,0,0,0,0,0,0,0,1,1,0,0,0,1,1,1,1,1,0,1,1,0,155,0,5,7,7,5,5,4,3,96,0,4,5,1,5,0,7,8,2,10,9,8,1,7,6,5,1,1,1,4,5,5,6,9,12,0,4,0,2,6,6,0,109,6,5,5,5,0,0,0,1,0,1,4,5,6,6,4,4,1,0,105,0,2,5,6,6,6,7,7,7,7,5,5,0,125,3,3,8,7,10,9,8,6,4,5,6,56,18,4,4,2,5,6,4,2,0,0,0,0,125,0,5,0,6,4,2,0,156,0,1,0,125,0,1,1,1,1,2,0,2,1,1,1,0,0,105,0,1,1,0,0,0,0,0,0,104,0,0,0,0,0,0,0,0,0,0,0,0,0,0,0,0,0,9,60,107,108,144,151,141,128,116,82,104,133,0,132,0,0,0,0,0,0,0,0,0,0,0,0,0,0
0,0,0,0,0,0,0,0,0,0,0,0,0,0,0,2,8,29,47,72,100,122,140,147,162,150,113,15,0,0,0,0,0,0,0,0,0,0,0,0,0,0,0,0,1,1,0,0,1,1,1,1,1,1,1,1,1,3,0,2,4,7,7,5,4,3,2,0,43,0,5,5,0,45,3,7,7,9,9,7,9,10,3,4,2,2,2,5,5,5,2,9,9,9,2,5,4,7,14,0,188,8,6,5,5,1,1,0,1,1,1,4,2,8,8,5,4,1,0,186,0,1,5,5,5,5,7,7,7,3,5,4,0,220,0,23,14,4,10,9,8,7,4,5,5,0,2,4,4,4,4,7,5,4,4,15,6,0,220,0,4,5,2,4,0,4,0,5,1,3,0,5,1,1,0,0,0,50,0,1,1,1,1,0,186,0,1,1,1,0,0,0,0,0,186,0,0,0,0,0,0,0,0,0,0,13,4,0,0,1,0,0,18,71,118,156,155,146,132,125,89,80,141,208,10,0,0,0,0,0,0,0,0,0,0,0,0,0,0,0
0,0,0,0,0,0,0,0,0,0,0,0,0,0,0,1,0,22,39,65,91,113,133,152,162,157,112,146,0,0,0,0,0,0,0,0,0,0,0,0,0,0,0,0,0,0,0,0,1,1,1,1,1,1,1,1,1,1,0,1,2,5,7,7,4,2,1,0,230,0,4,4,0,230,0,5,5,6,7,8,9,9,8,5,4,4,5,6,6,5,0,7,9,7,4,5,5,9,30,81,26,9,8,7,4,1,1,1,1,1,1,3,0,9,9,7,5,0,0,16,0,1,3,4,5,5,9,9,6,0,4,2,1,24,8,83,30,10,10,9,9,7,5,5,5,4,2,3,5,6,3,6,6,5,4,78,23,1,24,4,5,5,5,4,0,4,3,3,1,1,76,22,0,0,0,1,0,255,0,1,1,1,1,1,17,0,1,1,1,0,0,0,0,0,16,0,0,0,0,0,0,0,0,0,0,77,21,0,0,2,0,0,29,81,126,178,159,140,120,129,16,77,57,43,15,0,0,0,0,0,0,0,0,0,0,0,0,0,0,0
0,0,0,0,0,1,0,2,0,0,0,0,0,0,0,0,179,0,33,56,82,104,126,147,158,163,131,120,26,58,0,0,0,0,0,0,0,0,0,0,0,0,0,0,0,0,0,0,1,1,1,1,1,1,1,1,1,1,1,0,4,5,7,7,3,1,1,0,97,0,3,3,0,98,0,3,3,5,7,9,9,9,9,0,5,5,6,7,5,0,153,6,8,7,6,7,0,12,18,42,0,10,9,9,5,2,1,1,1,1,1,0,111,10,9,7,5,0,0,0,2,1,3,2,0,6,10,0,27,61,3,2,5,0,9,40,20,0,9,9,7,6,5,5,5,4,3,3,5,9,42,23,7,5,4,33,11,4,0,7,6,6,5,3,152,0,0,2,1,1,33,10,1,17,60,1,0,118,0,1,1,1,1,1,0,3,1,1,1,0,0,0,0,0,0,2,0,0,0,0,0,0,0,0,0,32,9,0,0,0,151,1,34,95,131,178,151,124,210,110,58,72,41,14,14,0,0,0,0,0,0,0,0,16,59,59,16,0,0,0
0,0,0,0,0,0,96,0,0,0,0,0,1,0,1,0,177,0,27,49,74,97,114,146,171,168,146,90,47,58,0,0,0,0,0,0,0,0,0,0,0,0,0,0,0,0,0,0,1,0,3,1,1,1,1,1,1,1,0,82,0,5,8,6,2,1,1,3,0,3,2,2,4,0,2,1,1,4,7,8,9,9,0,99,0,5,8,8,5,0,153,5,6,7,8,3,101,1,8,2,10,10,10,5,7,4,1,1,1,1,2,0,110,9,9,6,0,50,96,0,0,1,4,12,36,4,10,62,16,64,3,2,5,6,8,0,2,66,9,9,7,7,5,5,6,5,4,4,5,0,143,21,0,6,4,0,0,3,6,8,8,7,5,2,152,14,11,1,1,1,0,0,2,17,60,1,3,0,3,1,1,1,1,1,1,2,0,2,1,0,0,0,0,0,0,0,0,0,0,0,0,0,0,0,0,0,0,0,0,0,151,1,100,105,142,98,145,121,205,96,94,65,44,24,10,0,0,0,0,0,0,0,0,16,59,59,16,0,0,0
0,0,0,0,16,0,230,0,0,0,0,0,0,19,0,1,0,5,23,43,67,89,122,146,186,170,165,119,51,0,0,0,0,0,0,0,0,0,0,0,0,0,0,0,0,0,0,0,1,18,0,1,0,1,1,1,1,1,0,195,0,5,9,5,2,1,1,1,1,2,2,2,1,1,0,1,1,3,5,9,9,9,0,230,0,6,8,8,5,6,0,5,6,7,9,0,230,0,10,9,9,10,11,0,8,5,1,1,1,2,2,3,0,7,9,6,0,117,230,0,0,1,5,25,81,2,10,145,0,1,4,3,7,7,7,7,0,144,10,9,9,9,6,5,7,7,4,4,5,0,191,2,18,6,4,4,2,5,7,9,8,7,5,2,0,79,23,1,1,1,0,20,0,0,0,1,1,1,1,1,1,1,1,1,1,0,20,0,1,0,0,0,0,0,0,0,0,0,0,0,0,0,0,0,0,6,1,12,0,2,0,44,166,112,168,28,146,129,104,94,76,59,39,21,6,0,0,0,0,0,0,0,0,0,0,0,0,0,0,0
0,0,0,0,186,0,40,0,0,0,0,0,0,219,0,0,0,2,20,38,62,77,187,138,162,168,227,126,75,3,0,0,0,0,0,0,0,0,0,0,0,0,0,0,0,0,0,0,0,186,0,1,0,0,1,1,1,1,1,35,0,6,8,5,1,1,1,1,1,4,3,2,1,1,1,1,1,2,4,9,9,9,2,44,2,8,0,11,6,5,0,5,6,9,10,8,49,6,9,9,9,10,10,8,9,6,4,1,1,2,1,2,0,4,0,4,0,21,40,0,0,1,6,10,19,6,11,33,3,0,6,0,11,9,7,7,6,34,10,10,10,10,7,7,9,8,5,2,5,0,36,3,135,0,5,4,4,4,7,10,7,6,5,2,0,15,5,1,1,1,0,219,0,1,0,1,1,1,1,1,1,1,1,1,1,0,219,0,1,0,0,0,2,0,1,0,0,0,0,0,1,0,2,0,0,73,6,133,0,1,0,214,95,129,220,122,144,123,107,77,71,53,35,21,4,0,0,0,0,0,0,0,0,0,0,0,0,0,1,0
0,0,0,0,104,0,0,2,0,0,0,0,0,123,0,0,0,0,15,33,57,77,152,123,154,166,252,143,20,17,0,0,0,12,44,0,0,0,0,0,0,0,0,0,0,0,0,0,0,106,0,1,1,0,1,1,1,1,1,0,4,7,9,4,1,1,0,1,2,5,4,2,1,1,1,1,1,1,4,7,9,9,8,0,5,1,158,0,7,4,4,4,6,9,10,11,0,11,8,8,9,10,10,11,9,6,4,2,2,3,1,1,1,18,55,2,4,0,0,1,0,2,8,6,2,9,4,0,8,2,0,158,0,10,7,7,10,0,10,10,11,0,11,8,9,9,6,4,6,6,0,4,78,0,5,4,5,5,7,5,6,5,4,2,1,0,0,1,1,1,0,123,0,1,0,4,1,1,1,1,1,1,1,1,1,0,123,0,0,0,0,0,0,155,0,0,0,0,0,0,0,155,0,0,0,41,4,74,0,0,1,156,94,141,189,157,143,175,102,173,50,46,34,6,3,0,0,2,0,0,1,0,2,0,0,0,0,79,0,0
0,0,0,0,0,3,0,0,0,0,0,0,2,0,1,0,0,0,9,28,51,77,93,165,152,167,221,156,17,31,22,6,0,24,90,0,0,0,0,0,0,0,0,0,0,0,0,0,0,0,7,1,0,0,0,1,1,0,1,1,2,6,8,4,1,1,0,1,2,5,5,2,1,1,1,1,1,1,4,6,9,9,6,4,5,0,200,0,7,4,4,4,6,9,10,10,8,9,7,7,9,10,10,10,9,6,4,3,3,4,2,1,1,21,69,1,0,43,0,0,0,4,10,9,9,7,1,10,7,6,0,196,33,10,8,7,9,5,10,10,7,78,3,9,1,7,7,8,7,4,0,3,0,9,6,5,5,5,6,1,5,4,2,2,1,1,1,1,1,1,2,0,3,1,61,0,1,1,1,1,1,1,0,1,1,2,0,3,0,0,0,0,0,199,0,0,0,0,0,0,0,199,0,0,0,0,0,0,0,0,13,53,122,146,145,150,142,187,98,195,41,41,23,0,2,21,67,0,0,0,0,71,0,0,0,0,0,163,0,0
0,0,0,0,0,0,0,0,0,0,0,0,0,0,0,0,0,0,6,23,45,70,91,239,147,169,172,158,111,42,75,21,0,21,77,0,0,0,0,0,0,0,0,0,0,0,0,0,0,3,4,1,0,0,1,1,1,1,1,1,1,5,6,4,1,1,0,1,2,5,5,2,1,1,1,1,1,1,2,5,8,9,6,5,5,8,8,10,7,4,4,4,6,9,10,10,7,7,7,8,9,10,10,10,8,6,5,4,4,4,4,1,0,2,4,2,0,142,0,1,0,6,10,10,9,11,9,9,7,7,8,0,146,10,9,7,9,10,10,10,0,234,0,9,12,9,9,9,7,6,5,4,6,7,7,5,5,5,5,3,4,2,0,1,1,1,1,1,1,1,1,1,1,0,199,0,1,1,1,1,1,1,2,0,1,0,0,0,0,0,1,0,0,0,0,0,0,0,0,0,0,0,0,0,0,0,0,0,0,0,22,80,126,147,152,147,138,123,103,77,53,39,6,9,0,67,255,0,2,0,0,234,0,0,0,0,0,141,0,0
0,0,0,0,0,0,0,0,0,0,0,0,0,0,0,0,0,0,3,17,38,65,94,157,140,169,171,164,124,57,21,6,0,5,19,0,0,0,0,0,0,0,0,0,0,0,0,0,0,1,5,1,0,0,1,1,1,1,1,1,1,4,5,2,1,1,0,1,1,8,0,2,1,1,1,1,1,1,2,4,7,8,7,5,6,8,1,10,7,4,4,4,6,9,9,9,7,5,6,7,9,10,10,10,9,6,5,4,5,5,3,2,1,3,0,3,0,39,18,68,1,8,10,10,9,75,27,9,7,7,8,0,49,10,9,8,9,5,10,11,0,72,3,8,176,52,27,9,8,7,71,23,6,7,7,6,7,0,6,4,4,2,1,1,1,1,1,1,0,0,1,1,1,0,55,0,1,1,0,0,1,1,124,0,0,0,0,0,0,0,68,20,0,0,0,0,0,0,0,0,0,0,1,0,0,0,0,0,0,0,33,87,130,148,151,145,136,119,100,71,52,34,16,6,0,9,255,0,203,0,0,64,0,0,1,0,0,34,0,0
0,0,0,0,0,0,0,0,0,0,0,0,0,0,0,0,0,0,1,12,33,59,92,111,188,161,175,169,124,75,1,0,0,0,0,0,0,0,0,0,0,0,0,0,0,0,0,0,0,0,3,1,0,0,1,1,1,1,1,1,1,3,3,2,1,0,0,1,1,0,112,1,1,1,1,1,1,1,2,3,3,6,9,0,8,8,9,9,7,4,4,4,6,8,9,8,6,5,5,7,10,10,10,10,0,9,5,4,5,6,4,3,2,4,6,0,3,0,13,50,2,9,10,10,10,58,2,11,8,8,8,11,0,10,10,9,10,7,10,11,6,0,11,8,126,41,21,9,10,9,55,15,7,7,7,7,7,80,0,3,3,2,1,1,1,1,1,1,13,44,1,1,1,0,0,3,0,1,12,44,1,1,91,0,0,0,0,0,0,0,49,5,78,0,0,2,0,0,0,0,0,0,0,0,0,0,0,0,0,0,47,97,135,151,151,144,134,117,95,72,50,31,18,2,0,0,123,0,148,0,1,0,0,109,0,0,0,0,13,43
34,0,0,0,0,0,0,0,0,0,0,0,0,0,0,0,0,0,1,9,28,53,84,116,213,157,176,168,158,91,25,0,0,0,0,0,0,0,0,0,0,0,0,0,0,1,0,0,0,0,1,1,0,0,1,1,1,1,1,1,1,2,2,2,1,16,5,1,1,0,184,1,1,1,1,1,1,1,1,2,1,5,3,52,5,6,9,9,7,4,4,5,6,7,3,7,5,6,0,7,9,10,10,10,47,2,5,5,6,7,5,3,3,4,0,42,1,1,0,0,0,8,10,10,8,0,52,4,9,9,9,10,5,11,10,9,10,9,10,10,10,9,9,9,0,4,5,9,10,8,2,0,8,2,7,7,7,130,0,2,2,2,1,1,1,1,1,1,20,73,1,1,0,0,0,0,0,0,19,72,1,1,0,1,0,0,0,0,0,0,0,0,131,0,39,0,0,0,0,0,0,0,0,0,0,0,0,0,0,6,62,109,142,155,153,145,129,113,90,68,49,29,13,0,0,1,0,4,0,1,0,0,0,255,0,39,0,0,20,72
170,0,0,0,0,0,0,0,0,0,0,0,0,0,0,0,0,0,0,7,25,48,79,113,148,164,173,161,233,102,42,1,0,0,0,0,0,0,0,0,0,0,0,0,0,1,0,0,0,0,2,1,0,0,1,1,1,1,1,1,1,1,2,2,1,78,22,1,1,0,17,2,1,0,1,1,1,1,1,2,2,5,0,231,0,2,9,10,7,5,4,5,5,6,0,6,5,6,0,5,7,9,10,8,198,0,7,7,7,7,7,0,5,5,0,196,0,0,0,0,0,8,10,8,5,0,232,0,9,9,9,10,10,10,10,10,10,4,11,10,9,8,7,9,6,7,7,8,9,7,9,7,8,0,5,7,7,13,3,2,2,2,1,1,1,1,1,1,2,6,1,1,0,0,0,0,0,0,1,5,0,1,1,0,0,0,0,0,0,0,0,0,9,0,196,0,0,0,0,0,0,0,0,0,0,0,0,0,0,17,77,121,149,158,155,148,126,110,86,66,45,29,12,1,0,0,0,0,0,0,0,0,0,246,0,196,0,0,1,5
66,0,0,0,0,0,0,0,0,0,0,0,0,0,0,0,0,0,0,6,22,44,74,110,136,162,167,161,183,116,60,6,0,0,0,0,0,0,0,0,0,0,0,0,156,0,2,0,0,156,0,1,1,1,1,1,1,1,1,1,1,1,1,1,1,31,9,1,1,2,0,2,1,1,1,1,1,3,0,2,3,5,0,96,5,6,10,10,8,5,4,5,5,21,219,0,5,0,185,0,6,7,10,9,83,0,9,8,2,7,7,5,6,6,0,79,0,1,0,1,62,25,10,7,5,2,94,0,8,9,9,10,0,12,11,10,10,8,10,10,9,1,7,7,7,6,6,8,26,48,11,8,0,183,0,7,7,0,2,2,2,2,1,1,0,4,1,1,0,0,1,1,0,0,0,0,0,0,0,0,0,0,1,0,1,1,1,0,0,0,0,1,0,0,76,0,0,0,0,0,0,0,0,2,0,0,0,0,0,32,98,135,156,160,159,144,215,101,83,62,41,24,8,0,0,0,0,2,0,1,0,0,0,76,0,76,0,0,0,0
0,0,0,0,0,2,0,2,0,1,0,0,0,0,0,0,0,0,0,5,17,40,70,106,136,153,158,157,139,128,79,23,0,0,0,0,0,0,0,0,0,0,0,0,146,0,0,62,0,146,0,1,1,1,1,1,1,1,1,1,1,1,1,1,1,0,0,1,1,1,2,0,5,3,1,0,0,0,105,0,3,5,10,0,10,10,10,10,9,9,0,6,5,19,203,0,0,0,174,0,5,7,10,10,0,13,9,9,2,7,7,5,8,8,9,0,1,1,0,1,58,23,9,6,6,6,0,9,7,0,11,11,63,4,6,11,10,11,10,10,9,3,8,8,7,6,5,7,25,149,0,6,0,183,32,7,6,5,1,2,2,2,1,0,88,0,1,1,10,35,1,1,0,0,0,0,0,0,0,0,0,0,0,1,1,1,1,1,0,0,0,0,0,0,0,3,0,0,0,0,0,0,62,0,0,0,0,0,1,57,89,139,160,162,160,144,210,98,79,57,36,20,5,0,0,0,0,0,103,0,0,0,2,0,4,0,0,0,0,0
0,0,0,0,21,0,0,0,24,0,0,0,0,0,0,0,0,0,0,4,28,40,67,102,130,153,150,147,145,136,96,45,0,0,0,0,0,0,0,0,0,0,0,0,0,2,0,138,0,0,2,1,0,1,1,1,1,1,1,1,1,1,0,1,1,1,1,1,1,1,0,26,2,4,3,10,3,0,226,0,3,5,7,9,9,9,8,10,9,7,27,7,5,4,0,6,29,4,0,6,5,7,10,10,10,10,9,8,7,6,8,1,10,9,8,0,1,1,0,1,0,5,8,5,5,5,7,7,7,29,7,11,137,0,2,10,10,10,10,10,9,10,9,9,8,6,5,6,7,190,0,5,5,10,82,7,5,4,4,2,2,1,1,0,193,0,1,1,22,77,1,1,0,0,0,0,0,0,0,0,0,0,0,1,1,1,1,1,0,0,0,0,0,0,0,0,0,0,0,0,0,0,138,0,0,0,0,0,7,61,81,138,161,159,157,147,120,101,75,52,32,18,4,0,0,0,0,0,227,0,0,0,0,0,0,0,0,0,0,0
0,0,0,0,189,0,0,0,222,0,1,0,2,0,0,0,0,0,0,3,85,55,64,98,124,174,151,141,145,143,110,60,5,0,0,0,0,0,0,0,1,0,2,0,0,0,0,21,0,0,0,0,1,1,1,1,1,1,1,1,1,1,1,1,1,1,0,1,1,1,0,222,0,4,4,77,22,132,22,0,3,6,0,11,9,7,1,10,10,0,190,6,6,5,0,0,222,0,3,5,6,7,10,10,12,11,9,8,5,0,9,8,10,9,8,3,1,1,1,1,1,7,6,5,4,5,7,7,6,191,0,10,30,8,9,2,10,10,10,11,10,10,10,9,7,6,5,6,8,34,3,4,0,8,20,8,5,5,4,2,1,1,1,1,30,0,1,1,4,13,0,1,0,0,0,0,0,2,0,0,0,0,0,0,0,1,1,1,0,0,0,0,0,0,0,0,0,0,0,0,0,0,21,0,0,0,0,0,22,5,135,143,159,146,149,141,120,97,70,36,32,16,2,0,0,0,0,0,35,0,0,0,0,0,0,0,0,0,0,0
0,0,0,0,99,0,0,0,116,0,0,161,0,0,0,0,0,2,0,2,51,44,61,103,152,151,142,145,152,153,127,78,21,0,0,0,2,0,2,0,0,161,0,0,0,0,1,0,0,0,0,0,1,1,1,1,1,1,1,1,1,1,1,1,1,1,0,0,1,1,0,114,0,3,4,42,13,73,0,2,2,7,103,1,10,7,2,9,10,0,105,6,7,6,6,1,122,0,7,8,0,8,10,11,13,4,10,8,21,59,9,10,10,9,9,0,0,3,1,1,3,6,5,4,4,5,7,5,6,104,0,10,0,11,0,8,10,10,9,4,11,10,10,10,9,6,6,7,8,0,0,2,100,0,3,9,6,4,4,4,1,1,1,1,0,3,1,1,0,0,0,1,0,0,0,0,0,0,175,46,0,0,0,0,1,1,1,0,0,0,0,0,0,0,0,0,0,0,0,0,0,0,0,1,0,0,0,0,47,57,145,213,137,220,162,138,116,91,65,159,7,11,0,0,0,0,0,2,0,1,0,0,0,0,0,0,0,0,0,0
0,0,0,0,0,3,0,2,0,1,0,194,0,0,0,0,0,0,77,0,7,29,57,99,153,142,147,133,160,166,144,99,19,0,0,0,0,93,0,0,0,194,0,0,0,0,1,0,0,0,0,0,1,1,1,1,1,1,1,1,1,1,1,1,1,0,0,1,1,1,28,0,4,2,3,0,0,0,3,1,2,6,123,0,10,6,5,8,10,13,0,7,7,8,8,9,0,11,7,0,66,8,10,12,13,3,10,8,25,70,9,10,10,9,6,25,85,0,1,1,3,5,5,4,5,7,0,6,6,0,12,10,8,8,72,2,10,9,9,3,11,0,11,10,9,7,8,2,9,7,31,11,120,0,9,5,6,4,4,4,2,1,1,1,1,1,1,1,1,2,2,0,2,0,0,1,0,0,212,55,0,0,0,0,1,1,1,0,0,0,0,0,0,0,0,0,0,0,0,0,0,0,0,0,0,0,0,6,36,122,141,221,124,220,153,113,106,84,60,181,24,17,0,0,0,0,0,0,0,0,0,0,0,0,0,0,0,0,1,0
0,0,0,0,0,0,0,0,0,0,0,0,0,0,0,0,0,0,233,0,13,28,53,83,112,167,165,113,168,175,156,118,9,0,0,0,0,255,0,0,0,0,0,0,0,0,0,4,0,0,0,1,1,1,1,1,1,1,1,1,1,1,1,1,1,3,0,1,1,1,78,22,1,1,2,4,2,1,1,1,2,5,7,10,10,5,5,8,10,10,9,7,7,9,9,9,0,9,7,0,200,7,10,12,12,12,10,10,9,7,9,10,9,9,1,70,254,0,0,1,5,7,5,5,7,7,15,9,7,9,9,9,7,5,199,0,10,9,9,9,9,16,9,10,9,9,9,12,10,10,82,26,2,8,9,10,6,5,4,3,2,1,1,1,1,1,1,0,1,2,1,7,0,0,5,0,0,0,0,0,0,0,0,0,0,0,0,0,0,0,0,0,0,0,0,0,0,0,0,0,0,0,0,0,0,0,0,20,8,125,150,144,128,115,117,81,94,80,58,41,74,31,0,0,0,0,0,0,0,0,0,0,0,0,0,0,0,4,0,0
0,0,0,0,0,0,0,0,0,0,0,0,1,0,0,0,0,0,58,0,10,26,48,77,116,141,156,156,178,183,165,128,59,7,0,0,0,71,0,0,0,0,1,0,0,0,0,126,0,0,0,1,1,1,1,1,3,0,1,1,1,3,0,1,1,71,0,3,1,1,20,6,1,1,2,2,2,1,1,1,1,4,0,10,8,5,5,8,9,9,9,7,8,9,9,9,7,9,7,0,54,9,10,12,15,0,10,10,8,7,9,9,9,8,4,19,64,0,1,1,5,7,6,6,8,0,210,0,25,73,6,6,6,7,56,4,10,9,9,10,0,208,0,10,10,10,10,131,0,9,28,0,2,8,8,75,23,5,4,2,2,1,1,1,2,1,1,1,1,2,0,208,0,0,176,0,0,1,0,0,0,0,0,0,0,0,0,0,0,0,0,0,0,0,0,0,0,0,0,0,0,0,0,0,0,0,0,30,71,133,152,140,121,104,108,103,100,77,54,35,38,14,0,0,0,0,0,0,0,0,0,0,0,0,0,0,0,126,0,0
0,0,0,0,0,0,1,0,0,0,0,0,0,0,0,0,0,2,0,0,11,23,44,73,52,135,150,183,182,185,169,140,93,24,0,0,1,0,1,0,0,1,0,0,0,0,0,86,0,0,0,0,1,1,1,1,0,70,1,1,1,0,83,1,0,44,149,0,1,1,0,0,3,0,3,2,2,1,1,1,1,3,3,7,6,5,5,8,9,9,8,7,9,7,2,10,0,11,7,7,0,10,6,11,0,122,9,10,9,8,8,8,0,7,4,0,0,3,1,1,7,0,10,6,2,3,145,0,19,51,4,4,5,7,0,11,9,10,9,4,2,145,0,4,10,10,10,93,1,8,0,137,0,6,6,52,18,5,2,2,1,1,1,1,2,2,1,1,1,2,0,142,0,0,121,0,0,0,0,0,45,12,0,0,0,0,0,0,0,0,0,0,0,0,0,0,0,0,0,0,0,0,0,0,0,0,0,45,108,138,154,143,118,103,105,117,103,74,57,37,19,4,0,0,0,0,0,0,0,0,0,0,0,1,0,0,0,86,0,0
0,0,0,0,0,0,0,32,0,0,0,0,0,0,1,0,0,0,0,44,2,21,41,68,18,137,147,143,180,181,178,153,107,45,0,0,0,0,0,0,0,0,32,0,0,0,1,0,0,0,0,0,1,1,1,1,0,160,1,2,0,0,129,1,45,0,210,0,1,1,1,1,0,53,0,2,1,1,1,1,1,1,4,4,5,4,5,8,9,9,5,7,9,14,26,7,59,4,7,5,8,11,5,10,0,183,9,5,9,6,7,6,37,0,2,1,1,1,1,1,5,59,5,14,27,11,0,8,2,0,4,4,5,7,10,7,9,10,10,2,13,0,12,0,10,10,10,0,10,7,0,213,0,5,5,0,2,4,0,1,1,1,1,1,2,2,1,1,1,1,2,0,3,0,0,3,0,0,0,0,71,19,0,0,0,0,0,0,0,0,0,0,0,0,0,0,0,0,0,0,0,0,1,0,0,0,1,60,112,142,153,147,124,107,108,102,97,74,41,36,21,2,0,0,0,0,0,0,0,0,0,0,32,0,0,0,0,0,1,0
0,0,0,0,0,0,0,141,0,0,0,0,0,0,1,0,0,0,0,197,0,21,38,63,88,119,138,62,178,175,194,164,120,64,5,0,1,0,0,0,0,0,141,0,0,0,0,0,0,0,0,0,1,1,1,1,0,148,1,2,0,0,7,0,198,0,11,1,2,2,1,1,0,232,0,2,1,1,1,1,1,1,2,2,4,0,4,7,9,10,1,9,9,29,84,0,233,0,7,5,8,10,10,10,9,18,11,3,7,5,7,5,144,0,1,1,1,1,1,1,0,233,0,30,84,10,7,5,4,2,3,4,6,7,10,10,10,10,10,10,10,9,8,1,10,10,10,10,9,6,5,17,6,5,5,1,3,3,2,1,1,1,2,1,1,1,1,1,1,1,1,1,1,1,0,0,0,0,0,0,3,1,0,0,0,0,0,0,0,0,0,0,0,0,0,0,0,0,0,0,0,0,1,0,0,0,12,71,118,143,154,154,133,116,113,75,88,77,0,35,17,2,0,0,0,0,0,0,0,0,0,0,141,0,0,0,0,0,0,0
0,0,0,0,0,0,0,51,0,0,0,0,2,0,0,160,0,0,0,71,0,21,34,59,88,108,127,109,162,168,179,160,178,83,19,0,0,115,0,0,0,0,51,0,0,0,0,0,0,0,0,0,1,1,1,1,0,44,1,0,161,0,0,0,72,0,0,3,3,2,1,2,0,86,3,0,1,1,1,2,1,1,1,1,2,2,5,6,9,10,7,9,9,16,36,5,89,2,7,6,7,9,10,10,11,0,0,118,5,5,6,5,53,0,1,1,1,1,0,1,7,93,4,17,36,10,7,5,4,2,2,4,6,7,10,10,10,12,0,12,7,7,0,192,1,10,10,10,7,5,6,0,8,6,5,66,21,1,1,1,1,2,2,1,1,1,3,0,1,1,1,1,1,1,0,0,0,0,0,0,0,0,0,0,0,0,0,0,0,0,0,0,0,0,0,0,0,0,0,0,0,0,0,189,0,0,21,81,123,136,213,159,147,128,120,100,91,72,29,32,14,1,0,0,0,0,0,0,0,0,0,0,51,0,0,0,0,0,0,0
0,0,0,0,0,0,2,0,0,0,0,0,0,110,0,142,0,0,0,0,7,22,31,52,74,99,115,141,149,164,169,162,182,103,39,0,0,101,0,0,0,2,0,0,0,0,0,0,10,37,0,0,0,1,1,1,3,0,1,0,142,0,1,1,0,5,5,3,4,2,1,2,6,0,0,94,0,1,1,2,2,0,3,1,2,5,5,6,10,11,11,10,9,7,1,10,0,11,8,7,8,9,8,8,7,8,0,103,3,4,5,5,0,3,1,1,1,0,0,1,11,0,16,8,3,10,8,0,7,3,3,4,6,7,10,10,10,0,114,5,7,6,0,166,2,10,11,10,6,5,3,7,0,9,6,59,19,0,1,1,1,2,2,1,1,1,0,67,1,1,1,1,1,1,1,0,0,0,0,0,0,0,0,1,0,0,0,0,0,0,0,0,0,0,0,0,0,0,0,0,0,0,0,167,0,0,31,89,129,140,208,164,166,141,127,115,90,66,49,29,10,0,0,1,0,0,0,0,0,0,0,0,0,2,0,0,0,0,0,0
0,0,0,0,0,0,0,0,0,0,0,0,0,225,0,0,0,0,0,0,5,21,29,45,67,91,105,123,146,165,172,170,159,116,59,0,1,0,0,0,0,0,0,0,0,0,0,0,20,75,0,0,0,1,1,0,1,1,1,2,0,1,1,1,1,3,5,5,4,2,1,2,5,5,0,191,0,0,1,2,0,30,0,1,2,4,5,7,10,12,10,10,9,9,9,9,9,9,9,7,9,9,8,6,4,7,6,0,2,4,4,5,3,2,1,1,1,0,0,0,6,11,14,12,13,9,9,26,5,4,4,5,6,7,9,9,9,0,226,0,9,7,7,0,11,11,12,10,7,5,1,7,26,7,7,0,0,19,1,1,1,2,2,0,1,1,0,137,1,1,1,1,1,1,1,0,0,0,0,0,0,0,18,0,0,0,0,0,0,0,0,0,0,0,0,0,0,0,0,0,0,0,2,0,0,26,42,98,135,150,155,167,152,151,128,106,84,61,41,26,7,0,18,0,0,0,0,0,0,0,0,0,0,0,0,0,0,0,0,0
1,0,2,0,0,0,0,0,0,0,0,0,0,29,0,0,0,0,0,0,4,18,26,39,60,86,100,120,144,174,171,166,208,122,75,12,0,0,0,0,0,0,0,0,0,0,0,0,3,10,0,0,0,1,1,0,0,1,1,2,0,1,1,1,1,3,5,5,4,1,1,2,4,7,2,26,1,0,1,1,0,225,0,1,2,4,5,8,10,12,11,9,9,9,9,9,7,9,9,9,9,9,8,5,5,5,4,1,2,5,1,5,2,2,2,2,1,0,0,1,2,10,11,14,14,5,8,141,0,5,4,5,7,7,9,9,7,4,37,8,9,7,7,3,10,10,12,10,9,5,5,7,141,0,8,4,0,137,1,1,2,2,4,0,2,1,0,19,1,1,1,1,1,1,1,1,0,0,0,0,0,0,136,0,0,0,0,0,0,0,0,0,0,0,0,0,0,0,1,0,0,0,0,0,0,195,51,107,139,152,159,165,73,159,125,101,78,57,39,22,5,0,136,0,0,0,0,0,0,0,0,0,0,0,0,0,0,0,0,0
0,167,0,0,0,0,0,0,0,0,0,0,2,0,1,0,0,0,0,0,2,14,22,34,59,35,94,118,145,66,182,237,178,132,90,27,0,0,0,0,0,0,0,0,0,0,0,0,0,0,0,0,0,1,1,56,16,1,0,0,142,0,1,1,1,3,5,5,4,1,1,3,5,7,8,0,1,1,1,1,0,110,0,1,1,5,5,8,10,12,12,9,7,9,10,8,7,8,10,10,10,10,8,5,4,4,4,3,3,4,3,5,3,3,3,4,1,0,0,0,1,6,10,13,13,66,25,74,3,6,5,6,0,9,8,8,7,8,0,11,9,8,8,9,10,11,15,12,2,6,7,8,65,4,9,4,0,67,1,1,2,2,0,167,0,1,2,0,1,1,1,1,1,1,1,1,0,0,0,0,0,0,66,0,0,0,0,0,0,0,56,15,0,0,0,0,0,101,0,0,0,0,0,0,0,106,65,118,147,156,159,161,106,147,120,94,72,53,37,20,1,0,66,0,0,0,0,0,0,0,0,0,0,0,0,0,0,0,0,0
0,189,0,0,0,28,8,0,0,0,0,0,0,0,0,0,0,0,0,0,0,7,17,29,53,23,89,116,144,51,185,166,152,133,103,44,1,0,0,0,0,0,1,0,1,0,0,0,0,1,0,0,0,1,1,64,18,1,0,0,161,0,1,1,1,2,5,5,4,1,1,4,6,7,6,2,1,1,1,1,3,0,5,1,0,4,4,8,10,12,11,9,7,9,10,8,7,8,10,10,10,10,8,5,4,4,4,4,5,4,6,5,5,5,4,6,1,1,0,0,1,2,9,11,12,65,25,0,10,6,5,7,53,2,8,0,7,7,9,10,9,10,10,10,10,13,10,10,2,8,8,11,0,12,10,4,3,0,1,2,2,2,0,189,0,1,1,1,1,1,1,1,1,1,1,1,0,0,0,0,28,8,0,2,0,0,0,0,0,0,63,17,0,0,0,0,0,115,0,0,0,0,0,0,3,9,82,129,154,159,158,151,176,129,111,86,68,43,33,18,0,0,0,2,0,1,0,0,0,0,0,0,0,0,0,0,0,0,0,0
0,0,1,0,0,78,21,0,0,0,3,1,0,0,0,0,0,0,0,0,0,0,11,23,39,64,85,113,137,161,170,2,168,142,112,60,4,0,0,0,0,0,0,10,0,0,0,0,0,0,9,0,0,0,1,0,0,1,0,1,0,1,1,1,1,1,4,4,4,1,1,4,6,7,6,3,1,1,1,1,1,11,0,1,1,2,4,8,10,12,10,9,8,10,10,8,7,8,10,10,10,10,8,5,5,5,5,5,5,5,5,5,5,5,5,7,1,0,0,0,0,1,5,9,11,2,7,7,7,6,5,7,144,0,6,15,6,8,9,10,10,10,10,10,10,13,1,5,10,7,10,9,16,10,10,4,1,1,1,2,2,2,2,0,1,1,1,1,1,1,1,1,1,1,1,1,0,0,0,0,78,21,0,0,0,0,0,0,0,0,0,0,0,0,0,0,0,0,1,0,0,0,0,0,4,51,98,138,157,162,157,140,193,118,102,79,63,51,29,13,0,0,0,0,9,0,0,0,0,0,0,0,0,0,0,0,0,0,1,3
0,0,1,0,0,17,5,0,0,0,71,19,0,0,0,0,0,0,0,0,0,0,5,16,26,60,81,108,130,151,158,119,144,226,115,73,14,0,0,0,0,0,0,212,0,0,0,0,0,0,180,0,0,0,0,0,0,1,0,1,0,0,1,1,1,1,2,3,2,1,1,4,6,7,6,3,1,1,1,1,0,212,0,1,1,1,4,7,10,10,11,9,9,10,10,8,5,9,10,12,11,10,8,6,5,0,5,5,5,4,4,5,5,5,7,7,1,0,0,0,0,1,3,6,7,71,23,5,5,5,5,7,38,4,0,183,0,12,10,10,10,10,10,10,10,13,13,9,10,9,9,0,133,10,8,4,0,1,1,2,2,1,2,0,1,1,1,1,1,1,1,0,1,1,1,0,0,0,0,0,20,5,0,0,0,0,0,0,0,0,0,0,0,0,0,0,0,0,0,0,0,0,0,0,0,78,114,145,161,162,156,142,140,109,94,75,31,148,27,6,0,0,0,0,180,0,0,0,0,0,0,0,0,1,0,0,0,0,19,71
0,0,0,0,0,0,0,0,0,0,45,12,0,1,0,47,13,0,0,0,0,0,1,13,24,52,75,101,122,137,150,167,142,197,124,85,25,0,0,0,0,0,0,136,0,0,0,0,0,0,115,0,0,0,0,1,1,1,0,0,1,0,1,1,1,1,1,1,1,1,1,4,6,7,6,3,1,0,2,1,0,136,0,1,1,1,3,6,10,10,0,7,10,10,11,8,5,9,10,0,13,10,8,7,6,54,20,5,4,4,4,4,5,6,8,3,1,2,0,1,0,0,1,3,3,47,15,3,5,5,5,6,0,8,0,112,144,0,10,10,10,11,11,10,10,13,7,12,9,9,9,2,89,10,7,4,1,1,1,2,2,1,1,1,1,1,1,1,1,1,1,0,1,1,1,48,13,0,0,121,0,0,0,0,0,0,0,0,0,0,0,0,0,0,0,0,0,0,0,0,0,0,0,0,19,69,120,146,163,162,157,142,117,103,86,64,160,94,21,2,0,0,0,0,108,0,0,0,0,0,0,0,86,0,0,0,0,0,12,45
0,0,0,0,0,0,0,0,0,0,0,0,35,0,0,69,19,0,0,0,0,0,0,9,27,45,68,93,110,130,146,159,154,138,136,98,35,0,0,0,0,0,2,0,0,0,0,0,0,3,0,0,0,0,0,0,1,1,0,0,1,1,1,1,1,1,1,1,1,1,1,4,5,7,6,3,1,36,0,1,2,0,3,1,1,1,2,5,9,9,21,14,10,10,10,8,5,9,10,59,3,9,8,7,6,76,26,6,4,4,4,4,5,7,8,0,1,0,58,0,20,6,1,2,2,0,0,3,5,5,5,5,6,7,10,0,209,0,10,10,11,12,11,10,10,12,1,12,9,9,9,11,0,8,5,3,2,2,0,3,2,1,1,1,1,1,1,1,1,1,1,1,1,1,2,64,19,0,0,176,0,0,0,0,0,0,0,0,0,0,19,5,0,0,0,0,0,0,0,0,0,0,0,6,59,71,126,166,159,161,156,144,121,99,80,57,215,6,14,1,0,0,0,5,0,3,0,0,0,0,0,0,126,0,0,0,0,0,0,0
0,0,0,0,0,0,0,0,0,0,0,0,142,0,0,2,1,0,0,0,0,0,0,3,24,41,62,86,105,125,145,161,161,158,145,104,41,0,0,0,0,0,0,0,0,0,0,0,0,0,0,0,0,0,0,0,1,1,0,0,1,1,1,1,1,1,1,1,1,1,1,4,5,5,5,3,1,142,0,1,1,1,1,1,1,1,2,5,7,7,82,29,10,11,7,8,5,9,9,201,0,9,6,5,1,12,10,6,4,2,2,4,5,7,6,1,0,0,233,0,78,22,1,2,1,0,2,5,5,5,5,4,4,7,8,9,15,10,10,10,11,12,11,10,10,11,12,10,9,9,9,9,8,7,4,3,2,2,0,4,4,0,1,1,1,1,1,1,1,1,1,1,1,1,2,0,2,1,0,5,0,0,0,0,0,0,0,0,0,0,78,21,0,0,0,0,0,0,0,0,0,0,0,18,70,114,140,203,149,157,153,142,120,96,77,60,51,29,9,0,0,0,0,21,78,0,0,0,0,0,0,0,4,0,0,0,0,0,0,0
0,0,2,0,0,0,0,2,0,1,0,0,47,0,0,0,0,0,0,0,0,0,0,2,19,36,56,69,217,117,174,35,181,167,165,23,46,0,0,0,0,0,0,18,65,0,0,0,0,0,0,0,0,0,0,0,0,1,0,0,1,1,1,1,1,1,1,1,1,1,1,4,4,5,5,4,2,33,0,2,1,1,1,1,1,1,3,5,6,7,32,16,10,12,9,9,6,8,10,73,2,8,3,5,4,6,8,6,2,1,1,4,5,6,3,1,2,0,77,0,26,8,3,2,1,2,4,6,6,7,5,4,4,6,9,10,0,11,10,10,10,11,10,10,10,8,12,10,10,9,7,8,6,1,4,4,2,0,194,0,4,1,1,1,1,1,1,0,3,1,1,1,1,0,0,161,0,1,1,0,0,0,0,0,0,0,0,0,0,0,26,7,0,0,0,0,0,0,2,0,0,0,0,33,82,124,142,165,147,162,156,30,74,98,74,57,33,26,3,0,0,0,0,7,26,0,0,0,0,0,0,0,0,1,0,0,0,0,0,0
0,0,0,127,33,0,0,0,116,0,2,0,0,2,0,0,0,0,1,0,0,0,0,1,14,32,50,64,191,114,167,58,184,175,170,44,53,0,0,0,0,0,2,0,54,0,0,0,0,0,0,0,0,0,0,0,0,1,0,0,1,1,1,1,0,3,1,1,1,1,1,3,4,5,5,4,3,57,0,2,0,1,1,1,1,3,5,5,5,8,0,7,10,12,0,11,7,8,10,0,12,7,2,5,7,10,9,6,2,1,1,4,5,4,1,0,0,73,0,1,0,0,4,3,3,0,4,6,8,6,4,4,3,5,5,9,9,10,10,10,10,10,10,10,10,10,11,10,10,0,8,6,3,1,4,3,3,0,162,0,3,1,1,1,1,1,1,71,0,1,1,1,1,12,22,137,0,1,1,0,99,0,0,0,0,0,0,0,0,0,0,0,0,0,0,0,0,70,0,0,0,0,3,50,94,137,140,145,142,86,129,36,76,94,70,53,37,20,0,0,0,0,0,0,0,0,0,0,0,0,0,1,0,0,0,0,0,0,0,0
0,0,0,242,63,0,0,0,222,19,0,0,0,0,0,0,0,19,0,0,0,0,0,0,9,27,46,68,79,113,135,171,173,177,163,129,63,29,1,12,0,0,0,33,0,0,0,0,0,0,0,0,0,0,0,0,0,0,0,0,1,1,1,1,30,0,1,1,1,1,1,2,4,4,4,4,4,135,0,2,0,1,1,1,2,5,5,5,5,1,34,9,10,12,38,6,7,8,10,10,10,7,5,4,6,9,9,7,4,2,3,4,5,3,1,0,0,135,0,1,2,4,5,5,4,17,10,7,8,5,4,4,3,5,1,10,9,10,9,9,9,10,10,10,10,13,12,9,10,38,3,5,2,5,4,2,4,6,0,5,3,1,0,1,1,1,1,135,0,1,1,0,0,21,77,0,1,1,1,0,189,0,0,0,0,0,0,0,0,0,0,0,0,0,0,0,0,135,0,0,0,0,16,67,110,117,143,127,135,26,101,123,111,84,66,49,33,14,0,0,0,0,0,0,0,0,0,0,0,0,0,0,21,0,0,12,3,0,0,0
0,0,0,26,7,0,0,0,23,192,0,0,0,0,0,0,0,128,0,0,0,0,0,0,5,23,40,62,82,106,132,154,169,175,164,127,74,152,5,75,0,1,0,228,0,0,0,0,0,0,0,0,0,0,0,0,0,0,0,0,0,1,0,0,193,0,1,1,1,1,1,1,3,4,4,4,4,16,1,2,2,0,2,2,1,6,5,5,4,0,194,7,10,10,192,0,7,9,10,10,10,7,4,4,5,8,9,8,5,4,4,5,5,1,0,0,0,15,0,1,4,5,6,5,5,79,27,7,7,7,6,4,4,5,8,9,9,9,7,7,7,9,10,10,11,12,13,4,8,195,0,7,5,5,4,3,4,5,3,5,3,2,0,1,1,1,1,16,0,1,1,0,0,2,9,0,1,1,1,0,21,0,0,0,0,0,0,0,0,0,0,0,0,0,0,1,0,16,0,0,0,0,31,81,133,28,154,57,131,114,112,115,103,80,63,44,30,8,0,0,0,0,0,0,0,0,0,0,0,2,0,0,138,0,0,76,21,0,0,0
0,0,2,0,0,0,0,0,0,80,0,0,0,0,0,0,0,167,0,0,0,0,0,0,1,19,36,58,87,139,125,146,162,172,158,135,92,106,18,33,0,0,199,92,0,0,0,0,0,0,0,0,0,0,0,0,0,0,0,0,0,0,0,0,88,0,1,0,0,2,1,1,3,4,4,4,3,0,2,1,2,0,5,2,3,6,5,4,3,0,92,8,10,11,94,0,7,8,10,10,10,8,4,4,4,6,9,9,6,5,1,6,4,1,0,0,1,0,0,2,6,6,7,6,6,39,15,6,3,0,7,6,4,5,8,9,8,8,7,7,0,7,12,0,13,12,11,7,9,94,0,7,5,5,0,7,4,4,5,5,2,0,105,1,1,1,1,0,2,1,0,0,0,0,0,1,1,1,1,3,0,0,0,0,0,0,0,0,0,0,0,0,0,0,0,0,172,0,1,0,0,4,49,96,135,95,154,101,132,118,204,110,97,76,60,39,24,3,0,0,0,0,0,0,0,0,0,0,0,0,149,0,62,0,0,34,9,0,0,0
0,0,1,0,0,76,0,55,3,8,3,0,0,0,0,0,0,96,0,0,0,0,0,0,0,12,32,40,69,132,118,138,156,167,188,148,113,64,44,6,0,0,225,0,1,0,0,0,0,0,0,0,0,0,0,0,0,0,0,0,0,0,0,1,0,4,1,47,84,0,0,1,0,3,3,3,1,1,1,1,0,91,0,1,4,5,3,2,1,6,0,9,10,13,0,12,7,8,10,10,9,7,5,2,4,5,8,9,8,6,2,7,3,1,0,0,0,0,0,4,4,7,7,7,5,0,1,5,12,35,7,7,5,5,7,9,7,7,7,7,36,17,1,96,7,11,10,11,10,0,11,7,0,4,79,0,4,5,5,0,3,0,113,3,2,1,1,1,1,0,0,0,0,0,0,0,0,0,2,1,0,0,0,0,0,30,8,0,0,0,0,0,0,0,0,0,184,0,0,0,0,18,66,110,136,164,153,179,138,114,158,107,92,70,51,35,17,0,0,0,0,0,0,0,0,0,0,0,0,56,146,0,0,0,0,0,0,0,0,0
0,0,0,15,0,196,0,140,7,77,0,0,0,0,0,0,0,0,2,5,0,0,0,0,0,3,28,19,74,80,112,131,151,163,228,135,131,105,77,45,7,1,0,1,0,0,0,0,0,0,0,0,0,0,0,0,0,0,0,0,0,0,0,1,1,1,1,119,217,0,6,1,10,2,2,2,1,1,1,1,0,231,0,0,2,3,2,1,1,5,5,8,10,12,11,10,7,8,10,10,8,5,5,0,4,5,7,9,9,8,7,7,3,1,0,0,0,0,1,7,1,7,7,7,5,5,0,4,24,80,8,7,6,5,6,7,7,7,7,9,83,29,0,232,0,10,9,10,10,9,8,4,14,3,197,0,4,4,5,16,0,3,0,4,3,1,1,1,1,0,0,0,0,0,0,6,2,10,0,0,0,0,0,0,0,77,20,0,0,0,0,0,0,0,0,1,0,1,0,0,1,33,80,120,146,156,155,204,146,149,14,107,86,67,51,30,11,0,0,0,0,0,0,0,0,0,0,0,0,198,0,0,0,1,5,0,0,0,0,0
0,0,0,216,0,39,0,28,1,15,0,0,0,0,0,0,0,0,20,72,0,0,0,1,0,0,20,15,225,68,106,128,148,161,193,33,147,126,102,70,27,0,0,0,0,0,0,0,0,0,0,0,0,0,0,4,0,2,0,0,0,0,0,1,0,1,1,24,44,0,73,7,132,0,1,1,1,1,1,1,0,47,0,1,1,1,1,1,1,4,7,9,10,11,0,12,7,8,9,10,7,5,5,4,4,5,7,0,11,9,7,5,3,1,0,0,0,0,1,8,8,7,7,7,5,4,5,0,6,12,8,7,6,5,6,7,7,7,7,10,25,14,6,54,8,11,0,12,10,9,7,0,133,5,43,0,4,4,3,184,0,2,1,5,3,1,1,1,0,0,0,1,0,0,0,75,20,131,0,0,0,0,0,1,0,16,0,2,0,0,0,0,0,0,0,0,0,1,0,0,4,46,92,129,150,159,160,170,150,220,87,105,83,77,99,25,4,0,0,0,1,0,2,0,0,0,0,0,0,40,0,0,0,21,72,1,0,2,0,0
0,0,0,129,0,0,0,0,0,0,0,0,0,0,0,0,0,0,12,43,0,0,90,0,0,0,13,22,150,65,97,122,135,157,167,107,161,147,128,98,53,9,0,0,0,0,0,0,0,0,0,0,0,0,126,0,148,0,1,0,0,0,0,1,1,1,0,0,0,2,44,5,79,0,1,1,1,1,1,1,2,0,3,1,1,1,1,1,1,4,7,8,10,7,124,0,7,8,9,0,9,5,5,7,7,6,7,95,1,10,6,5,4,0,0,0,0,0,2,0,12,7,7,6,0,5,0,93,13,39,6,7,5,5,7,8,7,7,7,10,0,6,12,0,11,3,152,0,10,10,6,0,82,5,0,6,4,5,3,111,0,3,0,5,3,1,1,1,0,0,0,0,90,0,126,27,13,79,0,0,1,0,92,0,0,0,147,0,0,0,0,0,0,0,0,0,0,0,0,0,20,62,112,135,152,160,161,156,152,184,124,102,78,66,71,18,0,0,0,0,0,148,0,0,0,0,0,0,0,0,2,0,90,3,43,0,148,0,0,1
0,0,2,0,1,0,0,0,0,0,0,0,0,0,0,0,0,0,0,0,0,0,123,0,0,0,6,27,23,64,88,111,154,152,168,146,171,164,147,121,82,30,0,0,0,0,0,0,0,0,0,0,0,0,173,0,203,20,0,0,1,0,0,0,1,1,0,40,0,1,0,0,0,1,2,0,1,1,1,1,1,1,1,1,1,1,1,1,1,3,5,7,10,14,196,0,7,9,0,62,0,3,4,6,11,0,7,126,0,9,6,5,6,2,0,0,0,0,1,61,2,8,7,4,58,0,0,125,28,93,5,6,5,5,7,10,7,7,7,3,31,16,10,10,10,0,205,0,11,9,6,5,0,5,4,4,4,5,4,0,5,0,42,5,3,1,1,1,1,0,0,0,123,0,170,0,0,0,7,21,0,64,117,0,0,0,203,0,0,0,0,0,0,0,0,0,1,0,0,2,43,84,98,140,153,158,158,156,148,121,105,91,72,49,25,10,0,0,0,0,0,203,0,0,0,0,0,0,0,0,0,0,123,0,0,0,203,0,64,0
0,0,0,0,0,0,0,0,0,0,0,0,0,0,0,0,0,0,0,0,0,0,1,0,0,0,1,21,38,58,81,97,198,148,183,31,178,173,159,138,100,54,5,0,0,0,0,0,0,0,0,0,0,0,2,0,2,142,0,0,0,0,0,0,0,1,1,142,0,1,1,1,1,1,1,0,1,1,1,1,1,1,1,1,1,1,1,1,1,3,5,7,10,30,86,8,7,10,7,201,0,2,4,1,11,7,7,8,9,8,6,7,7,5,0,0,0,0,0,200,0,9,7,3,200,0,2,4,26,83,7,5,5,5,9,9,7,7,7,8,85,32,12,12,12,8,13,10,10,9,6,4,4,5,5,4,5,5,5,4,2,0,144,4,3,1,1,1,1,0,0,0,1,0,1,1,1,0,21,78,0,234,0,0,0,0,2,0,0,0,0,0,0,0,0,0,0,0,0,13,63,106,56,145,153,154,153,149,138,122,73,77,67,45,27,6,0,0,0,0,0,2,0,0,0,0,0,0,0,0,0,0,1,0,0,0,2,0,234,0
0,0,0,0,0,67,0,2,0,0,0,0,0,0,0,0,0,0,0,0,0,0,0,1,0,0,0,17,35,54,73,93,141,143,168,132,173,179,168,164,24,77,19,0,0,0,0,0,0,0,0,0,0,0,0,2,0,44,0,169,0,0,0,0,0,1,1,44,0,1,1,1,1,1,0,169,0,1,1,1,1,1,1,1,1,1,1,1,1,3,5,7,9,16,24,8,8,0,200,57,0,1,3,6,0,171,6,1,8,7,5,7,9,6,1,0,0,0,1,67,2,9,8,4,61,0,2,0,12,28,7,7,6,6,9,9,9,8,6,172,11,18,12,12,13,11,2,128,0,9,6,4,4,5,5,5,5,5,5,4,3,0,46,4,2,1,1,1,1,0,0,1,0,18,58,2,1,0,6,24,0,71,0,0,169,0,0,1,0,0,66,18,0,0,0,0,0,121,0,0,87,119,115,149,153,152,148,141,128,119,83,77,63,41,24,1,0,0,0,0,0,0,1,0,0,0,0,0,0,0,0,0,0,1,0,0,0,0,71,0
0,0,0,0,0,46,137,0,0,0,0,0,0,0,0,0,0,0,0,0,0,0,0,0,0,0,0,12,32,47,64,86,110,137,156,186,211,177,175,172,64,100,34,0,0,0,0,0,0,0,0,0,0,0,0,0,0,0,0,131,0,0,0,0,0,2,1,0,2,1,1,1,1,1,0,132,0,1,1,1,1,1,1,1,1,1,1,1,1,3,6,8,9,7,1,5,9,0,158,0,5,1,2,7,0,136,6,7,7,6,5,7,10,8,1,0,0,0,4,0,12,9,8,5,0,3,2,5,6,1,7,7,6,8,10,9,9,9,7,136,0,10,12,11,10,6,11,101,1,10,6,5,4,5,5,5,5,5,5,5,5,6,0,1,0,1,1,1,1,0,0,0,0,14,51,1,1,0,0,0,1,0,2,0,131,0,0,0,0,0,52,14,0,0,0,0,0,94,11,56,107,133,154,152,154,143,143,132,116,60,91,72,57,37,19,0,0,0,0,0,0,0,0,0,0,0,0,0,0,0,0,0,0,0,0,0,0,2,0,1
13,4,0,0,0,0,217,0,0,0,0,0,0,0,0,0,0,0,0,0,0,0,0,0,0,0,0,7,28,40,57,77,95,129,150,163,231,170,177,168,163,115,81,5,0,0,0,0,0,0,0,0,0,0,0,0,0,0,0,0,2,0,0,0,34,0,1,1,1,1,0,1,1,1,3,0,1,1,0,1,1,1,0,1,0,1,1,1,1,3,6,9,9,9,7,5,8,12,0,7,1,1,1,1,11,0,7,7,7,5,5,6,9,8,0,0,0,0,5,10,10,9,8,5,2,2,4,7,9,9,9,7,7,10,10,10,9,9,9,0,13,12,12,9,8,25,15,0,11,10,3,5,5,5,5,5,5,5,5,5,5,4,4,5,15,1,1,0,1,0,0,0,0,0,0,0,0,0,0,0,0,0,0,0,0,2,0,0,0,0,0,0,0,0,0,0,1,0,27,134,121,146,155,153,149,160,139,125,106,21,84,64,50,33,12,0,0,0,0,0,0,0,0,0,1,0,0,0,0,0,0,0,0,0,0,0,0,0,0,0
77,21,0,0,0,0,19,0,0,0,0,0,0,0,0,0,0,0,0,0,0,0,0,0,0,0,0,4,22,34,50,72,38,121,143,157,170,167,177,173,165,120,168,22,0,0,0,0,0,0,0,0,0,0,0,0,0,0,0,0,0,0,0,0,195,0,0,1,1,1,0,1,1,1,1,0,1,2,0,2,1,2,0,1,0,2,1,1,1,4,6,9,10,9,7,7,9,10,9,7,1,1,2,0,8,6,7,7,5,5,4,5,9,7,1,0,0,0,5,10,10,9,9,6,1,4,6,9,10,10,9,9,9,10,10,10,9,9,9,9,10,12,11,10,10,83,30,9,10,9,0,5,6,7,7,5,5,5,5,4,4,4,4,23,77,1,2,0,2,0,0,0,0,0,0,0,1,0,0,0,0,0,0,0,0,0,0,0,0,0,0,0,0,0,0,0,0,0,28,91,132,154,159,153,138,221,135,118,100,76,70,59,45,28,5,0,0,0,1,0,0,0,0,0,2,0,0,0,0,0,0,0,0,0,0,0,0,0,0,0
24,6,0,0,0,1,0,1,0,0,0,0,0,0,0,59,16,0,0,0,62,16,0,0,0,0,0,1,15,28,43,65,55,215,125,144,144,201,173,176,125,205,59,43,0,0,0,0,0,0,0,0,0,0,0,0,0,0,0,0,0,0,0,0,82,0,1,1,1,1,1,1,1,1,1,1,1,0,178,0,1,0,109,0,151,0,2,0,3,1,8,10,10,9,7,7,9,10,9,6,3,1,0,179,0,6,7,7,5,5,4,4,10,0,2,0,0,0,8,10,10,9,9,8,4,6,8,10,10,11,0,7,10,10,0,12,9,10,10,10,11,11,10,10,10,41,18,10,9,0,153,3,7,9,7,6,6,5,5,3,3,4,3,10,33,1,0,216,0,0,0,0,0,0,131,132,0,0,0,0,0,0,0,0,0,0,0,0,0,0,1,0,2,0,0,0,0,0,43,95,143,160,160,153,141,172,130,176,88,83,63,53,38,20,1,0,0,108,0,0,0,0,0,0,0,151,0,0,0,0,0,0,0,0,0,0,0,0,0,0
24,6,0,0,0,0,0,0,0,0,0,0,0,0,0,59,16,0,0,82,49,16,0,0,0,0,0,0,7,21,37,58,78,199,108,129,134,191,167,177,130,218,101,64,11,0,0,0,0,0,0,0,0,0,0,0,0,0,0,0,0,0,0,0,0,3,1,0,2,1,1,1,1,1,1,1,1,0,178,0,1,0,109,0,152,0,2,60,0,0,10,10,12,0,8,8,9,8,8,6,4,1,0,163,0,3,6,7,6,4,4,4,0,99,0,0,0,0,5,10,9,10,9,9,8,9,10,10,10,11,35,18,10,9,89,0,9,10,10,12,0,10,10,10,10,0,7,10,8,0,153,4,7,9,8,7,3,5,3,2,1,3,1,0,0,1,0,216,0,0,0,0,1,0,132,131,0,0,9,32,0,0,0,0,0,0,0,0,0,0,0,96,0,0,0,0,0,8,63,108,152,161,158,151,142,124,124,169,82,73,58,47,24,12,0,0,0,108,0,0,0,0,0,0,0,151,0,0,0,0,0,0,0,0,0,0,0,0,0,0
77,21,0,0,0,0,0,0,0,0,0,0,0,0,0,0,0,0,0,195,0,0,0,0,0,0,0,0,1,14,31,51,72,82,108,116,126,141,162,175,180,157,255,81,32,0,0,0,0,0,0,0,0,0,0,0,0,0,0,0,0,0,0,0,0,0,1,13,0,1,1,1,1,1,1,1,1,2,0,2,0,2,0,1,0,3,2,140,0,19,6,10,8,28,7,8,9,7,7,7,5,1,0,7,1,1,3,6,7,4,4,4,0,229,0,0,0,1,1,9,9,9,10,10,9,10,10,10,10,10,84,30,10,8,197,0,9,10,10,9,18,10,10,10,10,7,9,10,7,6,0,7,8,9,9,9,0,6,2,1,1,2,1,1,1,1,2,0,2,0,0,0,0,19,0,0,0,12,21,77,0,0,0,0,0,0,0,0,0,0,0,230,0,0,0,0,0,23,80,133,154,159,155,147,136,126,116,98,82,67,53,40,11,6,0,0,0,0,1,0,0,0,0,0,2,0,0,0,0,0,0,0,0,0,0,0,0,0,0,0
13,4,0,0,0,0,0,0,0,2,0,0,0,0,0,0,0,0,0,34,0,0,0,0,0,0,0,0,0,8,24,44,63,90,142,106,119,143,158,172,179,168,174,106,56,5,0,0,0,0,0,0,0,0,0,0,0,2,0,1,0,0,0,0,0,0,0,133,0,1,0,0,1,1,1,1,1,1,0,1,0,1,0,1,0,2,2,26,0,187,0,10,0,220,0,9,8,6,7,9,6,0,0,215,0,1,1,5,5,1,4,4,0,43,0,0,0,1,4,7,10,1,11,9,7,10,10,10,10,10,23,14,10,9,42,4,10,10,10,0,187,9,10,11,10,9,10,10,6,5,1,7,9,9,9,9,6,6,1,1,1,1,1,1,1,1,1,0,1,0,0,0,0,219,0,0,0,133,4,13,0,0,0,0,0,0,0,0,0,0,0,40,0,0,0,0,0,43,86,211,145,157,153,144,130,119,109,93,77,62,48,34,13,1,0,0,0,0,0,0,0,0,0,0,1,0,0,0,0,0,0,0,0,0,0,0,0,0,0,0
0,0,0,0,0,3,0,0,0,0,131,0,0,0,0,0,0,0,0,0,2,0,0,0,0,0,0,0,0,2,18,37,55,72,95,84,113,79,160,168,176,176,152,130,83,25,0,0,0,0,0,0,0,0,0,0,0,0,155,0,0,0,0,0,0,0,0,75,0,1,52,15,1,1,1,1,1,1,1,1,0,0,1,0,1,0,2,0,4,107,0,9,0,128,3,9,6,5,6,4,9,3,0,123,0,1,1,3,5,4,4,4,98,0,1,0,0,0,8,7,9,5,7,10,8,10,10,10,10,10,4,2,11,9,0,12,10,11,10,0,108,9,11,3,10,11,11,11,8,8,0,7,9,9,9,9,9,5,1,1,1,1,1,1,1,1,1,1,0,0,0,0,0,123,0,0,0,74,0,0,0,0,0,0,0,0,0,0,0,0,1,0,2,0,0,0,13,48,191,180,146,154,150,140,127,100,100,85,70,56,41,27,9,0,0,0,0,0,0,0,0,0,0,0,0,0,0,0,0,0,0,0,0,0,0,0,0,0,0,0
0,1,0,0,60,0,0,0,0,0,170,0,0,0,0,0,0,0,0,0,0,0,0,0,0,0,0,0,0,0,10,30,47,54,44,130,107,59,156,162,171,176,171,149,109,53,7,0,0,0,0,0,0,0,0,0,0,0,199,0,0,0,1,0,0,0,0,0,3,1,67,19,1,1,1,1,1,1,1,1,0,0,1,0,1,0,2,3,4,0,10,9,12,0,11,8,5,5,6,3,11,7,5,0,2,1,1,2,5,8,5,6,126,0,0,0,0,44,3,7,7,12,5,10,10,7,9,10,10,10,11,2,11,9,9,10,10,12,10,13,0,9,11,2,10,10,13,12,9,0,64,6,9,9,9,9,9,3,1,1,1,1,0,2,1,1,1,1,0,0,0,0,2,0,0,60,1,0,0,0,0,0,0,0,0,0,0,1,0,0,0,0,0,0,0,0,32,104,227,134,163,155,148,136,121,138,90,77,65,51,35,20,2,0,0,0,0,0,0,0,0,0,0,0,0,0,0,0,0,0,0,0,0,0,0,24,6,0,0,0
0,0,1,0,199,0,0,0,0,2,0,0,0,0,0,0,0,0,0,0,0,0,0,0,0,0,0,0,0,0,3,23,40,56,52,216,100,123,142,156,166,174,175,162,131,78,27,0,0,0,0,0,0,0,0,0,0,0,0,0,0,0,0,2,0,0,0,0,1,1,0,1,1,1,1,1,1,1,1,0,0,0,0,1,1,1,2,4,4,5,5,9,9,10,10,8,5,5,7,10,10,9,3,1,0,1,1,1,5,7,7,9,7,2,0,0,0,142,0,6,6,10,10,10,10,11,10,10,10,11,12,12,10,9,10,10,12,12,12,10,10,10,10,10,10,10,14,13,10,0,199,5,8,9,9,9,8,0,1,1,1,1,2,1,1,1,1,1,0,0,0,0,0,0,0,199,0,0,0,0,0,0,0,0,0,0,2,0,0,0,0,0,0,0,0,7,45,193,135,151,181,159,145,133,103,213,84,73,61,47,30,11,0,0,0,0,0,0,0,0,0,0,0,0,0,0,0,0,0,0,0,0,0,0,0,78,21,0,0,0
0,0,123,0,55,0,0,0,0,174,0,0,0,0,0,0,0,0,0,0,0,0,0,0,0,0,0,0,0,0,0,16,35,48,53,115,96,120,134,147,160,169,177,168,167,102,49,3,0,0,0,0,0,0,0,3,0,1,0,0,0,0,0,203,0,0,0,0,0,0,0,0,1,1,1,0,1,1,1,0,0,0,0,1,1,1,2,5,4,4,5,6,9,10,10,9,7,4,7,10,10,10,0,2,0,4,1,1,4,6,9,10,4,2,0,0,1,44,5,6,6,10,0,11,10,75,28,5,11,13,14,13,10,9,10,12,12,12,12,10,10,10,11,2,10,12,14,14,9,0,58,5,8,10,9,9,8,2,1,1,1,1,124,0,1,0,0,1,0,0,0,0,0,0,0,55,0,0,0,0,0,0,0,0,0,0,201,0,0,0,0,0,0,0,0,24,70,142,139,153,161,152,142,130,32,139,83,71,36,43,24,4,0,0,0,0,0,0,0,0,0,0,0,0,0,0,0,0,0,0,0,0,0,0,0,21,6,0,0,0
1,0,92,0,0,46,12,0,0,126,0,0,0,0,0,0,0,0,0,0,0,0,0,0,0,0,0,0,0,0,0,5,27,52,92,58,88,109,124,136,150,155,171,217,187,125,76,19,0,0,0,0,0,0,103,0,0,0,0,0,1,0,0,148,0,0,0,0,0,0,1,1,1,1,1,0,1,1,1,0,0,0,0,1,1,1,3,5,3,0,4,4,7,10,10,10,8,6,7,10,10,10,84,0,110,0,0,3,2,1,10,10,11,0,1,0,1,0,11,5,5,10,81,2,10,58,24,7,10,14,14,11,10,10,10,13,13,12,12,10,11,0,12,4,10,12,14,15,11,11,0,5,9,4,9,9,6,2,1,1,1,1,91,0,1,44,13,0,0,0,1,0,2,0,3,0,0,0,0,0,2,0,0,0,0,36,160,0,0,0,0,0,0,0,1,46,94,120,148,152,149,145,137,123,53,91,80,56,154,31,17,0,0,0,0,0,0,0,0,0,0,0,0,0,0,43,12,0,0,0,0,0,0,0,0,0,0,2,0,1
0,47,0,0,0,72,20,0,0,0,3,0,0,0,0,0,0,0,0,0,0,0,0,0,0,0,0,0,0,0,0,0,16,49,104,62,79,100,114,125,138,173,161,237,183,143,100,41,0,0,0,0,0,3,198,0,0,0,0,0,1,0,2,0,1,0,0,1,0,0,0,1,2,0,1,1,1,1,1,0,0,0,0,1,0,2,4,5,9,19,4,4,6,9,10,7,9,7,7,10,10,10,136,0,183,0,47,0,9,24,10,10,5,46,0,0,1,7,7,5,6,9,136,0,10,1,6,10,10,13,13,10,9,10,11,9,14,12,11,10,8,54,6,11,10,8,13,14,12,8,5,5,9,1,9,8,5,1,1,1,1,1,0,2,1,73,20,0,0,0,0,46,0,0,0,0,0,0,0,39,0,0,0,0,0,73,0,2,0,0,0,0,0,0,14,67,110,136,149,151,148,141,128,115,113,89,76,47,218,22,9,0,0,0,0,0,0,0,0,0,0,0,0,0,0,72,20,0,0,0,0,0,0,0,0,0,0,0,41,0
0,230,0,0,0,5,1,0,0,0,0,0,0,0,0,0,0,0,1,0,0,0,0,0,0,0,0,0,0,0,0,0,6,24,40,54,72,89,104,114,126,236,154,174,172,153,118,61,7,0,0,0,0,21,89,0,0,0,0,0,0,1,0,0,0,0,0,1,0,1,0,0,2,0,2,1,1,1,0,0,0,0,0,1,0,4,5,6,26,80,2,4,6,7,10,2,9,8,7,10,10,10,18,3,13,0,231,0,25,83,10,10,0,231,0,0,1,7,0,6,5,9,19,9,11,2,0,5,11,12,12,10,9,10,12,5,12,12,10,11,1,232,0,10,10,6,11,12,12,9,6,7,9,8,9,6,4,1,1,1,1,1,1,1,1,6,2,0,0,0,0,231,0,0,0,0,0,0,0,196,0,0,0,0,0,5,0,0,0,0,0,0,0,1,29,83,120,141,146,147,144,136,118,109,99,84,73,58,54,23,3,0,0,0,0,0,0,0,0,0,0,0,0,0,0,5,1,0,0,0,0,0,0,0,0,0,0,0,220,0
57,107,0,0,0,0,0,0,0,0,0,0,0,0,0,0,0,111,0,0,0,0,0,0,0,0,0,0,0,0,0,0,1,11,24,45,65,81,95,107,121,173,152,161,168,160,133,83,24,0,0,0,0,8,18,0,0,0,0,0,0,3,0,0,0,0,0,0,184,0,0,0,0,184,0,2,0,3,0,0,0,0,0,0,156,0,6,6,12,34,3,4,5,7,9,7,10,9,8,10,10,10,2,7,0,0,88,0,12,36,10,11,0,90,0,0,0,1,6,6,7,10,2,11,10,8,7,4,12,12,10,9,9,10,0,161,11,12,10,12,8,96,2,9,8,68,27,12,11,10,7,7,9,10,8,6,4,1,1,1,1,1,1,1,1,0,0,1,0,0,0,90,0,17,61,0,0,0,0,76,0,0,0,0,0,0,0,0,0,0,0,0,0,0,39,101,129,144,147,148,137,129,177,94,90,78,68,55,25,16,0,0,0,0,0,0,0,0,0,0,0,0,0,0,0,0,0,0,0,0,0,0,0,0,0,0,0,0,255,0
59,0,2,0,0,0,0,0,1,0,0,0,0,0,0,0,0,105,0,0,0,0,0,0,0,0,0,0,0,0,0,0,0,4,18,35,56,73,85,99,113,120,146,158,166,164,146,105,49,4,0,0,0,0,0,34,9,0,0,0,0,0,63,0,0,0,0,0,172,0,0,0,0,171,0,0,104,0,0,0,34,9,1,0,149,0,7,6,2,0,4,4,5,6,8,11,10,10,9,10,10,10,10,8,4,36,0,3,2,0,9,6,10,0,1,0,0,1,11,8,8,10,10,10,10,13,14,8,13,12,10,9,10,10,0,151,11,10,10,13,0,0,12,9,8,64,8,6,10,9,6,7,9,9,7,6,4,2,0,1,1,1,1,1,1,1,0,1,0,0,1,0,2,16,57,0,0,0,0,0,3,0,0,0,0,1,0,0,0,0,2,0,0,8,60,116,146,144,138,118,128,118,164,87,71,71,60,47,27,7,0,0,0,0,0,0,0,0,0,0,0,0,0,0,0,0,0,0,0,0,0,0,0,0,0,0,0,0,147,0
0,0,0,0,0,0,0,15,0,0,0,0,0,0,0,0,0,0,1,0,0,0,0,0,0,0,0,0,0,0,0,0,0,0,8,27,46,65,77,90,112,124,136,149,161,164,154,123,73,19,0,0,0,0,0,76,19,0,0,0,0,0,138,1,2,0,0,2,0,1,0,0,2,0,9,0,227,0,0,0,76,21,1,1,0,9,7,4,4,3,4,5,5,5,8,10,10,10,9,10,10,10,10,9,5,76,22,1,4,7,5,0,7,1,0,0,0,4,10,9,9,10,10,10,12,13,14,15,14,10,10,9,10,10,15,0,12,10,10,9,31,10,10,10,10,0,29,0,10,7,4,6,9,9,8,5,4,3,0,1,1,1,1,1,0,0,1,1,0,0,0,0,0,0,0,0,0,0,0,0,0,0,0,0,0,0,23,11,0,21,0,0,0,27,85,128,127,146,129,90,120,107,91,86,89,61,49,34,16,1,0,0,0,0,0,0,0,0,0,0,0,0,0,0,0,0,0,0,0,0,0,0,0,0,0,0,0,2,0,0
0,0,0,1,0,0,0,135,0,0,0,0,0,0,0,0,0,0,0,0,0,0,0,0,0,0,0,0,0,0,0,0,0,0,0,21,37,56,71,83,143,124,127,140,153,162,157,135,93,44,0,0,0,0,0,13,0,2,0,0,0,0,21,1,10,0,0,0,0,0,0,0,0,17,74,0,35,0,0,0,12,3,1,1,3,9,7,3,2,3,5,7,6,5,8,10,11,10,10,10,10,11,10,10,6,14,4,1,4,7,0,6,5,0,0,0,0,4,10,10,10,10,10,10,11,14,15,15,14,10,10,9,10,10,13,9,10,10,10,0,191,9,10,10,8,0,223,0,9,8,1,7,8,9,8,6,4,4,1,1,1,1,1,0,0,0,1,1,0,0,0,0,0,0,0,0,0,0,0,0,0,0,0,0,0,0,210,102,0,189,0,0,0,40,96,139,10,155,136,122,114,100,87,78,207,37,24,12,6,0,0,0,0,0,0,0,0,0,0,0,0,0,0,0,0,0,0,0,0,0,0,0,0,0,0,0,0,0,0,0
0,0,97,0,0,0,0,70,0,0,0,0,0,0,0,0,0,0,0,0,0,0,0,0,0,1,0,0,0,0,0,0,0,0,0,9,29,46,64,61,115,109,115,129,143,167,157,146,115,74,20,0,0,0,0,0,159,0,0,0,0,1,0,1,0,141,7,0,0,3,0,0,0,11,18,4,0,2,15,54,0,0,0,2,8,9,6,2,1,3,7,9,6,5,7,10,3,11,8,4,11,3,11,10,7,0,0,2,4,0,192,23,0,0,0,0,0,5,10,10,10,10,10,11,12,15,15,14,14,11,10,9,10,10,11,11,10,10,10,0,104,9,10,9,6,0,118,0,8,7,3,6,7,9,8,5,4,4,3,1,1,1,0,0,0,1,0,1,0,0,0,0,0,0,0,0,0,0,0,0,0,0,0,0,0,0,99,157,0,99,0,0,0,53,107,140,71,154,135,127,106,91,80,71,134,30,176,0,0,0,0,0,0,0,0,0,0,0,0,0,0,0,0,0,0,0,0,0,0,0,0,0,0,0,0,0,0,0,0,100
0,0,118,0,0,0,0,0,2,0,0,0,0,0,0,0,0,0,0,0,0,0,0,0,0,0,72,39,0,0,0,0,0,0,0,1,18,36,54,117,70,91,102,117,137,109,155,153,135,103,52,8,0,0,0,0,194,0,0,0,0,0,0,0,0,173,7,3,0,0,65,0,0,0,57,0,0,0,18,65,0,0,0,3,9,8,5,1,1,3,8,6,7,5,6,10,2,11,17,27,10,2,11,10,9,5,3,3,4,0,228,17,43,1,0,0,0,3,11,10,10,11,10,12,12,14,14,13,13,10,10,9,9,10,10,10,10,10,11,13,0,10,10,9,5,5,0,8,7,7,5,5,0,9,8,5,5,5,4,2,1,1,1,0,0,1,3,2,1,0,0,0,1,0,0,0,0,0,0,0,0,0,0,0,0,1,0,104,0,0,0,0,6,65,115,137,156,107,134,116,97,81,74,64,38,31,195,0,0,0,0,0,0,0,0,0,0,0,1,0,0,0,0,0,0,0,0,0,0,0,0,0,0,0,0,0,0,0,0,200
0,0,0,0,0,0,0,0,0,0,2,1,0,0,0,0,0,0,0,0,2,1,0,0,0,0,219,119,0,0,0,0,0,1,2,0,8,27,45,206,55,82,92,106,135,25,149,156,150,126,81,32,0,0,0,0,0,0,0,0,0,0,0,0,0,12,1,15,1,0,198,0,0,0,198,0,0,0,0,0,0,0,0,2,10,8,4,1,1,3,8,0,9,4,5,9,10,11,32,89,6,9,10,10,10,6,4,4,4,5,0,0,145,0,0,0,0,0,13,11,10,12,12,12,12,13,12,12,12,10,10,9,10,10,10,10,10,11,12,10,10,9,9,9,6,4,5,6,7,7,5,5,9,7,8,6,5,5,5,3,1,1,1,1,1,3,12,6,1,0,0,0,0,6,2,0,0,0,0,0,0,0,0,0,0,0,0,0,0,0,5,0,11,73,120,137,144,52,120,109,90,74,64,56,46,29,6,0,0,0,0,0,0,0,0,0,0,4,0,0,0,0,0,0,0,0,0,0,0,0,0,0,0,0,0,0,0,0,0,168
0,0,0,0,0,0,0,0,0,0,61,17,0,0,0,0,0,0,0,0,69,19,0,0,0,0,55,30,0,0,0,0,0,19,69,0,2,16,36,90,62,75,84,97,113,96,140,157,159,145,108,59,5,0,0,0,0,1,0,0,0,0,0,0,0,0,14,21,8,0,49,0,0,0,49,0,0,0,0,0,0,0,0,3,10,9,4,1,1,3,9,8,8,5,5,8,10,12,16,197,0,10,11,11,10,6,5,5,5,4,0,0,149,0,0,0,0,4,12,13,12,12,12,12,12,12,10,10,10,10,10,10,10,10,10,10,10,12,12,10,10,9,9,7,6,4,5,8,8,7,6,5,128,0,7,7,5,5,4,3,1,1,1,1,1,11,0,17,0,0,0,0,0,227,59,0,0,0,0,0,0,0,0,0,0,1,0,0,0,0,176,0,18,78,123,138,137,116,17,93,86,72,28,47,37,22,0,0,0,0,0,0,0,0,0,0,0,126,0,0,0,0,0,0,0,0,0,0,2,0,0,0,0,0,0,0,0,0,0,37
0,0,0,0,2,0,0,0,0,0,93,25,0,0,0,0,0,0,0,0,47,13,0,0,0,1,0,0,0,0,0,0,0,13,47,0,0,5,27,30,61,67,77,87,96,123,129,153,164,160,133,88,31,0,0,0,0,0,0,0,0,0,0,0,0,0,10,22,17,6,0,0,0,0,0,0,0,0,0,0,0,0,2,0,11,9,4,1,1,5,10,11,8,5,5,8,10,12,9,118,0,10,11,13,10,7,5,5,5,2,0,129,142,0,0,0,0,2,14,17,6,12,12,12,12,11,10,10,10,10,10,10,10,10,10,11,0,14,12,11,10,10,9,6,5,4,5,9,10,8,6,5,89,0,6,6,5,5,3,0,0,0,1,0,2,9,146,6,0,0,1,0,0,155,41,0,0,0,0,0,0,0,0,0,0,0,136,0,0,0,119,0,30,85,126,139,134,136,38,171,47,60,30,39,28,12,0,0,0,0,0,0,0,0,0,0,0,86,0,0,0,0,0,0,0,0,0,82,0,0,0,0,0,0,0,0,0,0,0,0
0,0,0,0,0,44,0,0,0,0,63,17,0,0,0,0,0,0,0,0,0,0,0,0,0,0,0,0,0,0,0,0,0,0,0,0,0,0,15,33,49,60,72,79,87,102,121,146,165,166,149,112,63,10,0,0,0,0,0,0,0,0,0,0,0,0,0,13,20,10,0,0,0,0,0,15,4,0,0,0,0,0,0,53,7,9,4,1,2,4,10,10,9,5,4,8,10,12,12,0,8,8,11,14,11,9,5,7,5,0,0,199,94,1,0,0,0,0,15,14,4,12,12,12,12,10,10,10,10,10,10,10,11,11,11,3,62,7,12,12,10,10,10,7,2,4,5,10,10,9,7,5,0,6,5,5,5,4,1,45,13,5,1,0,3,4,213,0,0,0,0,52,0,0,0,0,0,1,0,0,0,0,0,0,0,0,212,0,0,2,0,8,46,93,128,140,135,118,108,199,46,54,46,31,18,4,0,0,0,0,0,0,0,0,0,0,0,0,1,0,0,0,0,0,0,0,0,129,0,0,17,5,0,0,0,0,0,0,0,0
0,0,0,0,0,197,0,0,0,0,3,1,0,0,0,0,1,0,0,0,0,0,0,0,0,0,0,0,0,0,0,0,0,0,0,0,0,0,4,25,40,56,67,74,80,93,114,139,160,165,156,130,86,34,0,0,0,0,0,0,0,0,0,0,0,0,0,2,14,12,2,0,0,0,0,75,20,0,0,0,0,0,0,233,0,9,4,2,3,5,10,10,9,5,5,8,10,12,10,8,5,7,11,14,10,9,7,8,7,0,0,9,5,0,0,0,0,1,13,3,16,12,10,10,10,10,9,9,9,10,10,12,14,14,13,0,233,0,12,12,11,10,10,8,2,4,5,8,10,9,8,5,4,4,4,4,4,1,0,198,52,22,1,1,1,6,22,3,0,0,0,233,0,0,0,0,0,1,0,0,0,0,0,0,0,0,10,0,0,0,11,29,60,100,128,138,132,115,91,78,119,65,36,23,9,1,0,0,0,0,0,0,0,0,0,0,0,0,0,0,0,0,0,0,0,0,0,7,0,0,78,21,0,0,0,0,0,0,0,0
0,0,0,0,0,71,0,0,0,0,0,0,0,0,0,0,0,115,0,0,0,0,2,0,1,0,0,0,0,0,0,0,2,0,1,0,0,0,0,14,33,50,62,71,77,85,103,130,150,159,158,141,108,61,14,0,0,0,0,3,0,0,0,0,0,0,0,0,4,5,4,1,0,0,0,91,26,0,0,0,0,0,0,58,3,9,0,6,21,70,10,10,9,6,4,8,10,11,11,3,5,7,10,13,10,10,9,9,7,161,0,0,0,0,0,0,0,0,12,12,16,11,10,10,10,9,8,8,8,1,11,13,15,15,0,161,90,4,12,12,12,12,5,26,66,2,4,7,10,9,9,5,4,4,3,3,3,1,0,72,19,9,1,0,0,2,0,2,0,0,0,83,0,0,0,0,0,0,189,0,0,0,0,0,3,0,0,0,0,17,35,53,77,108,145,124,130,111,83,58,77,47,29,13,2,0,0,0,0,0,0,0,0,0,0,0,0,0,0,0,0,0,0,0,0,1,0,0,191,0,28,8,0,0,0,0,0,0,0,0
0,0,0,0,3,0,0,0,0,0,0,0,56,0,0,0,0,101,0,0,0,0,0,110,0,0,0,0,0,0,0,0,0,110,0,0,0,0,0,4,23,41,56,62,60,78,93,110,136,146,152,146,127,89,41,1,0,0,1,0,93,0,0,0,0,0,0,0,0,0,2,1,0,0,0,47,6,66,0,0,0,0,0,84,0,1,112,0,19,62,9,10,9,7,5,7,10,10,5,4,6,7,9,13,0,12,5,10,8,143,0,0,0,0,0,0,0,0,11,18,13,10,10,10,10,9,6,6,9,4,0,14,16,16,0,149,0,13,11,12,12,13,6,25,59,1,3,6,8,8,8,6,4,4,2,2,1,1,1,0,0,0,0,0,0,0,0,0,10,37,1,0,2,0,0,0,0,0,149,0,0,0,0,0,0,93,0,66,15,51,65,81,96,109,53,182,122,104,75,58,39,32,20,4,0,0,0,0,0,0,0,0,0,0,0,0,0,0,0,0,0,0,0,0,0,0,110,40,160,0,0,0,0,0,0,0,0,0,0,0
0,0,0,0,0,10,3,0,0,0,0,0,153,0,0,0,1,0,0,0,0,0,0,225,0,0,0,0,0,0,0,0,0,225,0,0,0,0,0,0,12,31,46,51,45,71,84,112,120,131,141,145,138,112,72,18,0,18,0,0,191,0,0,0,0,9,2,0,0,0,0,1,1,0,0,0,0,136,0,0,0,0,0,225,0,0,225,0,3,1,5,9,9,7,7,7,9,11,0,9,7,7,10,10,36,7,1,11,9,0,2,0,0,0,0,0,0,0,9,14,10,9,10,10,9,8,5,6,9,8,36,14,16,17,19,1,14,11,10,12,12,12,12,8,0,2,2,6,6,6,7,4,5,4,2,2,1,1,1,1,1,1,0,0,0,0,0,0,20,75,0,0,0,0,0,0,0,0,12,0,0,0,0,0,0,191,0,145,44,61,94,105,113,111,0,227,111,93,69,52,37,27,11,0,0,0,0,0,0,0,0,0,0,0,0,0,0,0,0,0,0,0,0,0,0,0,225,117,0,1,0,0,0,0,0,0,0,0,0,0
0,0,0,0,0,75,20,0,0,0,0,0,144,0,0,0,0,0,0,0,0,0,0,29,0,0,0,0,0,2,0,0,0,29,0,0,0,0,0,0,4,20,35,48,56,67,77,167,99,117,129,142,144,127,93,42,0,136,0,0,25,0,0,0,0,69,19,0,0,0,0,0,3,0,1,0,0,17,0,0,0,0,0,29,0,0,33,1,4,6,0,7,8,9,10,9,9,9,8,9,8,7,11,0,194,0,10,11,9,0,0,0,0,0,0,0,0,0,6,12,14,10,10,10,9,6,5,6,9,0,190,12,16,17,18,14,14,12,10,12,12,12,12,10,6,2,2,5,7,7,5,0,5,4,3,1,1,1,1,1,1,0,0,0,0,0,0,0,3,10,0,0,0,0,0,0,0,0,222,0,0,0,0,0,0,25,0,48,66,10,125,122,121,125,104,129,103,82,62,45,30,19,3,0,0,0,0,0,0,0,0,0,0,0,0,0,0,0,0,0,0,0,2,0,1,0,29,15,0,0,0,0,0,0,0,0,1,0,0,0
0,0,0,0,0,37,10,0,0,0,0,0,157,0,0,0,0,0,0,0,0,0,2,0,1,0,0,0,0,0,142,0,2,0,1,0,0,0,0,0,0,6,23,39,53,63,70,189,82,103,118,135,145,139,114,71,22,63,0,2,0,0,0,0,0,92,25,0,0,0,0,0,0,167,0,54,19,0,0,0,0,0,2,0,1,2,0,9,0,0,143,4,10,0,11,10,8,8,9,10,9,8,10,5,101,2,14,12,10,1,0,0,0,0,0,0,0,0,2,10,13,10,6,10,10,6,5,6,9,0,99,14,16,17,18,16,15,13,11,13,0,11,6,10,6,2,2,4,6,6,5,2,5,5,3,1,1,1,1,1,0,0,0,0,0,0,0,0,0,0,0,0,0,2,0,0,0,0,110,0,0,0,0,15,58,0,19,46,90,73,136,137,180,116,96,75,84,72,54,36,22,7,0,0,0,0,0,0,0,0,0,0,0,0,0,0,0,0,0,0,0,0,0,167,0,1,0,0,1,0,0,0,0,0,0,0,0,101,0,0
0,0,0,0,0,0,0,0,0,0,0,0,99,0,0,0,0,0,0,0,0,0,0,1,0,0,0,0,0,0,160,0,0,0,0,0,0,0,0,0,0,0,10,27,42,48,62,142,67,93,109,125,136,143,129,98,54,0,0,0,0,0,0,0,0,54,15,0,0,0,0,0,0,189,0,67,33,18,3,0,0,0,0,0,0,1,1,0,84,0,161,1,0,90,6,10,7,6,7,10,10,9,10,11,0,17,15,14,9,0,0,0,0,0,1,0,0,0,1,6,7,10,5,10,9,6,5,6,9,13,0,15,16,17,18,16,15,13,12,1,78,10,5,10,5,1,2,2,5,4,5,6,5,5,2,1,1,1,1,0,0,0,0,0,0,0,0,0,0,0,0,0,51,0,0,0,0,2,0,1,0,0,0,17,61,11,48,84,112,140,140,145,189,118,95,70,71,62,43,28,10,0,0,0,0,0,0,0,0,0,0,0,0,0,0,0,0,0,0,0,0,0,0,189,0,0,0,0,0,0,0,0,0,1,0,0,0,115,0,0
0,0,0,0,0,0,0,0,0,0,0,1,0,0,0,0,0,0,0,0,0,0,6,0,0,0,0,0,0,1,0,0,0,0,0,0,0,0,0,0,3,1,0,15,32,30,54,62,84,86,103,117,135,141,136,118,82,29,0,0,3,0,0,0,0,0,0,0,0,0,0,0,1,0,0,11,29,29,9,0,0,0,0,0,0,0,1,0,232,0,0,2,0,233,0,10,7,5,7,10,10,10,10,10,11,15,15,15,8,0,0,0,0,0,0,9,0,0,0,2,2,10,10,10,10,7,7,7,9,11,15,15,17,18,18,17,15,14,12,0,199,8,10,9,4,1,2,2,4,2,4,5,5,4,1,1,1,1,0,0,0,0,0,0,0,0,0,0,0,0,0,0,141,0,0,3,1,0,0,0,0,0,0,0,0,38,75,106,127,140,146,144,133,134,147,86,69,53,34,21,0,0,0,0,0,0,0,0,0,0,0,0,0,0,0,0,0,0,0,0,0,0,1,0,0,0,0,0,0,0,0,0,6,0,0,0,1,0,0,0
0,0,0,0,0,0,0,0,0,0,0,0,0,0,0,0,0,0,0,0,0,0,128,0,0,0,0,0,0,1,0,0,0,0,0,0,0,0,0,0,71,19,0,4,21,35,54,15,223,76,98,111,186,129,137,130,103,57,9,0,74,0,2,0,0,0,0,0,0,0,0,0,1,0,0,15,14,36,9,0,0,0,0,0,0,0,0,0,52,0,0,2,2,60,8,10,7,4,7,10,10,10,10,10,11,14,15,14,5,0,0,0,0,0,0,180,0,0,0,0,2,10,10,10,10,8,9,8,10,0,17,18,5,18,18,18,17,14,12,4,52,10,0,9,3,1,1,2,2,2,3,3,2,2,1,1,0,0,0,0,0,0,0,0,0,0,0,0,0,0,0,0,32,0,0,71,19,0,0,0,0,0,0,0,15,62,96,122,138,145,145,139,131,116,106,78,61,45,29,6,0,1,0,0,0,0,0,0,0,0,0,0,0,0,0,0,0,0,0,0,0,0,1,0,0,0,0,0,0,0,0,0,128,0,0,0,0,0,0,0
0,0,0,0,0,0,1,0,0,0,0,0,0,0,0,0,0,0,0,0,0,0,82,0,3,0,0,0,0,0,0,0,0,0,0,0,0,0,0,0,45,12,0,0,7,22,43,16,165,75,93,105,155,123,136,140,126,88,35,124,4,155,0,0,0,0,0,0,0,0,0,0,0,0,2,0,160,22,0,1,0,0,0,0,0,0,0,3,0,2,1,2,9,0,11,10,8,5,7,10,10,12,0,10,11,13,14,13,2,0,0,0,0,0,0,115,0,0,0,0,1,5,10,10,10,10,9,10,10,126,0,9,98,18,18,18,17,15,12,12,0,10,93,0,2,1,1,2,2,2,1,1,1,1,0,1,0,0,0,0,0,0,0,0,0,0,0,0,0,0,0,0,0,3,0,45,12,0,1,0,0,0,0,11,46,89,116,134,142,144,138,126,77,103,80,68,54,39,10,1,0,0,86,0,0,0,0,0,0,3,0,2,0,0,0,0,0,0,0,0,47,13,0,0,0,0,0,0,0,0,0,0,82,0,0,0,0,0,0,105
0,0,0,0,0,0,0,35,0,0,0,0,0,0,0,0,0,0,0,0,0,0,0,2,0,49,0,0,0,1,0,0,0,0,0,0,0,0,0,0,0,0,0,0,0,33,35,82,42,76,89,99,102,120,132,144,141,113,63,181,5,205,0,0,0,0,0,0,5,19,0,0,0,0,0,44,205,0,57,0,0,0,0,0,0,0,0,0,0,1,1,2,7,10,10,10,5,6,7,9,11,9,45,3,12,12,11,11,0,0,0,0,0,0,3,0,0,0,0,0,0,1,7,10,10,10,11,9,6,180,0,6,135,18,18,18,17,15,12,10,10,10,131,0,2,1,1,2,2,2,1,1,1,1,0,0,0,0,0,0,0,0,0,0,0,0,0,0,0,0,0,0,35,0,0,0,0,35,0,0,0,0,3,38,75,112,129,136,137,137,128,112,46,91,72,59,47,32,0,1,0,0,126,0,0,0,0,0,0,0,49,0,35,0,0,0,0,0,0,0,69,19,0,0,0,0,0,0,0,0,0,0,0,2,0,0,0,1,0,153
0,0,0,0,0,0,0,142,0,0,0,0,0,0,0,0,0,0,0,0,0,0,0,0,0,198,0,0,0,1,0,0,0,0,0,0,0,0,0,0,0,0,0,0,0,78,41,156,45,70,83,92,103,113,128,144,146,129,86,8,192,4,0,0,0,0,0,0,21,78,0,0,0,0,0,199,9,0,233,0,0,0,0,0,0,0,0,0,0,0,1,2,6,9,10,10,0,8,7,8,11,0,147,7,12,12,10,8,1,0,0,0,0,0,0,0,0,0,0,0,0,1,4,10,10,10,12,6,0,20,17,18,21,18,18,18,17,15,12,12,10,10,13,4,3,1,1,2,2,2,2,1,1,0,0,0,0,0,0,0,0,0,0,0,0,0,0,0,0,0,0,0,142,0,0,0,0,142,0,0,0,0,24,64,98,127,136,133,129,128,117,102,84,73,65,53,40,23,3,0,0,0,4,0,0,0,0,0,0,0,198,0,142,0,0,0,0,0,0,0,2,1,0,0,0,0,0,0,0,0,0,0,0,0,0,0,0,0,0,4
0,0,0,0,0,0,0,47,0,0,0,0,0,0,0,0,0,0,0,0,0,0,0,0,0,65,0,0,0,0,165,0,0,2,0,0,0,0,0,0,0,0,0,0,0,24,17,68,46,65,77,86,96,107,123,140,150,136,205,49,96,0,0,0,0,0,0,0,7,26,0,0,0,0,156,44,0,111,77,0,0,0,0,18,65,0,0,0,0,0,1,1,4,7,8,9,7,7,7,8,10,8,26,198,4,8,9,5,1,0,0,0,0,0,0,0,0,0,0,0,0,0,3,10,10,10,14,12,10,6,19,19,12,18,18,18,17,14,13,12,4,0,4,8,3,4,0,3,2,2,1,1,3,0,1,0,0,0,0,0,0,0,0,0,0,0,0,0,0,0,0,0,47,0,0,0,0,47,0,0,0,12,56,91,120,136,138,128,120,114,112,92,78,65,59,46,33,14,1,0,0,2,0,0,0,1,0,2,0,0,43,0,47,0,0,0,0,0,0,0,0,0,0,0,0,0,0,0,0,0,0,0,0,0,0,0,194,0,0,0
0,0,0,0,0,0,2,0,1,0,0,0,0,0,0,0,0,0,0,0,0,0,0,0,3,0,0,0,0,0,136,0,141,0,2,0,0,0,0,0,0,0,2,0,1,0,0,6,38,48,68,78,88,109,120,123,147,146,212,106,31,14,0,0,0,0,0,0,0,0,0,0,0,0,139,0,0,88,0,1,0,0,0,15,54,0,0,0,0,0,0,1,2,3,4,6,9,7,6,8,10,12,52,159,6,7,8,3,0,0,0,0,0,0,0,0,0,0,0,0,0,0,1,9,10,11,0,17,16,15,16,19,7,18,18,18,17,14,14,0,52,14,10,9,6,0,117,0,2,2,1,1,0,116,0,0,0,0,0,0,0,0,0,0,0,0,0,0,0,0,0,0,0,2,0,0,0,0,12,36,2,40,54,117,140,164,145,125,119,131,86,79,68,59,52,39,25,5,0,0,0,0,70,0,0,0,98,0,0,0,78,1,0,0,1,0,0,0,0,0,0,0,0,0,0,0,0,0,0,0,0,0,0,0,0,0,161,0,0,0
0,0,0,0,0,0,0,21,0,0,0,0,0,0,0,0,0,0,0,0,0,0,0,0,0,0,0,0,0,2,0,0,255,0,0,30,0,0,0,0,0,0,0,35,0,0,0,8,23,32,59,67,84,83,105,148,144,155,140,125,67,42,9,0,0,0,0,0,0,0,0,0,0,0,0,2,0,9,0,0,0,0,0,0,0,0,0,0,0,0,0,1,1,1,1,4,6,7,5,6,9,10,141,0,15,10,7,2,0,0,0,0,0,0,0,12,0,0,0,0,0,0,1,10,10,9,47,11,15,15,12,15,37,18,18,18,17,14,14,39,81,32,10,10,8,0,223,0,2,0,1,0,0,222,0,0,0,0,0,0,0,0,0,0,0,0,0,0,0,0,0,0,0,0,0,0,0,0,20,76,38,74,55,135,152,183,152,125,121,144,66,71,66,55,46,33,17,0,0,0,0,0,135,0,0,0,255,0,0,0,189,0,0,35,0,0,0,0,0,0,0,0,0,0,0,0,0,0,3,12,0,0,0,0,0,1,0,2,0,0
0,0,0,0,0,0,0,138,0,0,0,0,0,0,0,0,0,0,0,0,0,0,0,0,0,0,0,0,0,0,0,0,31,0,0,193,0,0,0,0,0,0,0,227,0,0,0,0,17,33,51,51,86,0,64,255,145,152,151,137,104,72,28,1,0,0,0,0,0,0,0,0,0,0,0,0,0,137,0,0,0,0,0,0,0,0,0,0,0,2,0,0,0,0,1,1,4,6,4,4,6,9,24,9,13,9,5,1,0,0,0,0,0,0,0,77,5,2,0,0,0,0,0,10,10,2,228,0,14,16,1,2,146,17,18,17,17,15,13,183,0,16,11,12,10,7,29,1,1,0,2,0,0,25,0,0,0,0,0,0,0,1,0,0,0,0,0,0,0,0,0,0,0,0,0,0,0,0,2,28,108,105,117,145,157,161,148,128,113,105,85,76,64,54,42,28,8,0,1,2,0,0,15,0,0,0,252,0,0,0,21,0,0,227,0,0,0,0,0,0,0,0,0,0,0,0,0,0,21,76,0,0,0,0,0,0,0,0,0,0
127,0,0,0,0,0,0,62,0,0,0,0,0,0,0,0,0,0,0,0,0,0,2,0,1,0,0,0,0,0,0,173,0,1,0,87,0,0,0,0,0,0,0,103,0,0,0,0,6,22,33,191,60,42,80,174,132,145,153,146,125,89,140,13,0,0,0,0,0,0,0,0,0,0,0,0,0,62,0,0,0,0,0,0,0,0,0,0,0,0,146,0,0,0,0,1,2,3,3,2,4,7,0,12,11,9,2,1,0,0,0,0,0,0,0,26,182,0,0,0,0,0,0,10,11,7,111,6,14,0,152,7,73,17,17,18,0,17,12,235,0,13,13,13,12,10,0,4,0,147,0,0,106,0,1,0,0,0,0,0,0,0,105,0,0,0,0,0,0,0,0,0,0,0,0,0,0,0,16,43,108,119,140,169,157,155,148,131,113,97,87,76,61,51,37,19,2,104,0,0,146,0,0,0,0,0,87,0,0,2,0,0,0,103,0,0,0,0,0,0,0,0,0,0,0,0,0,0,9,34,0,0,0,0,0,0,0,0,0,0
135,0,0,0,0,0,0,0,2,0,0,0,0,0,0,0,0,0,0,0,0,0,0,90,0,0,0,0,0,0,0,184,0,0,3,0,0,0,0,0,2,0,2,0,1,0,0,0,0,8,22,189,46,86,95,89,117,136,149,149,136,162,170,43,12,0,0,0,0,0,0,0,0,0,0,2,2,0,0,0,0,0,0,0,0,0,0,0,0,0,156,0,0,0,0,1,0,1,1,1,2,3,7,9,10,7,1,0,0,0,0,0,0,8,30,0,181,0,7,3,0,0,0,9,13,14,0,17,14,0,160,13,0,16,17,13,99,7,13,130,0,14,15,14,14,11,8,2,0,156,0,0,111,0,0,0,0,0,0,0,0,0,111,0,0,0,0,0,0,0,0,0,0,0,0,29,10,8,48,81,105,132,155,97,156,151,152,130,113,97,82,73,59,45,18,11,0,111,0,0,156,0,0,0,0,1,0,2,0,0,0,0,2,0,3,0,0,0,0,0,0,0,0,0,0,0,0,0,0,0,0,1,0,0,0,0,0,0,0,0
0,0,0,0,0,0,0,0,0,0,0,0,0,1,5,0,0,0,0,0,0,0,0,231,0,0,0,0,0,0,1,0,1,0,0,0,0,0,0,12,0,0,0,0,0,0,0,0,0,0,18,27,54,68,82,96,108,128,142,147,144,239,103,78,34,10,0,0,0,0,0,0,0,0,12,0,0,0,0,0,0,0,0,0,0,0,0,0,0,1,0,0,0,0,0,0,0,1,1,1,1,1,3,7,9,3,1,0,1,5,0,0,0,21,77,1,0,26,30,15,0,0,0,8,13,14,15,15,15,14,3,12,15,15,17,6,232,0,14,17,14,14,15,14,14,11,7,1,0,0,1,0,0,1,0,5,0,8,0,0,0,1,0,0,0,0,0,0,1,5,0,0,0,0,0,77,33,50,78,106,131,147,168,4,152,142,128,125,108,92,77,68,56,37,32,2,0,0,1,1,0,0,0,0,0,0,0,0,0,0,0,0,0,0,0,12,0,0,0,0,0,0,0,0,0,0,0,0,0,0,0,0,9,0,0,0,0,0,0,0
0,0,0,0,0,0,0,0,0,0,0,0,0,20,72,0,0,0,0,0,0,0,0,46,0,0,0,0,0,0,0,0,1,0,0,0,0,0,0,183,0,0,0,0,0,0,0,0,0,0,7,24,46,62,75,89,103,125,134,145,151,171,130,100,38,175,0,0,0,0,0,0,0,0,183,0,0,0,0,0,0,0,0,0,0,3,0,0,0,1,0,0,0,0,0,0,0,0,0,1,1,1,1,3,4,1,0,0,20,72,0,0,0,4,16,3,0,55,52,33,5,0,0,8,0,17,15,17,15,13,8,12,13,15,16,13,58,10,13,182,0,14,15,14,13,10,3,1,0,0,0,0,0,0,0,72,6,117,1,0,0,0,0,0,0,0,0,0,20,72,0,0,0,0,0,22,32,163,102,126,145,156,159,118,138,135,17,125,99,84,73,63,50,28,190,0,0,0,0,1,0,0,0,0,0,0,0,0,0,0,0,0,0,0,0,183,0,0,0,0,0,0,0,0,0,0,0,0,0,0,0,0,131,0,0,0,0,0,0,0
0,2,0,0,0,0,0,0,0,0,0,0,0,12,43,0,0,0,0,0,0,0,2,0,1,0,0,0,0,0,0,0,0,0,0,0,0,0,0,110,0,0,0,0,0,0,0,0,0,0,0,17,37,51,62,82,97,69,131,138,152,147,148,122,75,140,15,0,0,0,0,0,0,0,110,0,0,0,0,0,0,0,0,0,106,0,0,0,0,0,0,0,0,0,0,0,0,0,0,0,0,0,1,1,1,0,0,0,12,43,49,13,0,0,0,21,36,88,73,52,16,0,90,0,132,0,15,18,15,14,12,12,12,14,16,0,0,16,14,117,0,14,9,12,12,6,1,0,0,0,49,13,0,0,0,43,4,168,0,0,0,0,0,0,0,1,0,2,12,43,0,0,0,0,2,20,59,156,126,144,161,162,154,153,125,118,44,105,87,75,66,56,40,20,110,0,0,0,0,0,0,0,0,0,0,0,0,0,0,0,0,0,0,0,0,110,0,0,0,0,0,0,0,0,0,0,0,0,0,0,0,0,78,0,0,0,0,0,0,0
47,0,39,0,0,0,0,0,0,0,0,0,0,0,0,0,0,0,0,0,0,0,0,0,0,0,0,0,0,0,0,0,0,0,0,0,0,0,1,0,3,0,0,0,0,0,0,0,0,0,0,6,27,48,78,77,92,47,125,131,144,153,152,138,116,61,48,14,1,0,0,1,0,0,0,3,0,0,0,0,0,0,0,0,227,0,6,0,0,0,0,0,0,0,0,0,0,1,0,0,0,0,0,1,1,0,0,0,0,0,68,18,0,0,0,45,87,82,90,68,31,4,123,0,175,0,15,18,7,14,12,12,12,11,4,64,11,14,15,0,17,12,5,9,8,1,1,0,0,0,68,18,0,0,0,0,0,108,0,0,0,0,0,0,0,0,64,0,0,0,0,0,0,4,22,77,102,115,144,159,145,151,150,132,114,99,106,82,73,66,59,48,31,11,0,3,0,0,0,0,0,0,0,0,0,0,0,0,0,0,0,0,0,0,3,0,0,0,0,0,0,0,0,0,0,0,0,0,0,0,0,2,0,0,0,1,0,0,0,0
172,0,142,0,0,0,0,0,0,0,0,0,0,0,0,0,0,0,0,0,0,0,0,0,0,0,0,0,0,0,0,0,0,0,0,0,0,0,0,0,0,0,0,0,0,0,0,0,0,0,0,0,16,54,116,72,87,100,111,123,137,147,152,147,133,107,77,43,9,0,0,0,0,0,0,0,0,0,0,0,0,0,0,0,200,51,21,0,0,0,0,0,0,0,0,0,0,0,0,0,0,0,0,0,0,0,0,0,0,0,1,0,0,0,10,60,95,44,103,77,42,12,1,1,10,10,15,18,13,13,12,10,10,10,0,200,8,13,14,14,14,10,10,7,2,1,0,0,0,0,1,0,0,0,0,0,0,1,0,0,0,0,0,0,0,0,234,0,0,0,0,0,0,22,54,134,131,140,153,156,105,137,141,125,104,87,79,72,63,59,52,39,22,1,0,0,0,0,0,0,0,0,0,0,0,0,0,0,0,0,0,0,0,0,0,0,0,0,0,0,0,0,0,0,0,0,0,0,0,0,0,0,0,0,0,0,0,0,0,0
52,0,43,0,0,0,0,2,0,1,0,0,0,2,0,0,0,0,0,0,0,0,0,2,0,0,0,0,0,0,67,0,2,0,0,0,0,121,0,0,0,0,0,0,0,0,0,0,0,0,0,0,7,32,64,65,80,96,95,85,159,148,157,152,149,129,106,72,33,1,0,0,120,0,0,0,0,0,0,0,0,2,0,0,51,17,6,0,0,0,0,0,0,0,0,0,0,0,199,0,0,0,0,0,0,66,18,121,0,0,0,0,0,0,18,72,98,86,110,83,53,22,0,3,0,3,9,0,202,3,11,11,9,8,0,56,5,6,14,16,0,9,6,2,0,0,0,0,0,0,0,0,0,0,0,0,0,0,1,0,0,2,0,0,169,0,68,0,0,0,0,4,24,54,83,125,139,148,156,61,130,224,122,115,96,81,21,55,58,52,44,32,4,0,0,1,0,2,0,0,0,0,0,0,0,0,0,0,0,0,0,0,0,0,0,0,0,0,0,0,0,0,0,0,0,0,0,0,0,0,0,0,0,0,169,0,0,0,0,0
0,2,0,0,0,0,0,0,123,0,0,0,74,0,0,0,0,2,0,1,0,0,74,0,0,0,0,0,0,0,46,137,0,0,0,0,0,94,0,0,0,0,0,0,0,0,0,0,0,0,0,0,1,10,28,50,70,83,86,81,141,136,97,157,159,167,138,100,63,18,0,0,91,0,0,0,0,0,0,0,0,0,74,0,0,0,0,0,0,0,0,0,0,11,41,0,0,0,155,0,41,11,0,0,0,52,14,94,0,0,0,0,0,2,29,42,91,96,49,88,63,34,12,6,6,46,18,0,158,5,8,8,5,4,6,24,15,3,10,0,109,4,2,0,0,0,0,0,0,0,0,0,0,0,0,0,0,0,0,0,0,0,74,0,131,25,0,2,0,0,6,30,63,92,114,129,144,149,150,0,204,195,110,102,87,75,0,122,44,44,33,19,0,0,0,0,123,0,0,0,0,0,0,0,0,0,0,0,0,0,0,0,0,0,0,0,0,0,0,0,0,0,0,0,0,1,0,2,0,0,0,0,0,0,131,0,0,0,0,0
0,0,0,0,0,1,0,0,219,0,0,0,133,0,0,0,0,0,40,0,0,0,133,0,0,0,0,0,0,0,0,217,0,0,0,0,0,0,1,0,0,0,0,0,0,0,0,0,0,0,1,0,0,0,24,57,64,73,83,98,105,118,54,153,159,188,159,138,91,48,8,6,0,5,1,0,0,0,0,0,0,0,133,0,0,0,0,0,0,0,0,0,0,20,73,0,0,2,0,0,74,20,0,0,0,0,0,0,1,0,0,0,0,3,29,12,71,103,3,85,67,42,23,11,4,72,22,9,0,9,5,3,1,0,0,73,20,2,4,0,185,0,0,4,13,0,0,0,0,0,0,0,0,0,0,0,0,0,0,0,13,0,133,0,0,75,20,0,0,1,30,69,100,124,138,146,146,144,138,26,219,99,101,90,78,68,9,160,32,35,21,7,0,0,0,0,219,0,0,0,0,0,0,0,0,0,0,0,0,0,0,0,0,0,0,0,0,0,0,0,0,0,0,0,0,0,40,0,0,0,0,0,0,0,0,2,0,0,0,0
0,0,0,0,0,2,0,0,19,0,0,0,12,0,0,0,0,0,230,0,0,0,12,0,0,0,0,0,0,0,0,18,0,0,0,0,0,0,0,0,0,0,0,0,0,0,0,0,0,0,2,0,0,0,15,99,70,65,75,88,101,109,114,136,152,165,158,196,114,72,27,27,32,29,7,0,1,0,0,0,0,0,12,0,0,0,0,0,0,0,0,0,0,2,6,0,0,0,0,0,8,2,0,0,0,0,0,0,0,0,0,0,0,3,15,31,44,167,60,74,66,47,30,14,2,6,2,2,0,2,1,0,0,0,0,6,2,0,0,0,16,0,0,21,77,0,0,0,0,0,0,0,0,0,0,0,0,0,1,0,77,20,12,0,0,7,3,0,0,17,61,97,124,143,150,147,143,136,127,107,112,93,86,79,71,61,48,53,36,25,10,1,0,0,0,0,19,0,0,0,0,0,0,0,0,0,0,0,0,0,0,0,0,0,0,0,0,0,0,0,0,0,0,0,0,0,230,0,1,0,0,0,0,0,0,0,0,0,0,0
0,0,0,0,151,0,178,0,0,1,0,0,0,1,3,0,0,0,96,0,0,0,0,1,0,0,0,0,0,0,60,1,1,0,0,0,0,0,0,0,0,0,0,0,0,0,0,0,0,151,0,0,0,0,3,51,48,55,68,82,92,99,114,123,140,157,163,181,135,84,161,52,61,57,33,5,0,108,0,0,0,1,0,0,0,0,0,0,0,0,0,0,0,0,0,0,0,0,0,151,0,0,0,0,0,0,0,0,0,0,0,0,0,1,139,143,25,80,51,60,37,45,31,13,0,0,0,0,0,0,0,0,0,0,0,0,0,0,0,1,0,0,0,6,24,0,0,0,0,0,0,0,0,0,0,0,0,92,0,3,11,0,0,0,0,0,0,105,7,44,92,113,146,154,153,144,135,126,116,107,83,79,73,70,65,54,49,29,28,12,1,0,0,0,0,0,0,1,0,0,0,0,0,0,0,0,0,0,0,0,0,0,0,0,0,0,0,0,0,0,0,0,0,0,0,0,96,99,0,0,0,0,0,0,0,0,0,0,0,0
0,0,0,0,151,0,178,0,0,0,0,0,0,0,0,82,0,2,0,1,0,0,0,0,0,0,0,0,0,0,59,16,0,0,0,0,0,0,0,0,0,0,0,0,0,2,0,0,0,151,0,0,0,0,0,5,27,46,61,75,79,92,96,111,126,148,160,160,149,107,190,82,89,86,65,26,0,106,0,0,0,0,0,0,0,0,0,0,0,0,0,0,0,0,0,0,0,0,0,139,0,0,0,0,0,0,0,0,0,0,0,0,0,0,129,164,20,0,18,21,113,31,22,7,0,0,0,0,0,0,0,0,0,0,0,0,0,0,0,0,0,1,0,6,24,0,0,0,0,0,2,0,0,0,0,0,0,167,0,0,69,94,0,0,1,0,0,111,29,76,118,177,151,154,147,133,122,118,112,114,80,69,64,58,48,46,37,26,14,3,0,0,0,0,0,32,9,0,0,0,0,0,0,0,0,0,0,0,0,0,0,0,0,0,0,0,0,0,0,0,0,1,0,0,0,1,0,111,0,0,0,0,0,0,0,0,0,0,0,0
0,0,0,0,0,2,0,1,0,0,0,0,0,0,0,195,0,0,0,0,0,0,0,0,0,0,0,0,0,0,0,0,0,0,0,0,0,0,0,0,0,0,0,0,16,0,0,0,0,0,2,0,0,0,0,2,19,39,55,67,81,75,88,99,113,134,150,161,153,134,105,107,111,109,90,55,21,0,0,0,6,2,0,0,0,0,0,0,0,0,0,0,0,0,0,6,2,0,0,5,0,0,0,0,0,0,0,0,0,0,0,0,0,0,0,67,21,0,0,0,196,13,9,0,0,0,0,0,0,0,0,0,0,0,0,0,0,0,0,0,0,0,12,21,77,0,0,0,0,17,0,0,0,0,0,0,0,131,0,0,184,227,0,19,0,0,2,12,58,101,134,236,144,146,135,119,109,99,110,134,75,65,59,49,31,37,27,14,2,0,6,2,0,0,0,77,21,0,0,0,0,0,0,0,0,0,0,0,0,0,0,0,0,0,0,0,0,0,0,0,0,0,12,0,0,0,0,0,1,0,0,0,0,0,0,0,0,0,0,0
0,0,0,0,0,1,0,0,0,0,0,0,0,0,0,34,0,0,0,0,0,0,0,0,0,0,0,0,0,0,0,0,0,0,0,1,0,2,0,0,0,0,0,0,186,0,0,0,0,0,1,0,0,0,0,0,10,29,47,60,125,21,86,91,104,123,139,152,152,140,124,124,123,126,110,84,49,13,0,0,70,19,0,0,0,0,0,0,0,0,0,0,0,0,0,73,20,0,0,182,0,0,0,0,0,0,0,0,0,0,0,0,0,0,0,10,3,0,0,0,34,2,1,0,0,1,0,2,0,0,0,0,0,0,0,0,0,0,0,0,0,0,133,4,13,0,0,0,0,188,0,0,0,0,0,0,0,22,0,0,32,27,108,219,0,5,6,44,80,121,141,168,142,133,122,107,102,43,92,90,72,63,57,49,38,28,16,4,0,0,73,20,0,0,0,13,4,0,0,0,0,0,0,0,0,0,0,2,0,1,0,0,0,0,0,0,0,0,0,0,2,0,133,0,0,0,0,0,0,0,0,0,0,0,0,0,0,0,0,0
0,0,0,0,0,0,0,0,0,0,0,0,0,0,2,0,0,0,0,0,0,0,0,0,0,0,0,0,0,0,0,0,0,0,0,0,155,0,1,0,1,0,2,0,104,0,0,0,0,0,0,0,0,0,0,0,2,18,38,52,94,40,78,85,95,112,125,138,142,139,133,132,180,144,132,83,88,45,22,15,58,13,0,0,0,52,14,0,0,0,0,0,0,0,0,41,11,0,0,104,0,0,0,0,0,0,0,0,0,0,0,0,0,0,0,0,0,0,0,1,0,0,0,0,0,0,155,0,0,0,0,0,0,0,0,52,14,0,0,0,3,0,74,0,0,1,0,2,0,87,117,0,0,0,0,52,14,0,1,2,0,0,63,120,1,20,161,59,101,125,203,138,138,118,108,94,88,54,81,73,70,60,53,43,33,18,5,0,0,0,41,11,0,0,0,0,0,0,0,0,0,0,0,0,0,0,0,0,155,0,0,0,0,0,0,0,0,0,0,131,0,0,74,0,0,0,0,0,0,0,0,0,0,0,0,0,0,0,0,0
0,0,0,0,0,0,0,0,0,0,0,0,0,0,0,0,0,0,0,0,0,0,0,0,0,0,0,0,0,0,1,0,0,0,0,0,199,24,0,0,0,71,0,0,0,0,0,0,0,0,0,0,0,0,0,0,0,8,27,40,50,72,70,79,87,102,112,121,131,135,131,134,199,158,152,106,65,85,54,53,13,21,6,0,0,66,18,0,0,0,0,0,0,0,0,0,0,0,0,0,3,0,0,0,0,0,0,0,0,0,0,0,0,0,0,0,0,0,0,0,0,0,0,0,0,0,199,0,0,0,0,0,0,0,0,66,18,0,0,60,0,2,0,0,0,0,71,0,0,0,172,0,0,6,24,66,18,0,0,0,0,0,0,0,31,46,217,75,112,124,212,133,96,105,96,84,76,81,75,72,66,56,46,33,21,7,0,1,0,0,0,0,0,0,0,1,0,0,0,0,0,0,0,0,0,0,0,0,199,0,0,0,0,0,0,0,0,0,0,160,0,2,0,0,0,0,0,0,0,0,0,0,0,0,0,0,0,0,0,0
0,0,0,0,0,0,0,0,0,0,0,0,0,0,0,0,0,0,0,1,0,0,0,0,0,0,0,0,0,2,0,0,0,0,0,0,0,142,0,0,0,234,0,0,0,1,0,0,0,0,0,0,0,0,0,0,0,1,20,35,50,61,67,74,82,94,101,108,112,116,124,135,154,163,164,165,6,128,92,91,12,60,32,8,0,0,0,0,0,0,0,0,0,0,0,0,0,1,0,0,0,0,0,0,0,0,0,0,0,0,0,0,0,0,0,0,0,0,0,0,0,0,0,0,0,0,0,0,0,0,0,0,0,0,0,0,0,0,0,199,0,0,0,0,0,0,234,0,0,0,0,0,0,21,78,0,0,0,0,0,0,2,16,37,55,72,82,98,112,126,126,123,39,96,90,79,73,70,70,66,61,50,37,24,12,0,0,0,2,0,0,0,0,0,2,0,0,0,0,0,0,0,0,0,0,0,0,0,0,0,0,0,0,0,0,0,0,0,0,0,0,0,0,0,0,0,0,0,0,0,0,0,0,0,0,0,0,0,0,0
0,0,0,0,0,0,0,0,0,3,0,0,0,0,0,0,0,0,18,71,0,0,0,0,0,0,0,0,0,173,0,0,0,0,0,0,0,40,0,0,0,64,0,0,0,68,18,0,0,0,1,0,2,0,0,0,0,0,24,91,44,54,62,70,77,80,90,104,12,8,124,130,149,164,171,177,127,185,206,111,91,92,65,37,19,2,0,0,0,0,0,0,0,0,0,0,0,123,0,0,0,0,0,0,0,0,0,2,0,1,0,0,0,0,0,0,0,0,0,0,0,0,0,0,0,0,0,1,0,0,0,0,0,0,0,0,0,2,0,55,0,0,0,0,0,0,62,0,2,1,0,0,0,6,21,0,0,0,0,11,0,26,35,50,79,87,86,100,107,124,33,103,74,89,84,77,71,66,64,60,53,41,27,12,2,0,0,0,203,0,0,0,0,0,173,0,0,0,0,0,0,0,0,0,0,0,0,1,0,0,0,0,0,0,0,0,0,0,0,165,0,0,0,0,0,0,0,0,0,0,0,0,0,0,0,0,0,0,0,0
0,0,0,0,0,0,0,0,0,0,110,0,0,0,0,43,12,0,13,35,110,0,0,0,0,0,0,0,0,126,0,0,0,0,0,0,0,0,1,0,1,0,2,0,0,49,13,0,0,0,0,129,0,0,0,0,0,0,13,61,27,41,53,63,71,108,92,92,23,16,108,120,142,160,170,180,191,193,211,141,147,120,102,76,64,32,14,2,0,0,0,0,0,0,0,0,0,90,0,0,1,0,2,0,0,0,1,0,129,0,0,0,0,0,0,0,0,0,0,0,0,0,0,0,0,0,0,0,0,0,0,0,0,0,0,0,129,0,0,0,4,0,2,0,0,45,0,83,0,0,0,0,0,0,0,0,0,5,16,37,34,59,114,159,97,100,97,93,93,101,35,83,87,82,80,76,70,63,57,52,24,28,12,3,0,0,0,0,148,0,0,0,0,0,126,0,0,0,0,0,0,0,2,0,0,2,0,0,0,0,0,0,0,0,0,0,0,0,0,126,0,0,0,0,0,0,0,0,0,0,0,0,0,0,2,0,0,0,0,0
0,0,0,0,0,0,0,0,0,0,183,0,0,0,0,72,20,0,0,0,183,0,0,0,0,0,0,0,0,0,3,0,0,0,0,0,0,0,0,0,0,0,0,4,15,0,0,0,0,0,0,216,0,0,0,0,0,0,0,0,10,28,42,53,64,121,92,79,93,103,88,110,133,151,162,177,181,173,160,169,164,167,132,113,75,77,49,22,7,4,0,0,0,0,0,0,1,0,0,1,0,46,0,0,0,0,0,7,216,0,0,0,0,0,0,0,0,0,0,0,0,0,0,0,0,0,0,0,0,0,0,0,0,0,0,0,216,0,0,0,0,46,0,0,0,70,66,126,0,0,0,0,0,0,2,4,7,26,50,70,84,90,168,226,110,108,100,85,76,73,81,72,73,77,76,72,66,58,48,33,62,13,1,0,0,0,0,2,0,1,0,0,0,0,0,3,0,0,0,0,0,0,0,46,37,0,0,0,0,0,0,0,0,0,0,0,0,0,0,0,3,0,0,0,0,0,0,0,0,0,0,0,0,0,0,39,0,0,0,0
0,0,0,0,0,0,0,0,1,0,12,0,0,0,0,5,1,0,0,0,12,0,0,0,0,0,0,0,0,0,0,0,0,0,0,0,0,0,0,0,0,0,0,21,77,0,0,0,0,0,0,15,0,0,1,0,0,0,0,0,4,18,32,44,56,70,75,76,90,131,84,101,125,137,152,168,179,180,179,182,178,236,149,140,21,120,81,56,39,25,5,0,0,0,0,0,0,0,0,1,0,231,0,0,0,0,0,139,15,0,0,0,0,0,0,0,0,0,0,0,0,0,0,0,0,0,0,0,0,0,0,0,0,0,0,0,15,0,0,0,0,231,0,0,0,0,233,0,0,0,0,0,0,0,15,27,37,56,79,99,109,114,127,134,123,110,100,80,64,60,62,65,70,73,72,67,60,51,39,3,197,1,0,0,0,0,0,0,0,0,0,0,0,0,0,0,0,0,0,0,0,0,0,230,185,0,0,0,0,0,0,0,0,0,0,0,0,0,0,0,0,0,0,0,0,0,0,0,0,0,0,0,0,0,0,196,0,0,0,0
0,0,0,0,0,0,0,111,0,2,0,0,0,0,0,0,0,0,2,2,0,0,0,0,0,0,0,0,0,0,0,0,0,0,0,0,0,0,0,0,0,0,0,8,30,0,0,0,0,0,1,0,0,184,0,0,0,0,0,0,0,5,19,34,47,56,66,71,77,45,85,94,60,128,140,148,172,179,187,193,192,210,170,162,113,142,113,91,75,58,34,16,8,6,4,0,0,0,0,0,152,89,0,0,0,0,0,56,0,1,0,0,0,0,0,1,0,2,0,0,0,0,0,0,0,0,0,0,0,0,0,0,0,0,0,1,0,1,0,0,0,90,0,0,0,0,89,0,1,0,0,0,1,176,38,58,70,88,110,128,137,137,133,127,127,151,33,51,56,48,53,61,67,82,113,60,52,40,27,3,75,0,0,0,0,0,0,0,0,0,0,0,0,0,0,0,0,0,2,0,0,2,0,89,72,0,0,0,0,0,0,0,0,0,0,0,0,0,17,61,0,2,0,0,0,0,0,0,0,0,1,0,2,0,0,76,0,0,0,0
0,0,0,0,0,0,0,105,0,0,0,0,0,9,23,87,0,62,0,0,0,0,0,0,0,0,0,0,0,0,34,9,0,0,0,0,0,0,0,0,0,0,0,0,0,0,0,0,0,0,0,0,0,171,0,0,0,0,0,0,0,0,7,23,36,48,57,64,64,19,82,88,54,116,120,184,160,174,188,196,198,185,184,179,187,161,144,127,113,96,72,49,36,33,31,22,5,58,0,0,147,0,2,0,0,0,2,0,0,0,0,0,0,0,0,0,103,0,0,0,0,0,0,0,0,0,0,0,0,0,0,0,0,0,0,0,0,0,0,0,1,0,2,0,0,1,0,0,0,2,10,25,37,208,77,95,107,122,140,155,161,156,140,132,123,148,27,49,47,36,45,57,63,74,101,50,40,24,0,6,0,0,0,0,0,0,0,0,0,0,0,0,0,0,0,0,0,62,0,0,2,0,65,0,0,3,0,0,0,0,0,0,0,1,0,0,0,0,16,57,0,0,62,0,0,1,0,2,0,0,0,103,0,0,3,0,0,0,0,0
0,0,0,0,0,0,0,0,1,0,0,0,0,21,50,193,0,138,0,0,0,0,0,0,0,0,0,0,0,0,76,21,0,0,0,0,0,0,0,0,0,0,15,0,0,0,0,0,0,0,0,0,2,0,6,21,0,0,2,8,0,0,0,11,22,36,46,55,59,69,75,84,100,104,105,220,148,166,182,192,195,191,188,189,188,180,166,154,142,126,104,84,76,73,72,64,32,143,2,3,0,0,0,0,0,0,0,0,0,0,0,0,0,0,0,0,227,0,0,0,0,0,0,0,0,0,0,0,0,0,0,0,0,0,0,0,0,0,0,0,0,0,0,0,0,0,1,2,6,20,45,68,91,93,117,128,139,148,161,172,172,163,148,123,114,104,115,65,36,27,37,52,56,52,45,38,25,4,25,0,0,0,0,0,0,0,0,0,0,0,0,0,0,0,0,0,0,138,0,21,0,0,138,0,0,0,0,0,0,0,0,0,15,0,0,0,0,0,0,0,0,0,138,0,0,0,24,0,0,0,0,227,0,0,0,0,0,0,0,18
0,0,0,0,0,0,0,0,0,0,0,0,0,3,8,30,0,21,0,0,0,0,0,1,0,0,0,0,0,0,12,3,0,0,0,0,1,0,0,0,0,0,135,0,0,0,0,0,0,0,2,0,0,17,49,189,0,0,20,74,0,0,0,2,10,24,36,45,53,63,73,82,95,100,110,137,137,164,174,186,188,186,187,191,193,188,178,171,163,145,129,115,107,106,107,99,78,70,25,9,0,0,0,0,0,0,0,0,0,0,0,0,0,0,0,0,35,0,0,0,0,0,0,0,0,0,0,0,0,0,0,0,0,0,0,0,0,0,0,0,0,0,0,0,0,0,10,23,36,55,79,100,120,129,138,154,161,168,174,179,176,157,191,116,106,94,233,47,30,19,31,43,48,43,35,27,5,0,222,0,0,0,0,0,0,0,0,0,0,0,0,0,0,0,0,0,0,21,0,189,0,0,21,0,0,0,0,0,0,0,0,0,135,0,0,0,0,0,0,0,0,0,21,0,0,0,222,0,0,0,0,35,0,0,0,0,0,0,0,164
0,0,0,0,0,0,0,0,0,0,0,0,0,0,0,0,0,0,1,0,0,0,97,0,0,0,0,0,0,0,0,0,0,0,0,0,0,97,0,0,0,0,70,0,0,0,0,0,0,136,0,0,0,11,26,99,0,0,11,39,0,0,0,0,0,11,22,19,45,55,67,76,49,101,111,109,130,90,160,173,176,178,183,190,194,192,187,184,179,207,149,146,142,144,145,137,119,79,58,37,26,20,19,0,5,0,0,0,1,2,4,5,0,3,0,0,0,0,0,0,0,0,0,0,0,0,0,0,0,0,0,0,0,0,0,0,0,0,0,1,2,5,5,4,9,23,43,60,79,101,118,136,148,155,202,170,180,180,181,178,173,155,159,108,96,89,155,46,24,12,20,30,36,29,20,11,0,0,116,0,0,0,0,0,0,0,0,0,0,0,0,0,0,0,0,0,0,0,0,99,0,1,0,0,0,0,0,0,0,0,0,0,70,0,0,0,0,0,0,0,0,1,0,0,0,0,116,0,0,0,1,0,2,0,0,0,0,0,0,86
0,0,0,0,0,0,0,0,0,0,0,0,0,0,0,0,0,0,0,0,0,0,118,0,26,0,0,0,0,0,0,0,0,0,0,1,0,119,0,0,0,0,0,2,0,0,0,0,0,165,0,0,0,0,0,0,0,0,0,0,0,0,0,0,64,0,8,64,27,44,55,66,35,92,92,108,118,63,140,152,160,165,174,182,188,188,187,184,183,231,160,167,169,172,172,174,150,124,96,79,64,57,47,94,24,13,10,12,20,23,25,24,62,22,69,2,9,6,5,3,1,3,0,5,4,4,4,8,7,6,5,5,6,6,0,7,9,14,19,22,23,29,29,26,34,61,82,104,115,117,152,160,166,168,220,177,186,181,182,169,162,147,116,100,87,83,54,46,17,5,8,15,19,12,7,1,0,3,0,1,0,0,0,0,0,0,0,0,0,0,0,0,0,7,26,0,0,0,0,0,3,0,0,0,0,0,0,0,0,0,0,0,0,2,0,0,0,0,0,0,0,0,0,0,0,1,0,2,0,0,0,0,0,0,0,0,0,0,0,0
0,0,0,0,0,0,0,0,0,0,0,0,0,0,0,0,0,0,0,0,0,0,0,21,78,0,0,0,0,0,0,0,0,0,0,0,6,0,0,0,0,0,0,0,0,0,0,0,0,0,1,0,0,1,2,0,0,0,0,0,0,0,0,0,198,0,0,142,4,32,43,55,68,74,66,97,99,105,119,131,143,151,163,172,178,178,178,181,178,172,176,176,179,183,184,176,168,146,123,105,94,88,68,236,52,46,42,46,52,56,58,51,167,54,209,17,38,31,26,20,14,17,26,27,25,23,24,27,29,27,26,28,30,30,34,34,42,53,57,59,59,64,63,60,69,92,120,137,135,110,172,176,171,171,175,179,180,174,159,155,147,133,113,93,80,73,61,36,10,1,0,3,4,0,0,0,6,0,0,0,0,0,0,0,0,0,0,0,0,0,0,0,0,21,78,0,0,0,0,0,0,0,0,0,0,0,0,0,0,0,0,0,0,0,0,0,0,0,0,0,0,0,0,0,0,0,0,0,0,0,0,0,0,0,0,0,0,0,0,0
0,0,0,0,0,0,0,0,0,0,0,0,0,0,0,0,0,0,0,0,0,0,0,6,19,0,0,0,0,0,0,0,0,0,0,0,208,0,0,1,0,0,0,0,0,0,0,0,0,0,1,0,0,19,69,0,0,0,0,0,0,0,0,0,49,0,0,35,1,17,30,41,59,71,78,86,88,52,100,113,125,137,150,160,163,166,168,209,165,39,241,174,181,183,201,50,175,158,131,88,120,114,106,144,88,76,72,76,80,82,89,78,119,81,113,62,66,61,56,50,46,39,146,58,56,50,54,19,52,52,52,58,59,63,187,54,76,88,91,90,90,91,92,100,136,116,219,154,165,164,179,234,164,172,189,171,167,170,26,151,127,117,102,84,73,64,51,28,4,0,0,0,0,0,0,0,208,0,0,0,0,0,0,0,0,0,0,0,0,0,1,0,2,5,19,0,0,0,0,0,0,0,0,0,0,0,0,0,0,0,0,0,0,0,0,0,0,0,0,0,0,0,0,0,0,0,0,0,0,0,1,0,2,0,0,0,0,0,0,0
0,0,0,0,0,0,0,0,0,0,0,0,0,0,0,0,0,0,0,0,0,0,0,0,0,0,0,0,0,0,0,0,0,0,0,0,142,0,136,0,0,0,0,0,0,0,0,0,0,0,0,0,0,13,47,0,0,0,0,0,0,0,0,0,0,3,0,0,0,4,12,24,42,59,73,72,53,21,83,92,105,118,130,140,149,143,147,176,146,63,206,161,169,171,182,79,166,157,142,114,132,131,131,110,118,108,105,106,106,107,110,183,109,106,84,100,99,97,91,85,82,79,154,94,92,83,84,59,82,82,85,89,93,92,161,97,112,120,122,119,116,115,118,125,150,138,212,168,178,185,178,197,155,155,167,151,145,141,40,71,111,96,87,71,58,52,39,17,0,0,0,0,0,0,0,0,142,0,0,0,0,0,0,0,0,0,0,0,0,0,0,114,0,0,0,0,0,0,0,0,0,0,0,0,0,0,0,0,0,0,0,0,0,0,0,0,0,0,0,0,0,0,0,12,48,0,0,0,0,2,0,136,0,0,0,0,0,0,0,0
0,0,0,0,0,0,0,0,0,0,17,5,0,0,0,0,0,0,5,17,0,0,0,0,0,0,0,0,0,0,0,0,0,0,0,1,0,0,212,0,0,0,0,0,0,0,0,0,0,0,0,0,0,0,0,0,0,0,0,0,0,0,0,0,0,0,0,0,0,0,0,9,23,39,51,52,96,22,67,72,85,97,108,115,100,120,120,118,124,139,113,135,146,148,144,160,144,140,141,142,143,136,132,132,131,129,127,125,120,121,116,229,104,124,117,119,123,124,118,112,109,114,109,121,117,110,106,111,109,108,111,112,115,113,79,134,134,139,136,135,129,127,131,131,128,146,149,166,166,165,160,169,135,131,125,125,117,103,109,16,90,74,70,63,66,38,24,7,4,17,0,0,0,0,0,1,0,2,0,0,0,0,0,0,0,17,1,32,0,0,0,255,0,0,0,44,0,0,0,0,0,0,0,0,0,0,0,0,0,0,0,0,0,0,0,1,0,0,0,0,0,0,0,19,65,44,0,0,0,0,34,205,0,0,0,0,0,0,0,0
0,0,0,0,0,0,0,0,0,0,78,21,0,0,0,0,0,0,21,78,0,0,0,0,0,0,0,0,0,0,0,0,0,0,0,0,0,0,10,0,0,0,0,0,0,0,0,0,0,0,0,0,0,0,0,0,0,0,0,0,0,0,0,0,0,0,0,0,1,0,0,1,5,21,32,29,235,23,51,59,67,77,86,92,18,103,96,99,100,101,70,103,121,121,120,120,119,119,119,121,160,131,121,126,131,132,132,129,121,119,118,131,53,132,123,128,133,136,133,126,123,127,132,133,127,122,120,123,125,124,123,121,122,128,133,138,139,142,138,136,128,126,131,135,129,137,141,145,144,140,130,239,105,112,105,101,92,80,70,61,60,57,53,64,102,26,11,0,21,78,0,0,0,0,0,0,0,0,0,0,0,0,0,0,0,78,7,141,0,0,0,243,0,0,0,197,0,0,0,0,0,0,0,0,0,0,0,0,1,0,0,0,0,0,0,1,0,0,0,0,0,0,0,1,0,197,0,0,0,0,197,0,0,0,0,0,0,0,0,0
0,0,0,0,0,0,0,0,0,0,28,8,0,0,0,0,2,0,8,28,0,0,0,0,0,63,17,0,0,0,0,2,0,0,0,0,0,0,0,1,0,0,0,0,0,0,0,0,17,63,0,0,0,0,0,0,0,0,2,0,0,0,0,0,0,0,0,115,0,0,0,0,0,4,10,16,94,25,36,43,49,56,63,67,41,71,69,70,71,72,57,79,90,91,89,70,84,92,93,97,112,103,87,107,118,125,126,120,111,42,153,118,89,118,117,127,134,138,136,129,128,131,135,134,127,124,124,128,131,128,92,109,117,125,133,133,133,125,225,123,119,117,125,123,208,112,116,116,113,112,102,138,92,28,82,74,64,53,46,48,18,37,31,33,40,7,2,0,8,6,3,0,0,0,0,0,0,0,0,0,0,2,0,0,0,28,2,51,0,0,0,71,0,0,0,71,0,0,0,0,0,0,0,0,0,0,0,115,0,0,0,0,0,0,160,0,0,0,0,0,0,0,0,0,0,71,0,0,0,0,62,176,0,0,0,0,0,0,0,0
0,0,0,0,0,0,0,0,0,0,0,0,0,0,0,0,0,56,0,0,0,0,0,0,0,56,15,0,8,31,0,0,56,0,0,31,8,56,0,0,0,0,0,0,0,0,0,0,15,56,0,0,0,0,0,0,0,56,0,0,0,0,0,0,0,0,0,101,0,0,0,0,0,0,0,5,0,14,17,23,23,29,35,36,45,35,36,38,38,38,75,58,54,55,52,34,47,46,58,61,58,56,111,74,86,96,97,91,82,20,118,93,95,89,96,107,116,120,119,114,111,114,117,114,106,105,108,114,115,110,75,86,93,99,105,108,106,97,185,97,94,93,76,94,171,53,78,75,70,52,59,47,64,3,50,41,33,25,21,19,0,14,10,6,0,0,0,0,0,70,0,0,0,0,0,0,0,0,0,0,0,0,56,0,0,0,0,0,0,0,1,0,2,0,3,0,0,0,0,0,0,0,0,0,0,0,0,101,0,31,0,0,0,0,142,0,0,0,0,0,0,0,0,0,3,0,0,0,0,3,0,167,0,8,31,0,0,0,0,0
0,0,0,0,0,0,0,0,0,0,0,0,0,0,0,0,0,153,0,0,0,0,0,0,0,0,0,0,23,84,0,0,153,0,0,84,23,153,0,0,0,0,0,0,0,0,0,0,0,0,0,0,0,0,0,0,0,153,0,0,0,0,0,0,0,0,0,0,1,0,0,0,0,0,0,0,0,0,4,8,4,11,15,15,16,15,15,17,17,17,96,47,31,32,28,28,28,9,35,35,38,24,166,50,59,69,70,65,56,58,48,59,63,69,76,88,95,99,100,96,93,96,97,92,84,84,89,96,96,90,82,71,71,76,80,83,81,80,69,77,72,73,24,70,65,2,52,47,41,1,25,33,36,38,27,21,15,9,4,2,1,0,0,0,0,0,0,0,0,214,0,0,0,0,0,0,0,0,0,0,0,0,153,0,0,0,0,0,0,0,0,0,0,0,0,0,0,0,0,0,0,0,0,0,0,0,0,0,24,84,0,0,0,0,0,2,0,0,0,0,0,0,0,0,0,0,0,0,0,0,1,0,2,23,84,0,0,0,0,0
